json/2015_173.ecsv
# %ECSV 1.0
# ---
# datatype:
# - {name: p1, datatype: float32}
# - {name: p3, datatype: float32}
# - {name: p5, datatype: float32}
# - {name: p7, datatype: float32}
# - {name: de1, datatype: float32}
# - {name: de4, datatype: float32}
# - {name: hrc_shield, datatype: float64}
# - {name: gp1, datatype: float64}
# - {name: gp2a, datatype: float64}
# - {name: gp2b, datatype: float64}
# - {name: gp3, datatype: float64}
# - {name: gp4, datatype: float64}
# - {name: gp5, datatype: float64}
# - {name: gp6, datatype: float64}
# - {name: gp7, datatype: float64}
# - {name: gp8a, datatype: float64}
# - {name: gp8b, datatype: float64}
# - {name: gp8c, datatype: float64}
# - {name: gp9, datatype: float64}
# - {name: gp10, datatype: float64}
# - {name: 2shldart, datatype: float64}
# - {name: times, datatype: float64}
# - {name: fi_rate, datatype: float64}
# meta: !!omap
# - comments: [idx = 553]
# - __serialized_columns__:
#     times:
#       __class__: cxotime.cxotime.CxoTime
#       format: secs
#       in_subfmt: '*'
#       out_subfmt: '*'
#       precision: 3
#       scale: utc
#       value: !astropy.table.SerializedColumn {name: times}
# schema: astropy-2.0
p1 p3 p5 p7 de1 de4 hrc_shield gp1 gp2a gp2b gp3 gp4 gp5 gp6 gp7 gp8a gp8b gp8c gp9 gp10 2shldart times fi_rate
[from data line 868]
78827.33 34112.15 9371.755 1313.1398 27357.145 184.43877 17.587745779071355 1173.2070141102529 nan nan 2.919465497648291 0.17041204741312033 0.011316083130781716 0.004246481896524813 0.0017344315634961378 nan nan nan 0.0008981894788346208 0.00029998444553175325 13.945113182067871 551498151.1489294 3.6757999999999997
80006.67 34608.645 9440.983 1384.9021 28847.621 195.86734 16.23571768442528 1051.9980243190146 nan nan 2.8019980243190146 0.1473996048638029 0.010809990121595073 0.003532487651993841 0.0017101665020265845 nan nan nan 0.0006817462955981523 0.00024593241134887345 13.945113182067871 551498462.1889393 3.7918000000000003
79005.336 34696.26 9484.251 1393.5248 28638.096 185.81631 18.024955197794416 920.0932576071104 nan nan 3.0061715321189104 0.15455670371903177 0.012375820202856278 0.0034557685354998486 0.0017193955050714069 nan nan nan 0.00089663265341882 0.0002465112373214826 13.945113182067871 551498773.2289492 3.5982
78382.29 34696.26 9717.8955 1423.2866 28852.383 203.16327 16.29932593119836 873.4942060244038 nan nan 2.818291504107548 0.13425289698779813 0.011256949863081733 0.003277335934279232 0.0016974034822006255 nan nan nan 0.0006150762824992945 0.00032 13.945113182067871 551499084.2689592 3.8209
78604.805 34813.082 9614.054 1348.4646 27157.143 183.97958 17.82153335171121 831.062501028056 nan nan 2.7562500370100143 0.15275000246733428 0.012106250102805595 0.0037712499547655383 0.0018237499958877763 nan nan nan 0.0010337813006831582 0.00032178124804669374 13.945113182067871 551499395.3089691 3.822
78460.17 34491.82 9536.172 1367.3788 27419.049 180.56122 16.48628450385533 822.3830098242962 nan nan 2.415956306442472 0.13087233005856794 0.011225533988286416 0.004043606757982246 0.0018663834970716038 nan nan nan 0.0006215985541280923 0.00033172281333837176 13.419333027852305 551499705.4849821 3.7937000000000003
78827.33 35280.37 9839.045 1421.6178 27561.906 185.30612 16.033543505418695 822.3684804196107 nan nan 2.3167106005245133 0.13361833942303525 0.011044744856647448 0.0032079598955416363 0.0018294097128505784 nan nan nan 0.0009027358328666177 0.0002759146109703498 13.945113182067871 551500016.5249921 3.6113
76657.766 35893.69 10349.603 1500.6119 27004.762 175.86734 14.995517178095012 816.4469902756449 nan nan 2.340254001489972 0.1530063500372493 0.00951372721013181 0.003521079506332382 0.0014683048017879667 nan nan nan 0.0011481143006704874 0.0002600952505587396 13.55538459825408 551500327.5650021 3.6243000000000003
80062.305 35484.812 9856.352 1428.8496 27761.906 185.30612 16.685062257608323 847.6664902795684 nan nan 2.56189821038397 0.157 0.010885684047926015 0.0039024124500770664 0.0016242894940092481 nan nan nan 0.0011231054937450929 0.00029309808548696683 13.623410387276788 551500638.605012 3.718
78749.445 35251.168 9916.927 1467.5122 28314.287 180.86734 17.08944428564081 856.5733109564993 nan nan 2.7077746860203944 0.14682980727765577 0.0118 0.0030791889345811296 0.0015567279125080682 nan nan nan 0.0008253691533109593 0.0002485053811101076 13.691436165506675 551500949.645022 3.7444
78738.32 34754.67 9769.816 1344.0143 26347.621 164.08163 16.29912435282511 876.5967836074803 nan nan 2.5918169074271655 0.12966177328917325 0.011238993809015746 0.003600768661539371 0.0016768832989389763 nan nan nan 0.0007454870916970468 0.0003402348039521653 13.945113182067871 551501260.6850319 3.7931
82231.86 35514.016 9813.084 1412.717 28080.955 203.5204 15.580376925881751 938.3317153433978 nan nan 2.6121223888411653 0.14437906734977674 0.010069694027897088 0.004034847013948544 0.0016769694027897086 nan nan nan 0.0006384788766310865 0.00034699805841207737 13.827487754344913 551501571.7250419 3.8457
78437.914 34696.26 9804.431 1460.0023 27900.002 203.5204 15.76766197657685 1033.1162103359827 nan nan 2.486798667269388 0.13392635086133192 0.010508216137813104 0.0039574500362614395 0.0017169689120586466 nan nan nan 0.0008163142112400645 0.00038946447053389907 13.945113182067871 551501882.7650518 3.7549
78860.7 35105.137 9899.619 1416.333 27347.621 183.97958 16.439348559650313 1048.8964896745242 nan nan 2.483958955757569 0.13742207020650954 0.011253242123905709 0.0034556543657688153 0.00176 nan nan nan 0.0006969931592929282 0.0003119806660763192 12.967460826698685 551502193.8050618 3.7297000000000002
77992.88 35046.727 9830.392 1332.332 25376.191 163.87755 16.985555828058615 1047.5322143941735 nan nan 2.6032903808077688 0.13019920592165088 0.011875322143941734 0.003607700775888323 0.0016131615232310755 nan nan nan 0.0006812428081688371 0.000301 13.945113182067871 551502504.8450718 3.7532
79984.43 35718.457 9977.501 1415.7766 26652.383 176.17346 15.282172936622166 1065.1298918129046 nan nan 2.535216486354841 0.12992206491225725 0.010147925070180834 0.00392764113352906 0.0015738309736838588 nan nan nan 0.0006548008325535463 0.00029158226481483957 13.945113182067871 551502815.8850818 3.752
79728.52 36098.13 9830.392 1435.8033 26909.523 181.58163 16.15698591771479 1008.4673161381872 nan nan 2.4780517816447594 0.1368701187763173 0.011116379555984681 0.003135452021612185 0.0017632470305920676 nan nan nan 0.0006535063659276488 0.00029211693581249285 13.171538179286104 551503126.9250917 3.7238
81642.19 36098.13 9813.084 1375.7233 26200.002 179.33673 17.5565257181723 1016.4030864472413 nan nan 2.4044583728746245 0.1344307296609328 0.012433751186238727 0.0033077338560205567 0.0017872291864373122 nan nan nan 0.0008380758627423254 0.0002901838635577233 13.945113182067871 551503437.9651017 3.6896
81052.516 35660.047 9709.242 1349.2991 25057.143 164.59184 15.974657955211548 1098.4856297743436 nan nan 2.460910555826894 0.13521214074435858 0.01067271555338485 0.00396606392654096 0.0018972747781576516 nan nan nan 0.0006927830250268912 0.0002480600591579596 13.945113182067871 551503749.0051117 3.5747000000000004
80195.81 36214.953 9873.659 1358.7561 25852.383 172.39795 18.271540483622857 1130.0 nan nan 2.577858334325042 0.1257140738977703 0.013221490792529973 0.0035342740643773667 0.0016907083283747898 nan nan nan 0.0009296517666750366 0.00033464509445480114 13.945113182067871 551504060.0451144 3.6585
80162.44 36273.363 9890.966 1352.0806 25857.145 160.7653 17.817828996645453 1116.4065917177122 nan nan 2.4808626213182654 0.12475769289880075 0.012793021716245388 0.0035870220236217712 0.0015639835207057196 nan nan nan 0.0008043373172064575 0.00024139448641014757 13.945113182067871 551504371.0851244 3.7361000000000004
80852.25 36010.51 9830.392 1414.6641 27009.525 177.39795 16.4204412687931 1095.6705910489325 nan nan 2.133411820978651 0.13559764537064048 0.011226823641957302 0.0035880470925871905 0.0015083529552446628 nan nan nan 0.0007939223211470623 0.00019622587700702816 13.51166799324211 551504682.1251343 3.6992000000000003
78916.336 35747.66 9865.006 1371.551 25223.81 169.18367 17.58496543439455 1082.4672951807188 nan nan 2.3966352409640574 0.12619440180722205 0.01250654096385623 0.003678186801204904 0.0017511773734941213 nan nan nan 0.0006877608710842461 0.00026349528614460864 13.945113182067871 551504993.1651443 3.6776999999999997
79561.63 36360.98 10150.571 1397.4188 24857.145 178.06122 17.672429261050148 1064.198589709363 nan nan 2.3935887176749047 0.10777873073842677 0.013 0.003674695063982771 0.0018795035257265923 nan nan nan 0.0005964468268460669 0.000282 13.64771955680682 551505304.2051543 3.7272000000000003
79784.16 36623.83 10176.532 1427.4589 25685.715 175.66327 15.937303755935126 1134.4183493371156 nan nan 2.4261496438552137 0.12467176370475433 0.011015510684343584 0.0035773129451809826 0.001675013657470555 nan nan nan 0.0005497908253314422 0.00020427416847012373 13.945113182067871 551505615.2451643 3.7127
78816.2 36273.363 10064.036 1478.9164 26257.145 179.43877 14.837363499378016 1141.3632941945036 nan nan 2.2413557664735846 0.13072734116109927 0.009770876242672352 0.0037586442335264154 0.0016127265883890075 nan nan nan 0.0006983243750794835 0.00020440974103044302 13.783771122717074 551505926.2851743 3.7799
79105.48 36857.477 10306.335 1457.2208 26009.525 172.55101 15.60859046700969 1167.0141184306258 nan nan 2.21 0.1228957644708123 0.010684545912650861 0.0037359717631387486 0.0017990988290143798 nan nan nan 0.0008445635329378156 0.0003429710627674826 12.949034690856934 551506237.3251842 4.0771
79005.336 36536.215 10289.027 1463.0619 25395.24 159.7449 17.050696590941776 1216.8635323271246 nan nan 2.4255722487047735 0.11450183482766006 0.01211217890515949 0.004076790139220723 0.0016138004577606517 nan nan nan 0.0004774681175037478 0.00021647213237208356 12.949034690856934 551506548.3651941 3.9415
78805.07 36448.598 10237.106 1434.4126 25571.43 163.62245 15.371316927964976 1395.332722493277 nan nan 2.5568884816621846 0.1120518586389636 0.010836301047274512 0.003369446989611345 0.0018337769633243696 nan nan nan 0.0007598063350437532 0.00018849265707015408 12.99177001008815 551506859.405204 4.0296
79706.28 36507.008 9968.848 1281.4309 23328.574 141.63264 16.144987619836247 1670.5119071527417 nan nan 2.4259047427780667 0.11407500502075753 0.011312619573603168 0.003942595156806783 0.0016312619573603168 nan nan nan 0.0007610380627227132 0.0002250273764097908 12.949034690856934 551507182.5412148 4.0269
79828.664 36390.184 9960.194 1206.887 22604.764 144.64285 18.450681147164236 1671.200925061545 nan nan 2.341200925061545 0.1329441110073854 0.013206420351353988 0.003599762127641553 0.0018241616651107808 nan nan nan 0.0006518859093609086 0.00022028660315706722 12.949034690856934 551507493.5812248 3.7851
81074.766 37996.492 10444.791 1377.6703 23980.953 161.7347 16.12917142154617 1565.0251059710681 nan nan 2.2562395391787216 0.12100167373140454 0.011324790783574434 0.0034536432996229607 0.001648768829478301 nan nan nan 0.0008807119226105468 0.000358 12.949034690856934 551507804.6212348 3.7127999999999997
79706.28 37441.586 10462.098 1317.312 23009.525 151.2755 16.756234907471875 1448.6886429140477 nan nan 2.266065928742143 0.1182013612033537 0.011786327512285175 0.003980795407756802 0.0016023181631027207 nan nan nan 0.0009960472981802998 0.00033974023784696277 12.949034690856934 551508115.6612446 3.7611000000000003
80040.055 37324.766 10323.642 1382.677 24623.81 162.29591 15.19834106303763 1352.3057386529774 nan nan 2.119758627379228 0.13365149282576463 0.00983045521522706 0.004346434470717389 0.0017402413726207717 nan nan nan 0.000785855176427537 0.00023746114773059548 13.039429205612128 551508426.7012546 3.7515
80930.13 37470.793 10237.106 1341.5109 24766.666 153.92857 15.90025266723386 1176.480911832238 nan nan 2.214129003015462 0.10729442735496714 0.011211496292361813 0.003995941197443756 0.001631759544083881 nan nan nan 0.0009431390991672986 0.0002512158857553926 12.949034690856934 551508737.7412646 3.8851
80507.34 37383.176 10280.374 1343.1798 24261.906 156.42857 17.44194857195287 1060.5613172784954 nan nan 2.1218402725403784 0.11533565478218741 0.012656018169358556 0.00356 0.0017352778196769731 nan nan nan 0.001158530053137517 0.00036943285395985216 12.949034690856934 551509048.7812746 3.702
80874.5 37441.586 10211.1455 1345.127 24552.383 160.66325 16.741650769441584 939.8692435362889 nan nan 2.1895493749893107 0.13157473491515695 0.011694065517182403 0.003390164978468549 0.0018575055387993699 nan nan nan 0.0008822176767374815 0.00028926594396691795 12.949034690856934 551509359.8212845 3.6388
80885.625 37500.0 10219.8 1365.4318 24990.477 161.47958 16.379685515020046 899.4884911579031 nan nan 2.4002813297506793 0.10737084396675724 0.012046035818283516 0.0029654475710803895 0.001712583120664855 nan nan nan 0.0007094526841217844 0.00028904603536838763 12.949034690856934 551509669.9972975 nan
79862.04 37500.0 10228.453 1328.438 22914.287 147.24489 15.177823022919156 900.6623968805173 nan nan 2.3858440077987066 0.11037951102445881 0.010675902204891763 0.0034075203239977525 0.0016675902204891762 nan nan nan 0.0007896880155974134 0.0003101571621411301 12.949034690856934 551509981.0373075 nan
79138.85 37646.027 10254.413 1264.1857 22366.668 153.67348 15.54306876474072 980.0346150418535 nan nan 2.3050213364780205 0.11141631105869966 0.0108 0.003945277374214265 0.0016217164517820476 nan nan nan 0.0005839137007338767 0.0002475964908281125 13.522400702834183 551510292.0773175 nan
80151.31 38200.934 10488.059 1342.0673 23890.477 162.44897 15.545282979132953 1016.9544462498573 nan nan 2.229220001710391 0.112 0.010981244436842707 0.0034265644471050526 0.0016804644385530975 nan nan nan 0.0007365537658430492 0.00025137422115797893 12.949034690856934 551510603.1173275 nan
79784.16 37646.027 10323.642 1267.5234 22204.764 141.98979 16.26662431999189 893.9628869187537 nan nan 2.263284891198703 0.11787893349637901 0.01149394667481895 0.0035361662273853353 0.0017030266625905248 nan nan nan 0.0007723358136894987 0.00030061662273853356 12.949034690856934 551510914.1573373 nan
80195.81 37762.848 10297.681 1322.5968 23409.525 150.91837 16.804478819080256 804.7253764259116 nan nan 2.2288564337227466 0.12241986652681844 0.011905342231545438 0.0035298497600636685 0.0016079382273499908 nan nan nan 0.0005468080083908939 0.00032 12.949034690856934 551511225.1973473 nan
79828.664 38317.754 10687.089 1358.478 23685.717 156.98979 17.782963645948218 820.3025819248379 nan nan 2.1650808952689817 0.10871545603920257 0.01323972461989699 0.0032542030975534148 0.0017107160071776041 nan nan nan 0.0006832795183684663 0.0002878798621208508 12.949034690856934 551511536.2373573 3.3152
79494.88 37733.645 10340.948 1318.981 22928.572 152.39795 16.439846757195266 823.7900408325274 nan nan 2.0439190817642854 0.1062836724430055 0.01179875510406593 0.0038523485708615397 0.001743996887760165 nan nan nan 0.0008856843416995332 0.00036505290807719795 12.949034690856934 551511847.2773672 3.4536000000000002
79417.0 37821.26 10280.374 1296.4509 23595.238 154.74489 14.99675433056171 824.3793364058967 nan nan 2.0100822383166013 0.09093099539115508 0.010837111257423648 0.003675630967724825 0.001727257774851527 nan nan nan 0.000994 0.0003246910862379798 12.949034690856934 551512158.3173772 3.4334
79828.664 37850.465 10237.106 1283.0997 23514.287 152.09183 14.355342978349416 863.673830637526 nan nan 2.130869354819215 0.09055214515862607 0.010276741532480628 0.0035693471773592467 0.0019154342741464366 nan nan nan 0.000811370040366606 0.000364760604814179 12.949034690856934 551512469.3573872 3.3834
80752.12 38960.277 10323.642 1267.5234 21776.191 146.98979 14.133264189574295 908.8498755906819 nan nan 2.1202502073488634 0.09952462775029709 0.00983 0.00366867866029237 0.001889179074990097 nan nan nan 0.0005623792408691878 0.0002938897863136846 12.949034690856934 551512780.3973972 3.5548
81219.41 39369.156 10384.216 1196.3174 21442.857 141.12245 15.507345599710385 906.7972841987578 nan nan 2.0028235234651848 0.10548506814776071 0.011003592831997387 0.00366 0.0016979728419875776 nan nan nan 0.0005306380111082053 0.00020239185259627324 12.949034690856934 551513091.4374071 3.3716000000000004
80028.93 38405.37 9916.927 1209.6685 19704.764 124.79592 15.052239224823007 934.9410784042584 nan nan 2.142548505927068 0.09829414356458885 0.010772550887537936 0.0035501964053191387 0.0019558814423252567 nan nan nan 0.001144351147963582 0.0002915291035562407 12.949034690856934 551513402.4774171 3.3438
79038.72 38317.754 9942.887 1262.2385 21547.62 143.0102 16.350267082574057 873.3844175508693 nan nan 2.0175666009963087 0.10419322538065372 0.012078000562888781 0.0029944886887506555 0.0016540776308012627 nan nan nan 0.0007910575801412722 0.0003659822397343176 12.949034690856934 551513713.517427 3.6837
