json/2015_173.ecsv
# %ECSV 1.0
# ---
# datatype:
# - {name: p1, datatype: float32}
# - {name: p3, datatype: float32}
# - {name: p5, datatype: float32}
# - {name: p7, datatype: float32}
# - {name: de1, datatype: float32}
# - {name: de4, datatype: float32}
# - {name: hrc_shield, datatype: float64}
# - {name: gp1, datatype: float64}
# - {name: gp2a, datatype: float64}
# - {name: gp2b, datatype: float64}
# - {name: gp3, datatype: float64}
# - {name: gp4, datatype: float64}
# - {name: gp5, datatype: float64}
# - {name: gp6, datatype: float64}
# - {name: gp7, datatype: float64}
# - {name: gp8a, datatype: float64}
# - {name: gp8b, datatype: float64}
# - {name: gp8c, datatype: float64}
# - {name: gp9, datatype: float64}
# - {name: gp10, datatype: float64}
# - {name: 2shldart, datatype: float64}
# - {name: times, datatype: float64}
# - {name: fi_rate, datatype: float64}
# meta: !!omap
# - comments: [idx = 553]
# - __serialized_columns__:
#     times:
#       __class__: cxotime.cxotime.CxoTime
#       format: secs
#       in_subfmt: '*'
#       out_subfmt: '*'
#       precision: 3
#       scale: utc
#       value: !astropy.table.SerializedColumn {name: times}
# schema: astropy-2.0
p1 p3 p5 p7 de1 de4 hrc_shield gp1 gp2a gp2b gp3 gp4 gp5 gp6 gp7 gp8a gp8b gp8c gp9 gp10 2shldart times fi_rate
[from data line 1139]
40175.79 11504.088 2053.4788 246.21718 7466.667 50.83163 14.167022436570573 203.92161418725456 nan nan 0.6611377560598003 0.07144353186570383 0.010542366748942097 0.0035165753035347755 0.0014959360773850248 nan nan nan 0.0007649261665551748 0.0002899870542582031 0.99609375 551582687.5036132 nan
39741.88 11530.373 2018.8647 226.07922 6661.905 47.265305 15.146641344882362 199.4576025124054 nan nan 0.7223150479994734 0.07200767510080948 0.011571198743797301 0.0032127047285975653 0.001449152050248108 nan nan nan 0.0005345972534891742 0.0001896674122982561 0.99609375 551582998.5436232 nan
40064.53 11378.504 2002.423 242.40656 7909.5244 63.265305 14.639932334353011 192.53600977444967 nan nan 0.6142562052634433 0.0771823935244271 0.010830401466167452 0.0036051992058259634 0.0014965599144735654 nan nan nan 0.0005610798350561616 0.0002414958631577045 0.99609375 551583309.5836332 nan
40565.2 11685.163 2030.9796 234.89653 7390.4766 52.44898 13.38779277290369 191.84479881066704 nan nan 0.6293087333973542 0.07431392547093162 0.009620033379626235 0.003839823845386715 0.0016705117740267374 nan nan nan 0.0005489840535199831 0.0003432558870133687 0.99609375 551583620.6236432 nan
39775.258 11571.262 2037.037 255.78549 7847.619 56.224487 16.031530024202763 186.7104069333954 nan nan 0.7288046809767125 0.07245392150223567 0.01204953257952494 0.004159743607107595 0.0018763197688868203 nan nan nan 0.0007809132868416415 0.00025837933057894653 0.99609375 551583931.6636531 nan
40442.812 11723.13 2036.1718 258.31665 7995.239 60.5102 17.52253489324589 178.6528089865214 nan nan 0.7584495786570117 0.07891247191213074 0.013685758427358755 0.0031713932581129947 0.0013765126402896493 nan nan nan 0.0006467698033200465 0.0003313294944083736 0.99609375 551584242.7036631 nan
39652.87 11515.7705 2023.1915 244.1867 7633.334 49.22959 13.490604710812043 174.17920435760752 nan nan 0.5183346756186761 0.07825824141622245 0.009444292967672581 0.004340862561989517 0.001702527575133266 nan nan nan 0.0007619070518413441 0.0002492113024037769 0.99609375 551584553.7436731 nan
39552.74 11600.467 2033.5757 254.75633 7800.0 54.48979 17.404370623760176 174.0 nan nan 0.6458798520335517 0.07105760760970305 0.013763515180521397 0.0031302413528360995 0.0012240005284516013 nan nan nan 0.000768 0.0003005519408134207 0.99609375 551584864.7836831 nan
41088.117 11617.989 2058.671 259.81866 7747.6196 55.051018 14.287870596010727 173.0 nan nan 0.5290606557714216 0.07090496337556247 0.010560833391140898 0.0038084007671732893 0.0015779840716028404 nan nan nan 0.000691017137650231 0.00022706556215278437 0.99609375 551585175.823693 nan
39296.844 11299.648 2040.4985 269.2757 7771.4287 57.7551 12.56103710896064 172.54080693804488 nan nan 0.6567505397520468 0.0677 0.009266239603540293 0.0030754080693804484 0.0015185278711505952 nan nan nan 0.0010884758273974862 0.00026057283667252286 0.99609375 551585486.8637029 nan
38273.254 11311.331 2024.9221 275.08902 7761.905 53.316322 13.332883731681937 166.61439425780105 nan nan 0.5192656535938569 0.0676283206699232 0.010004540592961955 0.0030622235119130894 0.00164 nan nan nan 0.0005108238708005237 0.00021832007177748688 0.99609375 551585797.9037129 nan
38128.617 11095.21 2020.5955 275.72876 7776.191 53.826527 16.56725698851289 171.72160184575526 nan nan 0.4820847132495029 0.06663808239948184 0.012921601845755257 0.003525567963084895 0.0016622718523395794 nan nan nan 0.0006823900659182984 0.0001798142089643309 0.99609375 551586108.9437228 nan
37594.57 10919.976 1980.7892 248.24767 7366.667 55.459183 14.670425212888137 170.17599910948752 nan nan 0.5464560837081719 0.06498079706130885 0.011129600356204987 0.0036075197595616336 0.0017560002226281166 nan nan nan 0.0008825925636943918 0.0003479680507592106 0.99609375 551586419.9837328 nan
38284.38 11305.49 2011.9419 256.45303 7333.3335 57.85714 14.571857103702323 169.51040599801888 nan nan 0.4749583760079244 0.0644867329385836 0.010970239314512126 0.003815104059980189 0.0015308480771173856 nan nan nan 0.0004090926063496757 0.0002769536968251621 0.99609375 551586731.0237428 nan
37249.664 10955.023 1959.1554 253.03183 7128.572 54.48979 14.141997622136497 161.0048098921814 nan nan 0.5252047068486251 0.05227552107165299 0.010913602266958238 0.003600256527583008 0.0014924478928347014 nan nan nan 0.0006209454878886107 0.00023043185986076342 11.952956199645996 551587042.0637528 nan
35914.55 10598.714 1909.8304 232.69917 6728.572 51.53061 12.002880565834737 152.28639920927174 nan nan 0.618019177859609 0.056369266004109964 0.008961695691615982 0.003148639920927175 0.0015527681027946727 nan nan nan 0.0007101120355827713 0.0003794799406953812 11.952956199645996 551587353.1037627 nan
36715.62 10721.378 1914.1571 231.30843 6333.3335 46.92347 13.487142903646792 153.0 nan nan 0.6076192734731192 0.06622048672200878 0.010067389999029947 0.0033719036326344044 0.0014890879296533964 nan nan nan 0.000678 0.00040261927347311915 11.952956199645996 551587664.1437656 nan
35313.75 10405.957 1869.1589 220.82222 6238.0957 48.520405 15.151875312919046 154.07999775400162 nan nan 0.5339200209626516 0.0618399970053355 0.011512000598932901 0.003995999363633792 0.001467200172193209 nan nan nan 0.0008875195642763143 0.000339 11.952956199645996 551587975.1837754 nan
34190.03 10119.742 1832.8142 237.62239 7095.2383 58.82653 14.765335214758682 154.4128028634491 nan nan 0.5644095126648025 0.05892416987889939 0.011238079570482635 0.0039209931167451485 0.0013279359856827545 nan nan nan 0.0009929540817753108 0.00029416168089243703 11.952956199645996 551588286.2237854 nan
35758.79 10365.069 1873.4857 249.0543 6990.4766 56.58163 14.747913745017097 151.13856134311982 nan nan 0.5652084334936243 0.05370117916476867 0.0116 0.0032125884373576503 0.001404607899266014 nan nan nan 0.0007231073077870694 0.0002664876168733688 12.069790052262977 551588596.3997984 0.0
35491.766 10236.564 1870.0243 223.88184 6204.762 44.10714 14.560461800935004 149.0649612763743 nan nan 0.5919575921567787 0.06364399202266058 0.010945472893462014 0.0039033658766865344 0.00155077751703567 nan nan nan 0.0008609232574368439 0.0002933513963766678 11.952956199645996 551588907.4398084 0.0
35580.773 10376.752 1869.1589 236.8992 6719.048 48.877552 13.587416067905503 145.82144241000927 nan nan 0.6345095478479144 0.06490806996477291 0.009998483422925857 0.003893395694051898 0.0015709824542252083 nan nan nan 0.0007884912271126042 0.00021180389663521756 12.949034690856934 551589230.5758191 0.0
33822.875 10090.537 1833.6794 232.11504 6790.4766 49.908165 13.225659183873475 146.3257577200821 nan nan 0.5204393919188507 0.05621363610385223 0.010045132589107594 0.0033630113538944584 0.0015823295487018471 nan nan nan 0.0005842651401135145 0.0002347026555923192 12.949034690856934 551589541.615829 0.0
33778.37 10029.205 1818.1033 236.25948 6738.095 49.40816 14.133475004021294 146.14528161020698 nan nan 0.4741251398592195 0.056476669155300994 0.010818239463264339 0.0035838493101627423 0.0016138176053673567 nan nan nan 0.0005917221186977403 0.00021213894065112983 12.949034690856934 551589852.655839 0.0
34034.266 10078.8545 1813.7765 230.75212 6619.048 52.142853 15.331895736460682 145.0 nan nan 0.502577567259409 0.05162208528886471 0.011986047395558318 0.00379 0.001668953554666874 nan nan nan 0.0006183914058368274 0.0002803567143707619 12.949034690856934 551590163.695849 0.0
34390.3 10043.808 1805.1229 211.00357 6047.619 50.821426 14.949595248825526 144.30816047017427 nan nan 0.4800304305613283 0.052081853225971746 0.011708160470174282 0.0035340193739644837 0.0016100608611226564 nan nan nan 0.0007433557337406124 0.0002476771820630051 11.952956199645996 551590474.7358589 0.0
33311.082 9693.341 1728.972 224.07655 6595.239 55.102043 13.635577342738827 146.18591868736038 nan nan 0.4053520328159904 0.057688925724758 0.010525632525055848 0.003026534636275131 0.0017230143081152268 nan nan nan 0.0005171723376438948 0.00030318042224385686 11.952956199645996 551590785.7758689 0.0
34301.29 10075.935 1800.7963 222.63019 6600.0 49.586735 14.847883916097564 147.76543959598973 nan nan 0.4707292347508504 0.05710985705042669 0.011577791272781524 0.0033239549656740464 0.001565676913122874 nan nan nan 0.0006488789123327564 0.00032445664767619505 12.949034690856934 551591096.8158789 0.0
34112.152 9926.985 1781.7584 246.6344 7138.095 56.122448 14.252768247249112 144.79104147846425 nan nan 0.497 0.05337126544150265 0.011197760369616063 0.0030508577885041926 0.001716604700203663 nan nan nan 0.0006138954102677846 0.00028951489404541045 11.952956199645996 551591407.8558888 0.0
33956.387 9944.509 1818.9685 249.08212 7180.9526 53.77551 12.109695254194634 140.64384134851633 nan nan 0.3786954075352008 0.0536907515617322 0.009028256792253346 0.0034030814179502947 0.0016105824640545259 nan nan nan 0.0005492432151708087 0.00031388350718909486 12.949034690856934 551591718.8958988 0.0
35436.137 10268.691 1870.0243 263.4624 7652.3813 51.63265 12.506731737747861 138.24832060674692 nan nan 0.38139935120216956 0.05959295802807248 0.009341913360334964 0.003218489694045774 0.0016588255726963882 nan nan nan 0.0006611141987412089 0.0003366409542359042 11.952956199645996 551592029.9359088 0.0
35336.004 10227.804 1878.6779 232.1985 6771.429 48.459183 14.130613048828966 137.08736027150866 nan nan 0.39321375755642207 0.04963085120380221 0.011046245922144756 0.003371654342983181 0.0016608736027150866 nan nan nan 0.00030655563050402526 0.0003216598451586646 11.952956199645996 551592340.9759187 0.0
34679.574 10008.762 1822.43 260.2915 7438.0957 61.32653 12.71773576491649 133.20224095042724 nan nan 0.4832473376649597 0.04176403371076905 0.009899267525521333 0.0033235392166324766 0.0016315168071282043 nan nan nan 0.00035644957861538694 0.0002658819335435883 11.952956199645996 551592652.0159286 0.0
34913.215 10122.663 1812.9111 241.09926 6690.4766 48.52551 11.632345333463885 136.9449591796041 nan nan 0.46038528574277143 0.03883577653325734 0.009060732959977204 0.0029846784697336527 0.001777935969235153 nan nan nan 0.0008067803872952618 0.00020777057148554278 12.949034690856934 551592963.0559386 0.0
37438.81 10660.046 1854.448 231.41966 6476.191 45.321426 15.603748366128842 131.11519914454396 nan nan 0.5804793712920197 0.04545206287079804 0.012322816573155542 0.003946867297521988 0.001513916770914495 nan nan nan 0.0007271471692035828 0.0001703132702478012 11.952956199645996 551593274.0959486 0.0
35235.87 9816.004 1780.8931 232.9495 6909.5244 49.311222 12.408565249904502 136.1795195831295 nan nan 0.5070240208435249 0.05225305518015469 0.009334239339955044 0.003428297511067627 0.001674614412506115 nan nan nan 0.0008787050164164742 0.00023389886165769804 12.684943869642167 551593585.1359586 0.0
33066.312 9386.682 1697.8193 207.08167 5857.143 44.790817 17.248185005391026 138.51680052421506 nan nan 0.37237823308036117 0.056727297163757434 0.013606720209686025 0.004013571217823312 0.0015716384199201724 nan nan nan 0.0005231894115875436 0.00035616384199201723 11.756891155823569 551593896.1759685 0.0
41143.746 10478.971 1880.4086 244.21452 6976.1904 49.32143 14.764357025043687 134.533759717305 nan nan 0.4257283233216663 0.04748729558302486 0.01153712333922729 0.0037972832332166633 0.0014507071731439743 nan nan nan 0.0007740047968196812 0.00033646464134280126 11.952956199645996 551594207.2159785 0.0
38039.61 10470.21 1889.9272 246.74567 7038.095 47.18367 13.093984836874561 138.34047992335994 nan nan 0.39930015678111724 0.05392787170110375 0.009961084770493575 0.00339 0.001774892801149601 nan nan nan 0.000797678403448803 0.0003039974436020831 11.952956199645996 551594518.2559885 0.0
39786.383 11594.626 2025.7876 256.09146 7200.0005 54.540817 13.944764249432554 139.58592000931193 nan nan 0.45740576026073404 0.05661116808520417 0.010724223997206421 0.0033465216009777527 0.00175 nan nan nan 0.000788631678524059 0.0002336604798277293 11.952956199645996 551594829.2959985 0.0
49755.23 13472.546 2143.4753 242.3509 8109.5244 52.2449 13.970730742044768 138.24384002744662 nan nan 0.4105615997255338 0.04400195221408363 0.011053695983532029 0.003279974411253114 0.0017451231994510675 nan nan nan 0.0009846483137696174 0.00029981984414443957 12.872996581438866 551595140.3360083 0.0
38061.86 10438.083 1762.7207 224.49377 7271.429 48.16837 12.61540875273774 138.71935993892401 nan nan 0.445096009161396 0.048075839603006175 0.009556018972797379 0.003609644804275318 0.0017468384036645583 nan nan nan 0.0007622041489452488 0.00035590750735727347 11.952956199645996 551595451.3760183 0.0
37182.914 10251.168 1781.7584 222.35204 6590.4766 48.714287 10.546325249708751 136.095359435952 nan nan 0.5352233547355519 0.0444475523102264 0.007756134659462082 0.003390175920093199 0.0017328607830785598 nan nan nan 0.0007037414612458082 0.00023683936883675207 11.952956199645996 551595762.4160283 0.0
35758.79 10020.443 1754.0671 233.19981 6785.7144 50.91837 12.268047467159944 128.81183885358354 nan nan 0.4704319904465294 0.04599151974524078 0.009498303949048156 0.003001289668784988 0.0016985600318449021 nan nan nan 0.0009061766573236267 0.00030773056242021254 11.952956199645996 551596073.4560382 0.0
28793.947 8387.851 1502.25 205.35715 6571.429 55.357143 13.552382594263213 125.34624096103211 nan nan 0.4329491244848165 0.051386786738941495 0.010475686906143575 0.003326537590389679 0.0017348671487449545 nan nan nan 0.0008704313093856425 0.0002906719879870987 11.952956199645996 551596384.4960482 0.0
24310.191 7488.3174 1394.081 185.99802 5800.0005 48.372448 14.4389533761934 130.71136077766977 nan nan 0.40208189822524615 0.056152509433689726 0.01121916106340785 0.0033028352058325234 0.0015613920097208723 nan nan nan 0.0007550112349951402 0.00027708801458130837 11.952956199645996 551596695.5360582 0.0
24766.355 7573.013 1393.2157 198.82066 6214.286 48.520405 14.276555820425358 134.85856091118825 nan nan 0.3770297791349533 0.055012035143599466 0.011108263119838719 0.0032549503681084113 0.001552828781776235 nan nan nan 0.0007111736880161281 0.00032 11.952956199645996 551597006.5760682 0.0
23965.287 7336.448 1357.7362 193.4524 6104.762 48.16837 14.619666175599626 140.0086415648529 nan nan 0.37486461548397115 0.05878963012217651 0.01139596726973531 0.003129855973919118 0.0014648703765272064 nan nan nan 0.0006553254989427928 0.0002633372505286036 11.952956199645996 551597317.6160781 0.0
23420.115 7196.261 1352.5442 196.818 6366.667 47.989796 12.213051797151373 139.7705582394951 nan nan 0.36352385936555404 0.052724094650279565 0.009273375603886394 0.0030638527911974753 0.0015007360440126229 nan nan nan 0.0005979160672800747 0.000207 11.577122115554086 551597628.656088 nan
23052.959 7169.976 1341.2946 184.35692 5671.4287 41.290817 12.580566715512193 134.71135874884237 nan nan 0.3510879765407944 0.04648044574791626 0.009651280547381465 0.0033589665689062807 0.001507062365593165 nan nan nan 0.0005549888563020935 0.00019612895405700124 11.159732857379403 551597938.8320938 nan
23064.086 7067.757 1330.045 171.97931 5690.4766 41.32653 13.263158928928995 131.78207930820616 nan nan 0.34762113625715485 0.04455702465720413 0.010278207930820618 0.003529103965410309 0.0015026272242127836 nan nan nan 0.000632 0.00031405479160066064 11.952956199645996 551598249.8721038 nan
22908.322 7003.5044 1318.7954 171.06142 5561.9053 44.97449 12.328441248101123 130.35423962064922 nan nan 0.4447827662807963 0.04743100925185761 0.009457375563746593 0.003180035017911621 0.001659152075870158 nan nan nan 0.0006617049774501363 0.00034656797154869077 11.952956199645996 551598560.9121138 nan
22374.277 6839.9526 1281.5854 191.92258 6033.3335 49.051018 15.490933692180649 130.68256041207007 nan nan 0.513254735246593 0.046825342928617786 0.012292161957332895 0.003658432391466579 0.001600313521706684 nan nan nan 0.0006466022210447762 0.00022990202560674902 11.951733984489035 551598871.9521238 nan
