json/2015_173.ecsv
# %ECSV 1.0
# ---
# datatype:
# - {name: p1, datatype: float32}
# - {name: p3, datatype: float32}
# - {name: p5, datatype: float32}
# - {name: p7, datatype: float32}
# - {name: de1, datatype: float32}
# - {name: de4, datatype: float32}
# - {name: hrc_shield, datatype: float64}
# - {name: gp1, datatype: float64}
# - {name: gp2a, datatype: float64}
# - {name: gp2b, datatype: float64}
# - {name: gp3, datatype: float64}
# - {name: gp4, datatype: float64}
# - {name: gp5, datatype: float64}
# - {name: gp6, datatype: float64}
# - {name: gp7, datatype: float64}
# - {name: gp8a, datatype: float64}
# - {name: gp8b, datatype: float64}
# - {name: gp8c, datatype: float64}
# - {name: gp9, datatype: float64}
# - {name: gp10, datatype: float64}
# - {name: 2shldart, datatype: float64}
# - {name: times, datatype: float64}
# - {name: fi_rate, datatype: float64}
# meta: !!omap
# - comments: [idx = 553]
# - __serialized_columns__:
#     times:
#       __class__: cxotime.cxotime.CxoTime
#       format: secs
#       in_subfmt: '*'
#       out_subfmt: '*'
#       precision: 3
#       scale: utc
#       value: !astropy.table.SerializedColumn {name: times}
# schema: astropy-2.0
p1 p3 p5 p7 de1 de4 hrc_shield gp1 gp2a gp2b gp3 gp4 gp5 gp6 gp7 gp8a gp8b gp8c gp9 gp10 2shldart times fi_rate
[from data line 379]
182131.73 45677.566 12062.998 3271.028 145523.81 867.8571 72.92577214086427 1697.4581454167264 nan nan 23.85083709166547 1.9443645363541815 0.02442876691249462 0.0040704338356261655 0.0018488964910414575 nan nan nan 0.0008216385216045043 0.00033497335827069286 0.99609375 551345598.1200905 nan
166332.89 41296.727 11959.155 3610.3694 158142.88 896.4285 74.03843594166369 1790.9880502569818 nan nan 24.06255513573183 2.0209880502569817 0.023630459537787685 0.004476872243213408 0.0016990119497430182 nan nan nan 0.0010961818908661422 0.0003089754590976531 0.99609375 551345909.1601003 nan
168891.86 41559.58 11552.44 3415.6655 155095.25 886.2245 75.61681283318563 1890.40214805635 nan nan 25.310053701408748 2.0846983889577375 0.023775871116619007 0.004302285500619639 0.0018240214805634986 nan nan nan 0.0010549584120336838 0.0002910549520675778 0.99609375 551346220.2001103 nan
172340.9 43019.86 11664.937 3362.8171 155952.39 878.57135 73.06759708078125 1886.5130505206032 nan nan 25.27154363671357 2.040641313150754 0.022365130505206034 0.004228717373698492 0.001961282626301508 nan nan nan 0.0008844228181643214 0.0003001943312765825 0.99609375 551346543.3361211 nan
166777.92 41209.11 11405.331 3346.1282 152380.95 873.97955 78.13904108376116 1907.4384262144076 nan nan 25.274384262144075 2.113596065536019 0.025631855736320697 0.0040141707542015485 0.001895041049190395 nan nan nan 0.000903 0.0003034334950963128 0.99609375 551346854.376131 nan
165109.03 40274.53 11422.638 3446.2617 150000.0 866.3265 82.68676245233414 1903.5690478693891 nan nan 26.49116070489791 2.295547022620402 0.025783755970530703 0.004329149400318345 0.0018469613098367362 nan nan nan 0.000813795536559188 0.00026944529773795977 0.99609375 551347165.416141 nan
161993.77 40508.176 11673.59 3524.1433 140619.05 832.653 81.90235694196697 1924.8786918202072 nan nan 27.069757383640415 2.2693154012674612 0.025637088603684972 0.004290970465438342 0.001767218354723627 nan nan nan 0.000768 0.00027625390289167875 0.99609375 551347476.4561509 nan
159657.33 40303.74 12564.901 3969.1812 129857.16 811.2244 82.83105235485476 1991.4061708314346 nan nan 27.907811255922542 2.2446874773804097 0.02710156080353074 0.004192031216070614 0.0019015622511845084 nan nan nan 0.0007349531758940778 0.0003510311436879264 0.99609375 551347787.4961609 nan
162438.81 40303.74 12339.91 3927.459 130666.67 825.5102 80.71895876575122 1971.441304871592 nan nan 28.97117390256816 2.234576521948637 0.025263595682552334 0.004354234780513632 0.0017672065243579597 nan nan nan 0.0007577028256155672 0.0002603239146147759 0.99609375 551348098.5361708 nan
158878.5 40186.914 12590.862 3983.0886 129904.766 790.3061 81.47935626191264 1951.9202606303536 nan nan 28.876810425214146 2.3592758299143424 0.02314564691346365 0.004537355569283989 0.0018231163511750496 nan nan nan 0.0009142432825905997 0.0003471960905446959 0.99609375 551348409.5761808 nan
161882.52 40332.94 12348.563 3902.4255 131047.63 825.0 81.13487821328673 2017.581917555036 nan nan 30.91193492359487 2.3477613015281027 0.023475819175550357 0.0034548983603419083 0.0018922386984718974 nan nan nan 0.0007960959115317314 0.00034474336313079594 0.99609375 551348720.6161908 nan
161326.22 40216.12 12253.375 3852.359 124809.53 806.6326 82.30904901255734 1959.4740797436032 nan nan 29.97763899519256 2.3752629601281985 0.023776314800640994 0.003999337902724217 0.0017060537192949087 nan nan nan 0.0008076708301442232 0.00018913241945515665 0.99609375 551349031.6562008 nan
157098.36 39602.8 11985.116 3782.8218 125000.01 797.95917 77.71313489392138 1904.0812982272132 nan nan 29.432650385817706 2.2606113753907544 0.02196325192908853 0.004008162596454427 0.0017902048842546882 nan nan nan 0.0009378988688219799 0.00037655253201299604 0.99609375 551349342.6962107 nan
157988.44 39836.445 11907.234 3696.5955 125904.766 783.67346 81.03886695201493 1880.8965186126204 nan nan 30.546208883242773 2.383724369711657 0.022373104441621387 0.004028655222081069 0.0017808965186126204 nan nan nan 0.000560244153766826 0.0003596585594333478 0.99609375 551349653.7362207 nan
157765.9 39807.242 12140.88 3832.8884 123047.625 786.2245 93.62226982101704 2008.9566332428005 nan nan 38.83338504550188 2.8463080868591404 0.023987158562988314 0.004129197410186769 0.0020577527485229554 nan nan nan 0.0011649597359729134 0.0003014574761935413 0.99609375 551349964.7762307 nan
160324.88 39778.035 12339.91 3930.2405 125809.54 782.1428 97.97206191044683 2373.452896257099 nan nan 40.63165154902341 3.027698069161934 0.024083444992879895 0.004121292860252111 0.002020863224064275 nan nan nan 0.0004571793443856485 0.0003585179344385648 0.99609375 551350275.8162405 nan
159546.06 39339.953 12045.69 3813.418 127952.39 800.0 100.14594456486516 2493.9344500572956 nan nan 41.844263168767505 2.98541005051566 0.026840983249140568 0.004778360282435703 0.002027049041332443 nan nan nan 0.0006856396691144622 0.0003735737557980011 0.99609375 551350586.8562505 nan
161214.95 39193.92 11812.046 3774.4773 127238.11 792.8571 110.95613358566276 2556.1424521042613 nan nan 43.9 3.4777150957914773 0.02644020906747207 0.003996231749633429 0.00174299716472983 nan nan nan 0.0014080265772875465 0.00032743171520364093 0.99609375 551350897.8962605 nan
163996.44 40011.68 12253.375 3921.896 125761.914 815.8163 112.8385550423075 2644.79355897332 nan nan 44.06700908307194 3.4159274978447827 0.029339697772336366 0.004693867052312056 0.0020907734104624112 nan nan nan 0.0010273351445337115 0.00024172668865594065 0.99609375 551351208.9362705 nan
173342.23 41004.67 12132.226 3885.7366 125619.05 793.87756 114.07709005006816 2868.94271291013 nan nan 44.939031167617664 3.667806233523533 0.02522431343366648 0.003863330245863064 0.0019278854258202595 nan nan nan 0.0009005304960270964 0.0003592105311768933 0.99609375 551351520.8402774 nan
173342.23 42026.867 13196.608 4308.5225 113523.81 720.40814 116.04762837054118 2875.495313304072 nan nan 43.25112111586199 3.4315817403416853 0.03219824710297793 0.004251757030043891 0.001962556055793099 nan nan nan 0.000678 0.00040326213004200206 0.99609375 551351831.8802874 nan
172118.38 42143.69 13343.718 4380.8413 111142.86 720.91833 105.59252738532358 2770.196345949329 nan nan 40.43113581091653 3.15544177838599 0.028412762486706385 0.004275904689161702 0.0018606872108226514 nan nan nan 0.0007234417783859903 0.00029719211947138477 0.99609375 551352142.9202974 nan
173787.28 42085.277 13378.332 4369.7153 113238.1 702.04083 113.27656500989167 2890.7434151762777 nan nan 43.60164461092023 3.3623135894955687 0.03120083343966736 0.004006940768486705 0.002078677630739468 nan nan nan 0.000884322146576387 0.0004591160135009956 0.99609375 551352453.9603074 nan
175122.39 41880.84 13144.6875 4353.0264 112857.15 741.3265 114.37792946176526 3062.8238073649595 nan nan 46.31091841360801 3.4976129291793607 0.029217319660041586 0.0040639605892451285 0.0019174095410803235 nan nan nan 0.0009636724475917597 0.00032660993314473624 0.99609375 551352765.0003173 nan
173342.23 41793.223 12850.468 4166.667 113571.44 715.30615 112.16588056192361 3070.0860133726364 nan nan 45.48142721194256 3.391857278805744 0.029756578497898686 0.0032904555658533705 0.0016851417695540485 nan nan nan 0.0009119949002019626 0.0003216827021614519 0.99609375 551353076.0403272 nan
168335.56 41880.84 13274.489 4286.2705 113619.055 728.0612 110.02872268011903 3003.9965445669463 nan nan 44.96072564094124 3.352006910866107 0.028499654456694647 0.0036040483760627494 0.0019120241880313748 nan nan nan 0.0007320310988974818 0.0003727872148977019 0.99609375 551353387.0803372 nan
164664.0 42026.867 13352.371 4255.6743 107428.58 694.89795 107.6112911798269 2975.08364072452 nan nan 42.652509221735606 3.217792742535821 0.029187290898188698 0.003611655443098134 0.0019616554430981342 nan nan nan 0.000736921356277372 0.00032953182635847545 0.99609375 551353698.1203471 nan
166555.4 42435.746 13802.3545 4533.823 106095.24 674.4898 100.04436964051476 2892.139638055794 nan nan 41.72592907187232 2.9653490951394845 0.027548958260080466 0.0038104532691314377 0.002037407092812768 nan nan nan 0.0009630216842039167 0.00025351858143744636 0.99609375 551354009.1603571 nan
176234.98 43370.324 14113.881 4650.6455 103809.53 674.4898 98.59309843722835 2850.0 nan nan 43.06709274746346 3.018116912772748 0.024987934531202266 0.0038438939986935408 0.0018216819960806226 nan nan nan 0.0009453602502460163 0.0003114551829464874 0.99609375 551354320.2003671 nan
188696.05 44947.426 13871.582 4506.0083 99190.484 624.48975 101.66765775427105 2850.0 nan nan 40.2907597038856 3.033286352419909 0.02751707116482607 0.003975930560708924 0.0017420281885480544 nan nan nan 0.0008172169131288327 0.0003990140942740272 0.99609375 551354631.2403771 nan
195482.88 47721.96 14494.635 4672.8975 98428.58 647.95917 98.70304951529944 2908.3654623495463 nan nan 40.15990765512777 2.9783654623495464 0.025956052173182212 0.0038965381506018146 0.0018625289161145918 nan nan nan 0.0009111125707380872 0.00030109405509002533 0.99609375 551354942.280387 nan
198375.61 47546.727 14235.029 4581.1084 95619.055 621.4286 107.72729249458392 2993.4318259609286 nan nan 43.13068198487705 3.2681818626338783 0.02814977364965298 0.0036865681740390712 0.0018441590809073773 nan nan nan 0.0010302795600125952 0.00026532273771896146 0.99609375 551355253.320397 nan
194259.02 47634.344 14745.587 4773.031 93380.96 628.0612 112.71575122062345 3039.7176406897843 nan nan 43.7 3.3937098124136207 0.030116941558612935 0.0036139921717238364 0.0018231450937931896 nan nan nan 0.0008157836147568891 0.00031348783910353014 72.05922559587435 551355564.3604069 nan
185358.25 48364.484 15706.127 5048.398 93285.72 644.38776 104.32178012010466 3013.2812637528405 nan nan 42.304688022607934 3.203750066013634 0.02619531373775564 0.004111406054709665 0.0017932812637528404 nan nan nan 0.0005120313121628388 0.00043015620874147864 73.7098159790039 551355887.4964176 nan
181575.44 48218.457 15939.771 5142.9688 93000.01 629.59186 99.81209734998455 2992.2882524150914 nan nan 40.6432378622637 3.0320355338112797 0.02577117475849086 0.004014665339358382 0.001895676213773629 nan nan nan 0.0008699767191020463 0.00029648567933955643 73.03104218293801 551356198.5364276 nan
179461.5 48218.457 16424.37 5332.11 91142.86 599.4898 105.58183431943235 3095.036723075354 nan nan 49.75330507678187 3.3393494130126826 0.02438405041422532 0.004091594958577468 0.0016956873100626715 nan nan nan 0.0008113976968074613 0.0003363011515962694 74.48047694536152 551356509.5764376 nan
179461.5 48189.25 16199.377 5343.2354 90380.96 588.7755 116.58574803530726 3229.820727296884 nan nan 56.98417146962781 3.7072234406226197 0.026787756923690134 0.0036991648390660705 0.0018089549650721292 nan nan nan 0.0009209042433902768 0.0002937971132725909 76.69805145263672 551356820.6164476 4.8633
181909.22 48919.39 16493.598 5365.4873 89000.0 586.2245 115.08122395696675 3355.788983095319 nan nan 53.932913133925524 3.671842514087234 0.02615395268313404 0.0036817102401389364 0.0020074992232342556 nan nan nan 0.000868776687819383 0.00033224976697027663 77.17274789150231 551357131.6564575 4.809
177903.88 48598.13 16632.053 5421.117 88761.91 601.5306 110.94950727456836 3572.042476015835 nan nan 50.18568788156626 3.5038762685332188 0.025816325021803786 0.00409408495203167 0.001993265004360757 nan nan nan 0.000858 0.000339 74.70589447021484 551357442.6964674 4.8849
173119.72 47137.848 16467.637 5343.2354 91285.72 586.2245 110.42334269133048 3494.4825075105687 nan nan 46.938957732827625 3.346723761265853 0.028952077252151234 0.0037097230330465024 0.0020186552477468294 nan nan nan 0.0006421304669738852 0.00024921355705993456 69.72550201416016 551357753.7364774 4.8982
183133.06 48656.54 16597.44 5404.428 89000.0 589.7959 107.65125724757331 3490.0 nan nan 44.91524758095324 3.2209630051128366 0.028901605008521392 0.004295104724009749 0.0019009630051128362 nan nan nan 0.0007669085942054522 0.00033824564599494486 67.73334503173828 551358064.7764874 4.8037
195371.61 49503.504 16441.676 5373.832 93238.1 603.0612 97.49726696147754 3473.6695018923247 nan nan 43.64820501548266 3.187698000688118 0.019858262452691875 0.0047138147578273445 0.0019194245001720295 nan nan nan 0.0007640866011698009 0.00044874842597196685 65.53859476948689 551358375.8164973 4.8254
191700.05 49824.766 16433.021 5240.321 92571.43 625.5102 101.31987102590777 3262.623000941772 nan nan 42.168857596531595 3.1132787511772144 0.025468857596531596 0.003816229245055699 0.0019052460018835434 nan nan nan 0.0006231473718215206 0.0003377540745526585 61.89144539096567 551358686.8565073 4.7794
191143.75 48977.8 16407.062 5295.95 92714.29 641.3265 106.4268945582783 3320.475011532078 nan nan 46.143325080724544 3.171261256342643 0.02909524988467922 0.00362 0.0019707862448105646 nan nan nan 0.0005339573958154012 0.00032 66.87034994805131 551358997.8965173 4.6146
191255.02 48656.54 15212.877 4842.568 93285.72 641.3265 106.09089168825062 3508.3505055089586 nan nan 47.59484512854237 3.243556732554964 0.027146907399002426 0.00368262879131719 0.0018802577435728814 nan nan nan 0.0008769278124869731 0.0003147113465109929 69.72401792986679 551359308.9365273 4.955
197374.28 48218.457 15057.113 4845.3496 94904.766 656.6326 101.4325131422459 3524.2289724065695 nan nan 48.6926869172197 3.1229252331121167 0.025305724310164233 0.003966264019979051 0.0018092686917219709 nan nan nan 0.0009859515187914782 0.00030221063059028834 69.7609452985006 551359620.8405414 5.266100000000001
197596.8 48452.1 15238.837 4892.635 96190.484 665.3061 102.01869552575462 3385.878617684986 nan nan 48.437220662112374 3.32 0.02154504823579981 0.003796230309272333 0.0017298082793675165 nan nan nan 0.0009880335816748536 0.0003626517278937677 69.72550201416016 551359931.8805441 4.8906
196261.69 48189.25 15403.254 5040.0537 96333.336 656.6326 103.84933292239106 3480.0 nan nan 49.501964143913554 3.3124263446032414 0.023102946215870338 0.004730756822276717 0.0017058347611632622 nan nan nan 0.0011072790338097246 0.0002735274353277901 64.9463279092365 551360242.920554 5.0316
201157.1 48247.66 15169.609 4962.172 96761.91 683.16327 104.24667421797555 3459.7521350544675 nan nan 49.9553723932462 3.3102478649455325 0.02376859582919391 0.004081405362461881 0.001896363853028326 nan nan nan 0.000948306097318088 0.00033601660377342174 60.760799407958984 551360553.960564 5.1327
197930.58 47838.78 15074.421 4917.668 95761.914 687.2449 107.189210964126 3465.429391897066 nan nan 50.18689944361599 3.3436972376773335 0.02590625854556263 0.003835647734503466 0.001717176132748267 nan nan nan 0.0007523449721807997 0.00028819504968261326 57.01314618370809 551360865.000574 5.183
197819.31 48043.223 15186.916 4906.542 95380.96 648.9796 110.15030140053258 3569.1143416057653 nan nan 50.2025775766342 3.273714472019218 0.03019372099269185 0.004038856583942346 0.0017171711863750165 nan nan nan 0.000895368148516375 0.0003216827509490457 55.7804069519043 551361176.040584 5.5912
196706.72 48218.457 15610.938 5045.6167 95190.48 651.53064 102.04118384640212 3546.0034468738268 nan nan 47.180792780980106 3.114082724971837 0.026181482155745412 0.003690465327966583 0.001792006893747653 nan nan nan 0.0010559862125046938 0.00032003274530135214 54.78432846069336 551361487.080594 4.9976
190809.97 48014.016 15697.474 5045.6167 93619.055 692.3469 94.22356915967183 3526.9063395940143 nan nan 44.49063395940141 2.9219899118447183 0.0231635446531338 0.0033513717746154925 0.0017843645534686618 nan nan nan 0.0010424648401695072 0.0003454900605577112 54.78432846069336 551361798.1206039 4.63
183578.11 49065.418 17393.562 5571.3174 90857.15 657.6531 92.5286790373983 3500.5348923954944 nan nan 42.18476800570714 2.812674461977472 0.02373581291254066 0.004026255753231538 0.0018988487374518132 nan nan nan 0.0008657477919589507 0.0004160325911028791 53.78824996948242 551362109.1606139 4.7534
