json/2015_173.ecsv
# %ECSV 1.0
# ---
# datatype:
# - {name: p1, datatype: float32}
# - {name: p3, datatype: float32}
# - {name: p5, datatype: float32}
# - {name: p7, datatype: float32}
# - {name: de1, datatype: float32}
# - {name: de4, datatype: float32}
# - {name: hrc_shield, datatype: float64}
# - {name: gp1, datatype: float64}
# - {name: gp2a, datatype: float64}
# - {name: gp2b, datatype: float64}
# - {name: gp3, datatype: float64}
# - {name: gp4, datatype: float64}
# - {name: gp5, datatype: float64}
# - {name: gp6, datatype: float64}
# - {name: gp7, datatype: float64}
# - {name: gp8a, datatype: float64}
# - {name: gp8b, datatype: float64}
# - {name: gp8c, datatype: float64}
# - {name: gp9, datatype: float64}
# - {name: gp10, datatype: float64}
# - {name: 2shldart, datatype: float64}
# - {name: times, datatype: float64}
# - {name: fi_rate, datatype: float64}
# meta: !!omap
# - comments: [idx = 553]
# - __serialized_columns__:
#     times:
#       __class__: cxotime.cxotime.CxoTime
#       format: secs
#       in_subfmt: '*'
#       out_subfmt: '*'
#       precision: 3
#       scale: utc
#       value: !astropy.table.SerializedColumn {name: times}
# schema: astropy-2.0
p1 p3 p5 p7 de1 de4 hrc_shield gp1 gp2a gp2b gp3 gp4 gp5 gp6 gp7 gp8a gp8b gp8c gp9 gp10 2shldart times fi_rate
[from data line 53]
2623.498 415.3037 94.66943 17.359259 29295.24 450.81635 16.373034126132275 7.5257892647555 nan nan 0.1579475146711498 0.027961824085161895 0.013487507443085304 0.0038209878214585926 0.0019561843933389375 nan nan nan 0.0007314861343592571 0.0005268748759485782 12.949034690856934 551243946.7888714 3.4789999999999996
2696.9292 412.0911 95.361725 17.167336 30561.906 481.27548 14.458204932315587 7.5391613649600036 nan nan 0.11871934644199955 0.03769418739079967 0.01158128976279997 0.003481871023720003 0.002141483516439981 nan nan nan 0.0009775967322099978 0.00042138085601201123 12.949034690856934 551244257.8288814 3.4547000000000003
2650.2002 419.10046 95.53479 16.494215 30490.477 483.41837 15.511419829871121 7.241086811597278 nan nan 0.11594945326093876 0.03875543405798639 0.012337826376805444 0.004071777503616192 0.0019371356847865298 nan nan nan 0.0010854304840569253 0.00023748527137797254 12.949034690856934 551244568.8688914 3.0077999999999996
2530.04 389.60278 90.68882 16.477526 31523.809 466.63263 15.367775697427959 7.932536285291144 nan nan 0.17256297238315182 0.03299460236715841 0.012316366798175469 0.004107639288312308 0.001982724901368399 nan nan nan 0.001033564711379659 0.00038796140728629544 12.949034690856934 551244879.9089013 3.0361000000000002
2446.5955 360.68924 83.4891 14.822541 31395.24 489.79593 13.281623283514309 7.643458249123742 nan nan 0.20371294733081705 0.02448540588388593 0.010559057319133612 0.004022376491102723 0.002010329357059404 nan nan nan 0.0010581459411611407 0.00034394576678799097 12.949034690856934 551245190.9489112 3.3074000000000003
2535.6033 359.52103 86.31014 15.509569 32585.717 469.08163 12.308358074941484 7.5160951377360785 nan nan 0.16921389569458475 0.02284787814922959 0.009866943878044243 0.0034977755121769712 0.0017551950789016048 nan nan nan 0.0008005821438929097 0.0003597012302745988 13.842276685436305 551245501.9889212 3.3191
2634.624 395.73596 87.48702 16.079775 32442.857 480.5612 13.443960483253719 7.449540059585818 nan nan 0.10538192622723014 0.02842759642485094 0.010956637439703907 0.003127961964437916 0.0018626962498816207 nan nan nan 0.001246845291307583 0.00036119746429586104 12.949034690856934 551245813.8929281 3.1731000000000003
2655.7634 445.3855 96.054 16.65554 33509.527 489.38776 16.192893414312135 7.722115463218551 nan nan 0.11802840018459748 0.036902886580463784 0.013261991505072125 0.003432256882116488 0.0018828167374577323 nan nan nan 0.001162392480763921 0.00032535180116969134 12.949034690856934 551246124.9329381 3.2004
2864.9312 438.37616 103.23642 15.598576 32471.432 473.97958 15.39386808657221 7.4806450161740345 nan nan 0.1397346602990108 0.023352229856612068 0.012853277461094282 0.0033033193652735704 0.0020386785395174654 nan nan nan 0.000750104908331716 0.00040773989832142187 12.949034690856934 551246447.2049519 3.2595
2936.137 471.67053 95.275185 16.658321 35180.953 494.08163 18.918103198890414 7.8395024461752145 nan nan 0.1682463294689898 0.035728548095430676 0.015621941266431082 0.004107389884069694 0.002030538336093579 nan nan nan 0.000723 0.0004509771614222004 13.536168785977562 551246759.1089587 3.2314
2665.7766 473.13083 98.90966 17.559525 34909.523 492.0408 13.399463715203844 8.243656794851098 nan nan 0.14146451177838285 0.03149407006240362 0.01039802335413454 0.00433831985101436 0.0020493081739470895 nan nan nan 0.000901221018721087 0.0003756343205148901 12.949034690856934 551247070.1489687 3.4264
2741.4329 460.57242 98.47698 17.442701 35752.383 512.2449 13.202735757830865 8.60766583690855 nan nan 0.19322852532484414 0.03077862351924469 0.010293366523657931 0.004160196515015918 0.001974864841198814 nan nan nan 0.0007103488360443504 0.00033106384548907587 12.949034690856934 551247381.1889787 3.5281000000000002
2850.4675 450.93454 95.361725 18.908545 35385.715 488.77548 14.962358554385151 8.546642672681838 nan nan 0.29532493543864297 0.028458618261903185 0.012099820045113778 0.003926606681704593 0.0018783483295738517 nan nan nan 0.000516115171127182 0.00018945340745593695 12.949034690856934 551247692.2289886 3.5364999999999998
2824.8777 445.0934 102.28453 19.60948 35766.668 497.44897 14.16431244032291 8.497429495674316 nan nan 0.23497875040052632 0.030524764985581054 0.01140896331517614 0.00362495299711621 0.0019531603340809823 nan nan nan 0.001138447903620758 0.00039367211756918596 12.949034690856934 551248003.2689986 3.2071
2831.5532 453.27103 108.60159 17.97953 35557.145 478.01022 17.174811127272832 9.131458318934591 nan nan 0.1719845838804856 0.0329 0.01402299993088603 0.004131416672426165 0.0018394250017278492 nan nan nan 0.000690915027300018 0.00028034375647943466 13.017850155313988 551248314.3090086 2.9627999999999997
2625.7231 440.7126 106.17861 18.738874 36976.19 482.90817 15.09885179422467 8.913577565963772 nan nan 0.209714940369469 0.034295960452323006 0.011961223320768806 0.0043 0.001911327173577157 nan nan nan 0.0014279573132300887 0.000426376235864906 12.949034690856934 551248625.3490186 3.2768
2622.3855 442.46494 105.57286 18.27993 36338.098 495.2041 15.758155585889666 9.570839588523578 nan nan 0.28062259199509826 0.039038856228303 0.012492050285889348 0.004270011154278128 0.001990772662854809 nan nan nan 0.001098026770267508 0.00029275146972636496 12.949034690856934 551248936.3890285 3.1136000000000004
2641.2996 446.5537 108.774666 18.33834 35980.953 459.69388 17.492715398868537 9.21818280066071 nan nan 0.22348953694086526 0.03689091400330355 0.014211536383217729 0.004196748346217376 0.0020161715270564894 nan nan nan 0.0008943777508556314 0.00046697907388173056 12.949034690856934 551249247.4290385 2.9532
2689.141 421.72894 107.04396 18.099133 33809.523 430.7653 16.112763036517634 9.72744469965096 nan nan 0.24126144855043208 0.03850915884034567 0.012782570096637861 0.004425184582142182 0.0020543722721293547 nan nan nan 0.0009252319302664058 0.0004450133166599379 12.949034690856934 551249558.4690484 3.2908999999999997
2555.6296 429.32242 97.5251 16.700045 34442.86 424.33676 16.571287563431856 9.43992099874026 nan nan 0.26365101634609617 0.0353077426980275 0.013268216705585943 0.004479846495421849 0.0018275191880722688 nan nan nan 0.0008450848773121159 0.0002945194129693354 12.949034690856934 551249869.5090584 3.0795999999999997
2410.9924 385.80606 91.034966 16.129839 35719.05 436.7857 16.89243523592211 10.188941780478908 nan nan 0.25853863024674945 0.035550201375762785 0.013702306848766253 0.004115393629745955 0.0019264518492670471 nan nan nan 0.0008061918702039655 0.00031071915063279404 12.949034690856934 551250180.5490683 3.1367000000000003
2532.2654 337.61682 79.58636 15.242546 35752.383 431.17346 17.342348486230517 10.458531640579066 nan nan 0.16314683594209334 0.0329369117217816 0.014117063281158134 0.004304126562316267 0.0020156151953630267 nan nan nan 0.0008134035823817211 0.0002953827772743907 12.949034690856934 551250491.5890783 3.5537
2435.4695 305.49063 69.28868 14.753004 36338.098 426.27548 16.496300389772447 10.490296725424367 nan nan 0.22408100250886362 0.038289895969502045 0.013277626196605068 0.004083544508813655 0.0020213071284741614 nan nan nan 0.0010581868186765406 0.0002494394609494523 12.949034690856934 551250802.6290883 3.3832
2422.1184 308.9953 63.110077 14.235648 36804.766 415.40817 15.00498048554582 10.648828366139128 nan nan 0.2773280574810442 0.035607790315200234 0.012009373070886977 0.003850975332690448 0.001881640287405221 nan nan nan 0.0006806751277629636 0.00029172261043356574 13.401696554221006 551251113.6690983 3.0973
2449.9333 306.3668 60.981308 13.545839 35380.957 428.16327 12.987720572060022 10.30093639208364 nan nan 0.2724515065032822 0.03641337879358127 0.010051003100850976 0.003926053564561144 0.0018205016738925357 nan nan nan 0.0007793378299713081 0.000282 12.949034690856934 551251424.7091082 3.1058999999999997
2339.7864 317.17288 63.27449 12.302514 35904.766 419.94897 13.768265059099924 9.850098603558617 nan nan 0.281 0.0414 0.010644687233543148 0.004022103020729306 0.0018524753491103454 nan nan nan 0.0008417295097774104 0.0003033515816548281 12.949034690856934 551251735.7491182 3.2502999999999997
2291.9448 289.57358 62.72067 12.5361595 35900.0 432.5 15.87009623394001 9.971578803406263 nan nan 0.27022369230839766 0.04493223418780299 0.01267894700851566 0.0036983553846259647 0.0017622369230839766 nan nan nan 0.000723 0.0003313749914522469 12.949034690856934 551252046.7891282 2.9635000000000002
2296.3953 299.35745 64.07927 13.854584 35690.477 445.3061 13.8909403042178 10.354193517410113 nan nan 0.22105806962733116 0.0410722588234522 0.01086477445375504 0.003761580624251827 0.0019378386794748612 nan nan nan 0.0007801935414172757 0.0004108096686683573 12.949034690856934 551252357.829138 3.0557
2352.025 302.57007 64.88405 13.890743 37600.0 452.0408 14.38745534251851 10.298314852040358 nan nan 0.26624523413281026 0.043214412525523174 0.011226589830615846 0.003927228382653214 0.0017909179545911804 nan nan nan 0.0006005583108158444 0.00041367982188766813 13.832580258872643 551252668.869148 3.1028
2316.4219 294.39252 64.122536 14.224522 39247.62 475.30612 14.664956292317028 10.555981925015434 nan nan 0.19320542249536946 0.03524934586453386 0.011715214459987652 0.0037962483144928995 0.0017496749390043219 nan nan nan 0.0006579038301069767 0.000395 12.949034690856934 551252980.773155 3.1206
2439.92 321.55374 67.03011 14.74466 37495.24 436.7857 14.649613713318322 9.906310284424253 nan nan 0.27654109616254835 0.03239752776523726 0.011450247223476274 0.004643491936794728 0.0017300988893905096 nan nan nan 0.0009603581507901054 0.0002826854176072056 12.949034690856934 551253291.813165 2.9339999999999997
2427.6814 324.76633 69.62617 14.944927 39966.668 456.17346 15.08592481495439 9.624288721676102 nan nan 0.25301263103962945 0.04161975946976325 0.011871338349716933 0.004070168413861727 0.0017964120307814376 nan nan nan 0.00104 0.0003337687225300222 12.949034690856934 551253602.8531749 nan
2476.6355 311.9159 66.37245 14.4720745 42019.047 499.3367 12.968350858079104 9.504869046916408 nan nan 0.2654274661720921 0.039148052691477205 0.009730275496352046 0.004578351195043347 0.001984472790119417 nan nan nan 0.001188025511107475 0.00031112525481596617 12.949034690856934 551253913.8931849 nan
2347.5747 320.3855 74.47214 17.3982 42004.76 490.051 16.803115433585845 10.270430864393198 nan nan 0.21529517711961843 0.0381 0.013501453355858978 0.004276051449160515 0.0020028167203392784 nan nan nan 0.00083165787966769 0.0003980855300830775 12.949034690856934 551254224.9331949 nan
2398.754 303.44626 72.334724 18.911325 42514.285 482.2959 13.661010837064495 10.310403598316832 nan nan 0.17284933137722758 0.03514331874445543 0.010795336736039588 0.003716179430910889 0.001793928276128712 nan nan nan 0.0008889551422722778 0.00037995336736039583 12.949034690856934 551254535.9732049 nan
2446.5955 290.12848 76.289375 20.7332 41742.86 454.94897 14.315161310562486 10.20672359513435 nan nan 0.1867225169244736 0.033587406736746546 0.011519316858387807 0.0035294130331880893 0.001900586966811911 nan nan nan 0.000693128089052286 0.00032376521327523564 13.68641787255416 551254847.0132147 nan
2376.5022 309.57944 77.95085 22.688583 40304.76 419.64288 14.436192206674148 10.490869224779502 nan nan 0.188 0.03737825633039336 0.011406087183480332 0.0039175212738653195 0.0017257828243063154 nan nan nan 0.0009407518663841501 0.00033842171756936844 13.618392083531452 551255158.0532247 nan
2444.37 320.9696 84.06023 25.962395 42061.906 452.75507 15.126300700278746 11.302545646033721 nan nan 0.25288544592848256 0.02692927492938779 0.0126 0.003087573296950319 0.0018508273349609593 nan nan nan 0.0008574272296424128 0.00032095461726264527 12.949034690856934 551255469.0932347 nan
2535.6033 337.32477 92.33299 25.72875 39895.24 423.9796 15.887391270814282 11.866968303322432 nan nan 0.23107624487192283 0.0320009049099673 0.012766968303322433 0.004280852939715959 0.001970816743317266 nan nan nan 0.0007792703604742642 0.0004684972852700981 12.949034690856934 551255792.2292454 3.1432
2484.4236 348.13083 95.794395 28.371162 42666.668 449.64282 17.656102986400832 13.447403213777067 nan nan 0.18908255765524115 0.037728539949439796 0.014287261121819227 0.004360306219307825 0.0018988682041397636 nan nan nan 0.0008921744234475887 0.00044742920101120405 12.949034690856934 551256103.2692554 3.0383
2746.996 390.77103 110.76498 30.679796 43590.48 452.65305 15.152227441605042 11.584291578194648 nan nan 0.20736755839153237 0.039918377919576614 0.011937166312778592 0.004164250530832112 0.0021052874734583944 nan nan nan 0.0008200687898124085 0.00041101539985698306 12.949034690856934 551256414.3092654 3.1937
3036.2708 481.0163 113.10142 31.430798 43676.19 460.05103 15.2375061562322 11.403057874159346 nan nan 0.25931619921805515 0.04079993433352319 0.011832661102017568 0.004611834724495608 0.002060611574831869 nan nan nan 0.0008141821591200247 0.00043145023931608566 12.949034690856934 551256725.3492752 3.0778
2524.477 417.93222 106.35168 32.849358 47204.76 501.7857 16.487252424014226 11.0 nan nan 0.23523399720210553 0.03439944784700826 0.013261368568310236 0.004337704200218283 0.001970772628633795 nan nan nan 0.0006112384144260393 0.0005569326758904716 12.949034690856934 551257036.3892852 3.0668
2723.6316 407.12613 106.35168 31.430798 47290.477 509.28574 18.30113577837734 10.97325156823009 nan nan 0.21857176293185737 0.04220858533584048 0.01482674843176991 0.00428617170671681 0.001902552195522127 nan nan nan 0.0006385618386893727 0.00044004175641770154 12.949034690856934 551257347.4292952 3.1919
2820.4272 452.10278 105.22672 30.624166 46176.19 479.08163 17.39947309938528 11.234712785351048 nan nan 0.24174147903819201 0.04630944466623421 0.013835004773883029 0.004409571564968087 0.0018760710875797837 nan nan nan 0.0008068461452991535 0.0003634771183057444 12.949034690856934 551257658.4693052 3.1833
3005.118 494.45093 127.55279 32.432133 48714.29 521.4286 15.51346058980982 12.03410843838524 nan nan 0.22862012220253936 0.03632636120396744 0.012355036274786763 0.004176279495750841 0.001954496372521324 nan nan nan 0.0006794338680240044 0.0003889612065863917 13.4147291108765 551257969.5093151 3.2285000000000004
2939.4749 534.17053 173.84909 36.465286 49714.29 511.73468 17.530615841041126 12.288942208440258 nan nan 0.22843751290276648 0.03909730443684046 0.0142 0.004192538286854854 0.0017737788441688051 nan nan nan 0.0010476979772740189 0.0003928384726546911 12.949034690856934 551258280.5493251 3.1683
3030.7075 666.4719 206.29976 38.88518 49285.715 504.5408 16.788136233603755 12.641468445013203 nan nan 0.2307124983635992 0.048470631099735935 0.013204757319683126 0.004416546128897016 0.001833908978517164 nan nan nan 0.0012646225764696328 0.00036546432010237654 13.343367184002886 551258591.5893351 3.111
3545.839 935.4555 241.25995 41.082558 48523.812 498.1122 15.094079527204808 12.925742241522265 nan nan 0.26120202411906085 0.04287545206616358 0.0118 0.004208316465674493 0.0019009703103391093 nan nan nan 0.00113 0.0003168555327211662 12.949034690856934 551258902.629345 3.1978
8215.398 1353.3878 256.23053 43.530262 48571.43 495.40814 16.54964663391332 13.004686193233354 nan nan 0.21572259417858433 0.04038087864980802 0.013264853550749843 0.004129138076805041 0.0018704686193233354 nan nan nan 0.0008648615073142784 0.0002908987445901617 12.949034690856934 551259213.6693549 3.3023000000000002
14574.989 1518.9835 281.0661 44.003117 50333.336 484.43875 18.475766273394864 12.484949269908727 nan nan 0.2259532129057806 0.047180608761095276 0.015167559185106485 0.0035147153344376302 0.001897257609513691 nan nan nan 0.000587 0.0004476925018814892 12.949034690856934 551259524.7093649 3.1247000000000003
