json/2017_250.ecsv
# %ECSV 1.0
# ---
# datatype:
# - {name: p1, datatype: float32}
# - {name: p3, datatype: float32}
# - {name: p5, datatype: float32}
# - {name: p7, datatype: float32}
# - {name: de1, datatype: float32}
# - {name: de4, datatype: float32}
# - {name: hrc_shield, datatype: float64}
# - {name: gp1, datatype: float64}
# - {name: gp2a, datatype: float64}
# - {name: gp2b, datatype: float64}
# - {name: gp3, datatype: float64}
# - {name: gp4, datatype: float64}
# - {name: gp5, datatype: float64}
# - {name: gp6, datatype: float64}
# - {name: gp7, datatype: float64}
# - {name: gp8a, datatype: float64}
# - {name: gp8b, datatype: float64}
# - {name: gp8c, datatype: float64}
# - {name: gp9, datatype: float64}
# - {name: gp10, datatype: float64}
# - {name: 2shldart, datatype: float64}
# - {name: times, datatype: float64}
# - {name: fi_rate, datatype: float64}
# meta: !!omap
# - comments: [idx = 571]
# - __serialized_columns__:
#     times:
#       __class__: cxotime.cxotime.CxoTime
#       format: secs
#       in_subfmt: '*'
#       out_subfmt: '*'
#       precision: 3
#       scale: utc
#       value: !astropy.table.SerializedColumn {name: times}
# schema: astropy-2.0
p1 p3 p5 p7 de1 de4 hrc_shield gp1 gp2a gp2b gp3 gp4 gp5 gp6 gp7 gp8a gp8b gp8c gp9 gp10 2shldart times fi_rate
[from data line 873]
199599.47 63755.84 11786.085 1742.3232 115904.766 1439.2856 117.53117876976098 7532.316795494934 nan nan 15.529472007508442 2.5099871984044557 0.05372985605537477 0.005209974396808911 0.0024982624033787993 nan nan nan 0.0009864774408540854 0.00040860096158615864 0.99609375 621229692.7360027 nan
216288.39 69450.93 12694.704 1802.1251 117952.38 1448.4694 121.8508688403814 7192.028798299596 nan nan 16.041408001214574 2.496956802550606 0.058110976026720634 0.005221180806194328 0.0024491295923481826 nan nan nan 0.000964637437789475 0.000508 0.99609375 621229993.4080034 nan
227525.6 75000.0 13767.74 1875.0 119095.25 1495.9183 130.03750366258 6976.777603043538 nan nan 15.225728019973221 2.7448959971466826 0.060357535978124564 0.005236902406467519 0.0022423647962906876 nan nan nan 0.0009337702382689875 0.0004218217619687889 0.99609375 621230294.0799971 nan
252558.97 81220.79 13940.811 1795.7277 125380.95 1568.8776 128.56804385770226 6639.3184023746035 nan nan 14.544127991425045 2.7065344033640213 0.05977462403034215 0.005350643191952734 0.002403030401055379 nan nan nan 0.0009638220812004938 0.00032485791962402115 0.99609375 621230594.751998 nan
255229.2 83119.16 14511.942 1860.5364 121523.81 1441.8367 128.86685396689273 6069.8719920236845 nan nan 15.97788801501424 2.693865606287214 0.060108128066625695 0.00597526399812322 0.0024371040028151702 nan nan nan 0.0008198687991554489 0.000413502081229291 0.99609375 621230896.2880028 nan
247997.33 81220.79 14511.942 1972.6302 130619.05 1403.0612 159.3174695259914 5605.555199292854 nan nan 16.857408001178577 3.280182394460692 0.07604057567235582 0.005732224003535728 0.0025844448007071455 nan nan nan 0.0007488336005303592 0.0005051849595521411 0.99609375 621231196.9599965 nan
242656.88 78504.67 14183.108 1979.862 147714.3 1460.2041 173.19077519267125 5113.3632110105855 nan nan 17.185343991943473 3.4044256030435767 0.08660518411279136 0.005268851206087153 0.0025029024009846864 nan nan nan 0.0008758531168042447 0.0004221008021931655 0.99609375 621231497.6319973 nan
231864.7 75350.46 13966.7705 2017.4121 155952.39 1455.6123 160.79034375138738 4607.983997029482 nan nan 17.441760003874588 3.2917759987730473 0.07742016002970517 0.005082287996964906 0.0023797440009040703 nan nan nan 0.001200511998191859 0.00031471039950921884 0.99609375 621231798.3039981 nan
212839.34 67494.16 12582.209 1814.0856 156190.48 1506.6327 158.37706876339246 4765.9488006082765 nan nan 17.241887999170533 3.3006784005806273 0.0748472959997235 0.005316892800193543 0.0024513471991152343 nan nan nan 0.0010587244817612366 0.000358 0.99609375 621232111.0719993 nan
215843.34 68750.0 12833.16 1873.3312 150952.39 1408.1632 156.88869372933408 4707.3695988862155 nan nan 18.069311987005843 3.3047391977724305 0.07341795202877277 0.005122233603062908 0.0025530688012994156 nan nan nan 0.0008090543983293229 0.0003398329603526985 0.99609375 621232412.6079971 nan
173898.53 56980.137 11664.937 1921.7291 128190.484 1281.6327 176.90709348778606 5173.468794389404 nan nan 22.834687943894043 4.164889589780701 0.07328899197929423 0.005108505597795837 0.0025904735984637653 nan nan nan 0.0008597712006011353 0.00037427615924524133 0.99609375 621232713.2799978 nan
178126.39 59754.67 12296.643 2056.075 125428.57 1261.2245 197.87597874533773 5904.361597581197 nan nan 26.572672005154825 4.829708801070618 0.07832617597184673 0.00529930239984139 0.0025990112009120075 nan nan nan 0.000813 0.00041466272015067954 0.99609375 621233013.9519987 nan
181019.14 59871.492 12365.871 2089.1746 124142.87 1227.551 197.22692500409627 5943.664000900192 nan nan 27.49983999478836 4.728783999873658 0.07986688000694886 0.005533311999305115 0.0026884639993209076 nan nan nan 0.0007911840000710678 0.0004134223999399872 0.99609375 621233314.6239995 nan
189586.11 64164.715 13136.033 2255.7856 119904.766 1203.0612 195.96101750010786 5854.5568003134385 nan nan 30.076672001343308 4.8089632000597025 0.07706425599917908 0.005048921598910429 0.002583683199499991 nan nan nan 0.0009881420803373195 0.00039647199994402886 0.99609375 621233615.2960002 nan
195371.61 64223.13 12556.248 2089.4526 114285.72 1170.4082 194.71439876702806 5681.19360501274 nan nan 30.557056005710717 4.756489601205596 0.07709059199238572 0.00493488639181464 0.0023285887988578565 nan nan nan 0.001195392000317262 0.0004042630394035474 0.99609375 621233916.8319981 nan
157209.61 52190.418 11085.15 1884.7352 120000.01 1241.3265 190.93556876858543 5181.12000076065 nan nan 29.753920002662277 4.650112000076065 0.07567296001559334 0.005471344000912781 0.002518879999239349 nan nan nan 0.0011947199998098373 0.0005078671995702324 0.99609375 621234217.5039989 nan
179016.47 55870.324 10946.694 1728.4158 126619.05 1234.6938 192.50392373828214 5353.151999207554 nan nan 29.102016000864488 4.580403200172897 0.07866572798530372 0.00558838719930841 0.0025703360001440812 nan nan nan 0.0010854105603904597 0.0004900073602175625 0.99609375 621234518.1759996 nan
193035.16 56892.52 10591.9 1594.6262 122714.3 1226.0204 189.7146712319862 5470.358399582194 nan nan 27.153695995691375 4.395279999673589 0.08010828799033823 0.0056603807995560815 0.002554921600091395 nan nan nan 0.0010143532801710393 0.0004234787200248072 0.99609375 621234818.8480005 nan
150867.83 45911.21 9354.448 1482.2543 112142.86 1166.3265 173.99062509091075 5410.799998959859 nan nan 24.18960001352183 3.992800002860387 0.07428320002184295 0.005283360002132289 0.0024438400015082042 nan nan nan 0.0011707199990638733 0.00048037599951113386 0.99609375 621235120.3839983 nan
143302.19 46787.383 10185.186 1799.8999 100476.195 1114.2856 158.01345003839685 5611.247999467952 nan nan 22.596256001596146 3.6288768004788436 0.06708697602686846 0.005646988797020528 0.0023759359996009637 nan nan nan 0.0010337107211891286 0.0004697948803006074 0.99609375 621235421.055999 nan
140520.7 46028.035 9916.927 1615.7656 94095.24 1040.8163 149.32353999967634 5628.643199983154 nan nan 22.147455999968415 3.5857632000094757 0.05971014399950516 0.005905081599938934 0.002409321599991577 nan nan nan 0.0009487641600281113 0.000442474880005896 0.99609375 621235721.7279999 nan
159768.58 51460.277 10565.94 1781.8202 94142.86 1041.3265 148.5426700034881 5601.072000243976 nan nan 22.510720002439754 3.686179200268373 0.0569914239980482 0.005221638398096993 0.002359785599951205 nan nan nan 0.0009896025595681637 0.00040309567968039233 0.99609375 621236022.4000007 nan
173564.75 58206.773 11742.817 1998.7761 93809.53 1034.1837 147.25815997743697 5777.2544014471805 nan nan 23.110656001258416 3.6736063992449495 0.05604671999370791 0.005238361604530304 0.002455123201195497 nan nan nan 0.0010009305611136997 0.00028699167940854364 0.99609375 621236335.1680019 nan
138740.55 44480.137 9518.865 1598.5204 107333.336 1100.5101 135.51780002364094 6014.0159996875 nan nan 20.575520006119792 3.1676960010546877 0.056158399998697914 0.005236128000755208 0.0026293439997916667 nan nan nan 0.0009811632002304687 0.0004549583995104167 0.99609375 621236636.7039996 nan
155651.98 45852.8 8766.009 1356.8091 116000.01 1183.6735 120.83582998401012 5744.371199098723 nan nan 16.87414399609895 2.596956799488828 0.05508627199636799 0.004789382399542636 0.002772883200174875 nan nan nan 0.0008777711999394665 0.0004415951995695394 0.99609375 621236937.3760004 nan
137294.17 43457.94 8947.733 1430.5184 116857.15 1187.7551 108.11114619704219 5269.878398728516 nan nan 15.374847998410644 2.3061663991258547 0.04950953596900757 0.004718803200556274 0.0025373023979338378 nan nan nan 0.0009829593608820923 0.00041751616082249144 0.99609375 621237238.0480013 nan
133400.1 45589.95 10046.7295 1597.4077 113000.01 1194.898 106.04673629296 4954.812797999233 nan nan 14.578367992900505 2.1873951997418364 0.04999932804453319 0.0052377472052278105 0.0025869088031625024 nan nan nan 0.0011308608005808677 0.0004017574387866318 0.99609375 621237538.720002 nan
135291.5 46115.652 10297.681 1602.9707 111809.53 1201.0204 110.61467503074878 4700.854397810524 nan nan 15.348192022937369 2.2777984019809545 0.05231916798748871 0.005243910393640094 0.002731916798748871 nan nan nan 0.00109624319864461 0.00036255200078195575 0.99609375 621237839.3920029 nan
133288.83 45151.867 10124.61 1582.1095 111428.58 1179.5918 117.14357627526971 4106.217597576518 nan nan 15.384031995593668 2.4115232002478564 0.05563561601845152 0.00498 0.0024223839987607193 nan nan nan 0.0009615702396227079 0.00047056736036352236 0.99609375 621238140.9280007 nan
118380.06 39953.27 8679.474 1410.2136 122000.01 1233.1632 122.38871126208768 4373.686405884176 nan nan 15.3321920057791 2.4385055998949254 0.05982185601208358 0.005485753604623281 0.00223 nan nan nan 0.000903 0.0004298723191121199 0.99609375 621238441.6000015 nan
117712.51 40683.41 8973.693 1469.7375 138190.48 1185.204 111.18116108411593 4982.700801806409 nan nan 13.492159968584188 2.1992159968584186 0.05439574391282112 0.005802303999214605 0.0022473088002356186 nan nan nan 0.0010339699217828474 0.00039030976043982133 0.99609375 621238742.2720023 nan
103760.57 36536.215 8042.5757 1370.9946 129476.195 1201.5305 97.17809365932703 4917.823997098465 nan nan 10.711103980518265 1.8099039960622023 0.04993168000414505 0.005366143992953415 0.0022484159997927474 nan nan nan 0.0011821280009326363 0.00038156479941969297 0.99609375 621239042.9440031 nan
109101.02 38084.11 8259.778 1407.7103 124761.914 1194.3877 87.56358886278768 4654.640002763557 nan nan 9.832784001658133 1.5744128014370498 0.04614620807516876 0.005103257599557831 0.0023039583987840345 nan nan nan 0.001353731197457527 0.0004126553589609024 0.99609375 621239343.6159967 nan
135847.8 46290.887 10193.839 1738.4291 118571.44 1119.898 89.52975130758439 4450.284799079327 nan nan 10.960716810993922 1.7604896022204475 0.04406252800704044 0.0045979615951800045 0.002162300798266968 nan nan nan 0.0010235708760627674 0.0004297107197942024 0.99609375 621239645.1520016 nan
139296.84 48306.074 10981.309 1775.1448 113047.625 1154.5918 97.7782813022942 4156.255996962878 nan nan 12.506560009590912 2.0889760021579553 0.044541119999200754 0.0047128160065537895 0.0021713120019181825 nan nan nan 0.000723 0.000369839999400568 0.99609375 621239945.8240025 nan
146528.7 50817.754 11448.599 1804.9066 120285.72 1185.7142 99.4505912318697 4431.459207682975 nan nan 12.822687996842612 2.1113439984213067 0.045504768017891856 0.00505 0.0022581791997895073 nan nan nan 0.000802790401420824 0.00031654047960006434 0.99609375 621240246.4960033 nan
138406.77 47137.848 10488.059 1679.4615 124666.664 1412.2449 96.44929377987368 4362.51200477979 nan nan 12.003040009065119 1.935952001483383 0.04658015999505539 0.004986640000824102 0.002351375998681437 nan nan nan 0.000858 0.00042011679845068865 0.99609375 621240559.2639973 nan
132955.05 44859.812 9839.045 1575.7122 124238.1 1183.1633 85.61081508988498 5160.98559044482 nan nan 11.790751998197136 1.8000576006610502 0.03929708807091266 0.0050580927989783775 0.0023591328004807636 nan nan nan 0.0005712361627103057 0.0004654739202223532 0.99609375 621240859.9359981 nan
125834.445 43399.53 9795.777 1569.0365 120190.48 1122.449 89.23264515279655 5804.096001079954 nan nan 11.066751985960604 1.6959039989200464 0.04474259216415294 0.005876332812743451 0.0024005056011879486 nan nan nan 0.0011011596916958965 0.00042764351958961765 0.99609375 621241161.4720031 nan
132732.53 47546.727 11033.2295 1739.8198 124190.48 1123.4694 87.57146261498195 5807.840000548554 nan nan 10.79295999670868 1.6535680001097106 0.044218240102030945 0.005579616012287597 0.0022984960024136354 nan nan nan 0.0010834976069337158 0.0005111231983433685 0.99609375 621241462.1439967 nan
167445.48 60338.78 13689.858 2139.7976 141666.67 1219.898 85.39016372988895 5919.087998333842 nan nan 10.83545600083308 1.6822719995834605 0.04141635199333537 0.005838348791502594 0.00249753919641776 nan nan nan 0.0010012876781505646 0.0005527366401582851 0.99609375 621241762.8159975 nan
166555.4 59813.082 13369.679 2099.7441 141095.23 1241.8367 83.30117377552483 6087.1519991579435 nan nan 11.123839997193146 1.6611392003368224 0.039886496015718385 0.0058891136026945805 0.00244921920174025 nan nan nan 0.0009951539207353958 0.0004242361610553772 0.99609375 621242063.4879984 nan
167222.97 61594.625 13940.811 2112.539 135190.48 1210.7142 82.56111876447265 5774.431993861542 nan nan 10.777759991230774 1.6661120004384613 0.03916112000438461 0.005654719998903847 0.0024313920015346146 nan nan nan 0.0008895951990025005 0.0004931296022690372 0.99609375 621242365.0240033 nan
185024.48 66530.37 14667.705 2128.6716 130857.14 1190.3062 77.53868884063836 4734.998413974048 nan nan 9.88426241018264 1.6079456011915856 0.03595929605524624 0.004932208011374226 0.0025258527992417183 nan nan nan 0.0007990464009749337 0.0004411974420473606 0.99609375 621242665.6959969 nan
173898.53 62616.82 13949.464 2069.9822 134809.53 1454.0817 73.85898625985999 4408.3103985296175 nan nan 9.08018560596322 1.4714080012253188 0.035514559983662417 0.004905212795833916 0.0025039904005718155 nan nan nan 0.0008271551992648086 0.000376 0.99609375 621242966.3679976 nan
177681.36 62529.203 13568.709 1990.4316 142238.11 1556.1224 70.47747251872082 4067.692802537711 nan nan 8.553001601747276 1.307881600707231 0.03606809600083204 0.004565574403244942 0.0023612864007488328 nan nan nan 0.0012748166373707651 0.0004261235196838262 0.99609375 621243267.0399985 nan
188139.75 67114.484 14624.4375 2095.0156 127952.39 1422.4489 67.48995750437757 3879.8527999402845 nan nan 8.628380799343132 1.3095583998208542 0.033154432008559186 0.0046838207988455045 0.0023926463997213285 nan nan nan 0.0008924307217974296 0.000414279680113459 0.99609375 621243567.7119993 nan
190698.72 66939.25 14702.319 2124.2212 133047.62 1405.102 69.61419870970533 3923.3439995315425 nan nan 9.526918388944402 1.4266943987820104 0.032433567989693934 0.005040051197751404 0.0021932544034665856 nan nan nan 0.0008584201561867557 0.00040767071982198615 0.99609375 621243869.247997 nan
192367.61 67932.24 15039.807 2205.7188 140904.77 1442.8572 76.79451119028313 4013.6031992352764 nan nan 10.441913594577414 1.5703679989571953 0.03601177596663025 0.005140073599791439 0.00228411839777535 nan nan nan 0.0009638896003128414 0.00035110272065349093 0.99609375 621244169.9199979 nan
199710.73 69363.31 15256.145 2238.2622 149666.67 1465.8163 80.9033862419621 4056.7135999573975 nan nan 10.632864000426025 1.707276799446167 0.03679436800511231 0.005331267198849732 0.0023497184002556153 nan nan nan 0.0011309385588454712 0.00033275583991905516 0.99609375 621244470.5919987 nan
207943.92 70122.66 15074.421 2204.6062 150000.0 1458.6735 78.06538750276361 3945.7728000912884 nan nan 10.45721600011411 1.764278399988589 0.0329017920027957 0.005155849600211104 0.002194355200108405 nan nan nan 0.0010586540801289447 0.00044608799991441723 0.99609375 621244783.3599999 nan
206608.81 70327.1 15377.294 2275.8123 142666.67 1413.2653 74.4892449928921 4272.403201208435 nan nan 10.543232000464782 1.6983839997676087 0.031213535999070435 0.004512879998257065 0.0023190400005809785 nan nan nan 0.0010913977603160521 0.00038157599965141296 0.99609375 621245084.0320007 nan
205718.73 70356.305 15610.938 2296.3953 141285.72 1422.9591 75.12563873869756 4376.723200325104 nan nan 10.527872000541839 1.6050848004876557 0.03376873597995193 0.004840959995936203 0.0022601696009753114 nan nan nan 0.001031905920736902 0.00047460063898134157 0.99609375 621245385.5679985 nan
204828.66 70531.54 15758.048 2315.5874 132714.3 1353.5714 72.22509126262312 4338.294400078689 nan nan 11.006463998163909 1.5510592001049195 0.03212297600970505 0.005100646399816391 0.002289587199711472 nan nan nan 0.000994 0.00043149536034623414 0.99609375 621245686.2399993 nan
