json/2017_254.ecsv
# %ECSV 1.0
# ---
# datatype:
# - {name: p1, datatype: float32}
# - {name: p3, datatype: float32}
# - {name: p5, datatype: float32}
# - {name: p7, datatype: float32}
# - {name: de1, datatype: float32}
# - {name: de4, datatype: float32}
# - {name: hrc_shield, datatype: float64}
# - {name: gp1, datatype: float64}
# - {name: gp2a, datatype: float64}
# - {name: gp2b, datatype: float64}
# - {name: gp3, datatype: float64}
# - {name: gp4, datatype: float64}
# - {name: gp5, datatype: float64}
# - {name: gp6, datatype: float64}
# - {name: gp7, datatype: float64}
# - {name: gp8a, datatype: float64}
# - {name: gp8b, datatype: float64}
# - {name: gp8c, datatype: float64}
# - {name: gp9, datatype: float64}
# - {name: gp10, datatype: float64}
# - {name: 2shldart, datatype: float64}
# - {name: times, datatype: float64}
# - {name: fi_rate, datatype: float64}
# meta: !!omap
# - comments: [idx = 571]
# - __serialized_columns__:
#     times:
#       __class__: cxotime.cxotime.CxoTime
#       format: secs
#       in_subfmt: '*'
#       out_subfmt: '*'
#       precision: 3
#       scale: utc
#       value: !astropy.table.SerializedColumn {name: times}
# schema: astropy-2.0
p1 p3 p5 p7 de1 de4 hrc_shield gp1 gp2a gp2b gp3 gp4 gp5 gp6 gp7 gp8a gp8b gp8c gp9 gp10 2shldart times fi_rate
[from data line 999]
161437.47 36214.953 4630.4946 524.8665 321285.75 17311.223 591.2132124082514 680.0 nan nan 11.762879995713933 5.028348798885623 0.44268031993999507 0.016568031993999505 0.0048187712054004435 nan nan nan 0.0009580147161682564 0.00052313600128582 0.99609375 621632626.9119973 nan
154316.88 34228.97 4582.9004 546.5621 336428.6 17581.633 579.3971876879424 714.3199996181488 nan nan 12.31679999647522 5.010800000881195 0.4317440001586151 0.0169 0.004731199997650147 nan nan nan 0.001217519999471283 0.000452 0.99609375 621632927.5839982 nan
145527.38 32359.81 4545.6904 546.8403 360190.5 18142.857 565.7881749902597 792.1913596917719 nan nan 12.01673600380956 4.871068800450221 0.4216511999826838 0.017695359994805145 0.004813952000692647 nan nan nan 0.0014084671990302938 0.0005018425596744558 0.99609375 621633228.255999 nan
64408.1 18793.807 3542.7483 503.72723 311714.28 15801.0205 562.2213750088163 805.7785600509019 nan nan 11.287008000384166 4.799350400019208 0.41974016000768327 0.01802726400067229 0.004624153600172875 nan nan nan 0.0011528870406982206 0.0005758188799462169 0.99609375 621633528.9279997 nan
75166.89 20516.938 3571.3052 505.9524 316666.7 15887.755 566.305575032002 848.3747202574211 nan nan 12.22291200429035 4.9718048006946285 0.4197430400143012 0.01812777600163442 0.004657638400449466 nan nan nan 0.0011054918411175347 0.0005720556798855907 0.99609375 621633829.6000006 nan
102291.945 25557.824 3956.3865 539.3302 340476.22 16556.123 603.8187252434703 1209.3084824351765 nan nan 12.501951994377034 5.140739200086507 0.4509219202249186 0.019842400010813395 0.0052325248038063155 nan nan nan 0.0010662828776340292 0.0006367462407309856 0.99609375 621634130.2720014 nan
113818.42 26696.844 3982.347 497.6079 326238.1 16744.898 665.8154379766086 1389.1199989272118 nan nan 12.600960009297498 5.1715680002860775 0.508969600450571 0.01997551998641135 0.005375791996495558 nan nan nan 0.00125352640584312 0.0007252448001358865 0.99609375 621634430.9440023 nan
96061.42 24185.162 3950.3289 485.64755 308476.2 15882.652 701.1975875925114 1292.9279994641877 nan nan 12.766847991427001 5.303702402250412 0.5396243200321488 0.019858016015002748 0.005377404804500824 nan nan nan 0.0013592799946418762 0.0006219219177817368 0.99609375 621634731.616003 nan
73052.96 19661.215 3378.3315 420.00446 266952.38 13663.265 699.3371751142496 1188.4480016011619 nan nan 12.291264002134882 5.541356797224653 0.5323011201707907 0.020608735997865116 0.005183987207578834 nan nan nan 0.0009821190429034404 0.000567775999199419 0.99609375 621635032.2879966 nan
53960.836 13525.116 2455.002 352.41434 255714.3 13229.591 651.9950506093159 1212.8063986681352 nan nan 12.909695989815152 5.485305602507039 0.4889692805170769 0.019771936013318645 0.004641632003133799 nan nan nan 0.0013504198329332827 0.000458423042060473 0.99609375 621635332.9599975 nan
53460.168 12815.42 2309.6228 354.08325 238238.1 13000.0 605.9948501086576 1095.9513619733436 nan nan 12.51331201003395 5.1865152015608365 0.452422080066893 0.018616288003902092 0.004635411198216187 nan nan nan 0.0015133280025084878 0.0004212239991638374 0.99609375 621635633.6319983 nan
42534.49 10254.089 1927.1375 315.42056 237190.48 12653.061 597.372099999485 841.4848002636312 nan nan 11.995359999176152 4.977299200230677 0.44936287999340924 0.01735484800263631 0.005081267199159676 nan nan nan 0.001416329599703415 0.0006112790396589271 0.99609375 621635946.3999995 nan
41722.297 9962.032 1855.3132 305.68536 221904.77 11938.775 607.2514125124819 1098.5702404128947 nan nan 12.3778880002277 4.85477439991651 0.461080320012903 0.018360288002125195 0.004916435199521832 nan nan nan 0.0014129151999013303 0.0006627942399574961 0.99609375 621636247.0720003 nan
40353.81 9629.089 1816.3724 297.61905 227476.2 11897.959 591.4625623542487 1278.3359997299003 nan nan 12.14287999768486 4.798095999922829 0.4471679998649502 0.018904799996141433 0.00448143999884243 nan nan nan 0.0013302399998070718 0.0007185664005093308 0.99609375 621636547.7440012 nan
33789.5 7847.547 1558.4978 271.52872 225476.2 11780.611 570.50086244285 1148.4351989764748 nan nan 11.661023997591705 4.754153599638756 0.42881791995785484 0.017424607989162674 0.0046706688031307834 nan nan nan 0.0012024607989162674 0.0007827539201083732 0.99609375 621636848.4160019 nan
32432.133 7333.528 1468.5012 247.94171 206095.23 11045.918 531.7295870005239 1115.9808005142058 nan nan 10.660447988001861 4.466140796229157 0.39901439961434554 0.01592041598885887 0.004826028799228691 nan nan nan 0.0008589446361263153 0.0007000479987144852 0.99609375 621637149.0880027 nan
31842.459 7339.3687 1446.0022 253.56032 214571.44 11357.143 496.9478497611451 1121.9423996233254 nan nan 10.280576003766747 4.277961599748883 0.3701654397739952 0.016062112013811403 0.004639519996861044 nan nan nan 0.0009199718450474403 0.0005719830385811921 0.99609375 621637449.7600036 nan
32521.139 7581.7754 1464.1744 256.87027 230714.3 12214.285 474.36540022307287 1122.0831998204194 nan nan 9.70521601032589 4.125001602154969 0.3521251201616226 0.01613750400538742 0.004491667200718323 nan nan nan 0.001412287995061531 0.0006291030384825432 0.99609375 621637750.4319972 nan
32487.762 7467.8735 1418.3108 245.2993 218000.0 11586.734 461.2386875348386 915.9408022649612 nan nan 9.110528001475753 3.87840000160408 0.345 0.016567039992942047 0.004435744000256653 nan nan nan 0.0012443296040807802 0.0006735632002374039 0.99609375 621638051.103998 nan
33021.805 7608.0605 1424.3684 240.93237 204666.67 11234.693 452.46833754227544 717.9619203762668 nan nan 8.989568000193952 3.6460992008533886 0.3419568000193952 0.01626963200465485 0.004346963200465485 nan nan nan 0.000994 0.0008075081590535147 0.99609375 621638351.7759988 nan
33144.19 7593.4575 1391.485 235.34157 197238.11 11071.429 429.8767250392227 681.2217599973851 nan nan 8.09033280188269 3.3217568005098954 0.3277824000261485 0.016166527999215547 0.004086192000457599 nan nan nan 0.0010465356798875615 0.0007191251203935346 0.99609375 621638652.4479996 nan
32932.8 7575.934 1399.2731 236.34291 196619.05 10994.897 395.78592494645096 664.2195199575269 nan nan 7.370588799619207 3.1332127999121244 0.29976703995166853 0.01584819199868187 0.004281084800790878 nan nan nan 0.0014969216009959208 0.0004983827197524844 0.99609375 621638953.1200005 nan
33600.355 7742.4062 1440.81 243.68604 202047.62 11066.326 389.8374125559298 627.7702398278477 nan nan 7.097699198824325 3.030003199454151 0.2968457600671814 0.014700031994541512 0.004471539199874035 nan nan nan 0.0016246207990762557 0.0004213081599202221 0.99609375 621639253.7920012 nan
33055.188 7578.855 1408.792 238.90187 202285.72 11209.184 378.430962599651 618.8252799588538 nan nan 6.977590400074811 2.893132800523679 0.28934944008229246 0.013951808001496226 0.0042614464011969805 nan nan nan 0.0012545792017206597 0.00032030752056482533 0.99609375 621639555.327999 nan
31953.717 7301.4014 1387.1582 234.95216 200190.48 10933.674 359.4660125162866 583.1459200733073 nan nan 6.521641600824707 2.8462271999885456 0.27290464001489056 0.012616832002176311 0.00422718079983964 nan nan nan 0.001055091200045817 0.0004155663997193705 0.99609375 621639855.9999998 nan
31553.184 7175.8174 1388.0236 237.70584 201571.44 11025.511 354.93158750378444 554.0003199772044 nan nan 6.631225601738166 2.800003199772044 0.2692499200056989 0.013649888007978464 0.00434874560031344 nan nan nan 0.001208739200769352 0.000508 0.99609375 621640156.6720006 nan
31230.531 7064.836 1356.0055 220.37718 188285.72 10341.836 361.11368754623254 566.0528001224366 nan nan 6.728287998928681 2.7825440001020305 0.2750176000408122 0.014950880002040609 0.004189295998367513 nan nan nan 0.001366448000459137 0.0005437504002907867 0.99609375 621640457.3440014 nan
32498.889 7397.7803 1409.6573 233.28328 199142.88 10984.693 353.4523998578042 568.7055999189263 nan nan 6.80106560194577 2.7962944000810737 0.267928959870282 0.013652287981353036 0.004403603204296909 nan nan nan 0.0012300511978110085 0.0004347059183217731 0.99609375 621640758.0160023 nan
31430.797 7094.0415 1341.2946 239.62506 204000.0 11234.693 349.63062504462226 576.4240001903884 nan nan 6.641359995856253 2.7462399991040547 0.2653600000559966 0.013808000016798973 0.004317759995296287 nan nan nan 0.0015869600076155344 0.00053473600294542 0.99609375 621641070.7840034 nan
31675.568 7132.009 1322.2568 213.78505 183095.25 10204.081 355.36219993734335 617.0604795035207 nan nan 6.250304003819071 2.7671967993316624 0.2703711999522616 0.013693184008592912 0.0038900768041055015 nan nan nan 0.001688636801718582 0.0004686217621577754 0.99609375 621641371.4559971 nan
30206.943 6971.378 1298.8925 229.44481 200000.02 10959.184 351.6600750627928 586.6464005091616 nan nan 6.769420793017212 2.8238239996363133 0.2652352000727374 0.014685311986179898 0.003709411200436424 nan nan nan 0.001230876804291505 0.00044573599945446965 0.99609375 621641672.1279979 nan
32198.486 7330.607 1372.4473 229.08324 201809.53 11015.306 347.38248750970985 419.43264094546055 nan nan 6.842448001553574 2.7924896003107147 0.262 0.014349792006214293 0.003880041598757141 nan nan nan 0.00125719039857959 0.0004828956799156631 0.99609375 621641972.7999986 nan
32165.11 7219.6255 1308.4113 229.19449 191952.39 10479.592 349.5524874913719 322.39968008589784 nan nan 6.764047999897741 2.7291424001227114 0.26540479998977407 0.014512863998159332 0.004126620799529607 nan nan nan 0.0010801254408405717 0.0005019382399611414 0.99609375 621642273.4719995 nan
32421.006 7269.2754 1330.045 218.98643 188857.16 10464.286 340.33018748963417 292.60319998391725 nan nan 6.547711999772162 2.669007999959793 0.2581183999912885 0.014185119999396896 0.004097519999899483 nan nan nan 0.0010111712000609803 0.00044377919993700916 0.99609375 621642574.1440003 nan
31886.96 7318.9253 1349.9481 205.35715 176952.39 9668.367 321.2657124031057 313.1030401922501 nan nan 6.460563200140671 2.5677471994373167 0.24234751992028655 0.014037088000937805 0.003960892799390427 nan nan nan 0.001225068801266037 0.0006333408015004882 0.99609375 621642874.8160012 nan
33511.35 7470.794 1393.2157 235.03561 203285.72 11112.245 319.4397000461977 413.33536086320635 nan nan 6.60753600135938 2.564384000339845 0.2411260800407814 0.01286217598776558 0.0038512319993203098 nan nan nan 0.001468166401563287 0.0005655183983347594 0.99609375 621643175.488002 nan
32387.629 7231.308 1325.7183 223.15868 199095.25 10989.795 317.8703499490234 491.63552053343096 nan nan 6.594108798952189 2.476511998571167 0.24162015998094888 0.012782944006667888 0.004151161604572266 nan nan nan 0.001257132796094523 0.0005669609610763876 0.99609375 621643476.1600027 nan
33010.684 7429.906 1356.871 225.91234 200238.11 10872.449 319.428400055302 467.4703992861862 nan nan 6.594608000594845 2.5338240017845344 0.2416921600118969 0.01313843200237938 0.004341529600713814 nan nan nan 0.0013514912038070067 0.00036735775596695214 0.99609375 621643776.8320036 nan
32220.74 7219.6255 1315.3341 241.79462 207380.97 11239.796 310.30775013990944 331.6464015560519 nan nan 6.123920006445186 2.586943999907926 0.23158400013811112 0.013894399990792592 0.0040266880044195555 nan nan nan 0.0013875040008286667 0.0004067407980940666 0.99609375 621644077.5039972 nan
33633.734 7535.0464 1361.1978 230.94682 201380.95 10979.592 323.0528498261343 289.75295990248287 nan nan 6.230454396795865 2.5691008002089655 0.24441599982586226 0.012946048012537919 0.003949663999303449 nan nan nan 0.001227638401323447 0.0004964723197353106 0.99609375 621644378.175998 nan
33622.61 7511.682 1371.5819 229.88986 200190.48 10816.326 309.6859001108898 272.33472011473555 nan nan 5.775952003145974 2.5040896002960915 0.23313024009993097 0.013098879996298853 0.0037493696012213785 nan nan nan 0.0015823391978163237 0.00048144256014064356 0.99609375 621644678.8479989 nan
33311.082 7345.21 1353.4094 237.6502 205285.72 11112.245 318.54809995548965 241.9664000523491 nan nan 6.179052798359728 2.529078399877852 0.2411257599598657 0.01269888000174497 0.0037060895998604023 nan nan nan 0.001479552000697988 0.00048332127996684554 0.99609375 621644979.5199996 nan
32777.035 7324.766 1338.6985 234.08992 206333.34 11198.9795 328.87352500902995 227.7942399826004 nan nan 6.244332799279159 2.5202527999005735 0.25097472000994264 0.01306931200223709 0.0038936096005468446 nan nan nan 0.00136 0.000517259840094455 0.99609375 621645292.2880008 nan
32810.414 7269.2754 1316.1995 221.907 194523.81 10535.714 324.76389995856624 231.9673600490499 nan nan 6.207296000306561 2.5845920006131236 0.24603263995095012 0.012031935989576898 0.00410664320128756 nan nan nan 0.0015613984016554336 0.000527 0.99609375 621645592.9600016 nan
31097.018 7009.345 1296.2964 210.66978 189285.72 10249.999 320.3581749694809 254.20032022929155 nan nan 6.055404798131699 2.572591999575386 0.24175551997452316 0.013021504016135329 0.0036362879940554046 nan nan nan 0.00163 0.0005412150401613534 0.99609375 621645893.6320025 nan
32376.502 7190.42 1316.1995 222.07387 199333.34 10831.633 309.281687346275 251.99519986390686 nan nan 5.984991999773179 2.5975200005670547 0.23049439984122466 0.013575040001134108 0.00385771200601078 nan nan nan 0.0014574079973915482 0.000546 0.99609375 621646194.3040032 nan
32053.85 7295.5605 1331.7756 214.39699 191000.02 10408.163 315.5710373631701 227.17344030876146 nan nan 5.83699840202292 2.557315200745286 0.23753695985094272 0.013073152007452862 0.003636259205004065 nan nan nan 0.0012645248019164505 0.000602447999201479 0.99609375 621646494.9759969 nan
33233.203 7298.481 1342.16 225.38385 194333.34 10413.266 306.6896126180966 213.96096005913492 nan nan 6.220281595786637 2.4645120007391865 0.23118656009609426 0.013050975998521628 0.0037087199981520333 nan nan nan 0.001152060800665268 0.0004934252812492253 0.99609375 621646795.6479977 nan
32042.725 7272.196 1325.7183 226.66333 196809.53 10459.184 300.4665875159842 210.48576001049219 nan nan 5.890585603252582 2.470284799790156 0.2249715200209844 0.013554271996852342 0.0035428640015738298 nan nan nan 0.0008218521621351622 0.0004943987197062184 0.99609375 621647096.3199985 nan
32487.762 7167.0557 1323.9875 226.0236 193857.16 10372.449 284.272400038375 242.652479918919 nan nan 6.081711999151478 2.495187199962288 0.2095721600358265 0.01218128000377121 0.0037965247991891896 nan nan nan 0.0009287865594890012 0.00039409600028284073 0.99609375 621647396.9919994 nan
31375.168 6877.9204 1237.4524 217.401 187523.81 10178.571 284.9084999996397 322.3055999954872 nan nan 6.136688000003471 2.507615999999504 0.21033119999965286 0.011014560000044632 0.00386192000000248 nan nan nan 0.0010290335999977188 0.0004006495999972229 0.99609375 621647697.6640002 nan
30073.43 6553.738 1227.9335 202.18626 176714.3 9688.775 292.4166874167913 272.53759992186735 nan nan 6.625007998889695 2.3551840001644897 0.22040799991775514 0.012174079999177552 0.0035887039999588774 nan nan nan 0.000769267201468071 0.0005055375999218673 0.99609375 621648108.0640012 nan
30651.98 6647.1963 1259.0862 212.78372 187428.58 10137.755 276.2858874576515 250.24448016455435 nan nan 6.252883203920265 2.3916927999516018 0.20435423996128135 0.012033855999032034 0.003615548798983635 nan nan nan 0.001095235199564415 0.000489 0.99609375 621648419.9679983 nan
32231.867 6810.747 1266.8743 215.5652 190190.48 10331.633 283.78248749582815 220.97088001884688 nan nan 5.614303999371771 2.396569600062823 0.2113430399937177 0.01206278400251292 0.0037625568005025837 nan nan nan 0.0011164857609800385 0.0004696182403549498 0.99609375 621648720.639999 nan
28716.066 6422.3125 1234.8563 214.09102 188190.48 10209.184 284.84208750003216 213.91488000164642 nan nan 5.795638399987652 2.383475199997256 0.2128262400001372 0.011556383999876518 0.003636950399994512 nan nan nan 0.0008267232000246964 0.00041526975996899237 0.99609375 621649021.3119998 nan
