json/2017_250.ecsv
# %ECSV 1.0
# ---
# datatype:
# - {name: p1, datatype: float32}
# - {name: p3, datatype: float32}
# - {name: p5, datatype: float32}
# - {name: p7, datatype: float32}
# - {name: de1, datatype: float32}
# - {name: de4, datatype: float32}
# - {name: hrc_shield, datatype: float64}
# - {name: gp1, datatype: float64}
# - {name: gp2a, datatype: float64}
# - {name: gp2b, datatype: float64}
# - {name: gp3, datatype: float64}
# - {name: gp4, datatype: float64}
# - {name: gp5, datatype: float64}
# - {name: gp6, datatype: float64}
# - {name: gp7, datatype: float64}
# - {name: gp8a, datatype: float64}
# - {name: gp8b, datatype: float64}
# - {name: gp8c, datatype: float64}
# - {name: gp9, datatype: float64}
# - {name: gp10, datatype: float64}
# - {name: 2shldart, datatype: float64}
# - {name: times, datatype: float64}
# - {name: fi_rate, datatype: float64}
# meta: !!omap
# - comments: [idx = 571]
# - __serialized_columns__:
#     times:
#       __class__: cxotime.cxotime.CxoTime
#       format: secs
#       in_subfmt: '*'
#       out_subfmt: '*'
#       precision: 3
#       scale: utc
#       value: !astropy.table.SerializedColumn {name: times}
# schema: astropy-2.0
p1 p3 p5 p7 de1 de4 hrc_shield gp1 gp2a gp2b gp3 gp4 gp5 gp6 gp7 gp8a gp8b gp8c gp9 gp10 2shldart times fi_rate
[from data line 54]
4492.657 220.53154 242.1253 246.0503 109000.0 1801.0204 61.12988373295909 5788.201602182943 nan nan 15.87724799727132 1.6285183995224812 0.019654495994542644 0.005714259199761241 0.002663279998294576 nan nan nan 0.0007574547187652731 0.0005401692798703878 51.66658026135872 620982173.1519989 4.7902
4314.6416 219.3341 240.30807 241.40521 107380.96 1776.5305 64.4503937497822 5213.040000611973 nan nan 16.57439999932003 1.7513919998776055 0.02000240000271988 0.005903007999442425 0.0028435040005711744 nan nan nan 0.0010414367998150481 0.0004990768002570286 50.80001449584961 620982473.8239996 4.8436
4383.623 213.98949 237.45241 237.78928 103904.766 1710.7142 66.68852757286665 4836.441597146637 nan nan 17.178528009511208 1.8691872020211322 0.01950076802734473 0.005919324791439911 0.0025908896007133405 nan nan nan 0.0009882988751611717 0.0004811443235904818 49.902788800708166 620982773.6320035 4.7635000000000005
4853.137 206.95093 238.23123 237.90054 101523.81 1693.8776 69.79307374893385 4843.334400195547 nan nan 17.908512000249633 1.9869504000083211 0.019992191998793436 0.005474326400029124 0.0026404256000124816 nan nan nan 0.0007855536000748902 0.0006713971199920949 47.8117790222168 620983073.4400002 4.9787
4200.0444 214.45676 252.85565 266.2717 102190.484 1656.6327 68.27014374556879 5323.439994843674 nan nan 18.091872006187593 1.9895936003093795 0.01844687998968735 0.005589375997937469 0.0027085631985562285 nan nan nan 0.0010441801558027505 0.0006000304017531509 47.8117790222168 620983373.2479969 4.7878
4442.5903 226.51868 266.5282 265.96576 102857.15 1681.1224 68.77443624470773 5835.033595621612 nan nan 17.63017600165222 1.9455616005782777 0.019833151982651672 0.005779350398595612 0.0028453855989260556 nan nan nan 0.0012157376022304991 0.000476082560305661 47.8117790222168 620983673.9199977 4.8165
4618.38 221.34929 252.24991 245.3271 100714.29 1662.245 69.66376000769866 6089.395198523277 nan nan 17.25606399602421 1.903484800056797 0.021618176006815645 0.00576106239789851 0.0028603039988640594 nan nan nan 0.001008288319483147 0.000497650880744041 48.807857513427734 620983973.7280016 4.8294
4700.712 222.80957 267.04742 256.3418 100619.055 1623.4694 69.885163759872 5787.820801971967 nan nan 17.078271995848493 1.8995648001556815 0.022052160005189385 0.005391299201920073 0.0027160864002075753 nan nan nan 0.001011959039060721 0.0005176060809756048 47.8117790222168 620984273.5359982 4.8655
4985.5366 236.0397 293.52716 278.70493 100476.195 1646.4286 69.01512374668032 5462.982400689906 nan nan 17.529984000627188 1.8905023999059218 0.021540031998745626 0.005090486400533109 0.002651491200344953 nan nan nan 0.0009556601615616958 0.0004149545598212517 47.8117790222168 620984574.207999 4.7247
4736.315 251.75232 292.31567 299.5661 99619.05 1633.1632 68.26441495894288 5554.124806681325 nan nan 17.295167997008363 1.871561598903066 0.021136063981052958 0.0053958336118668316 0.0027512256048863423 nan nan nan 0.0008199987253650044 0.00048484736093738 47.8117790222168 620984874.0160029 4.6964999999999995
4488.2065 245.15186 301.05576 306.79797 100571.43 1655.6123 66.36664999695607 5819.08800066637 nan nan 16.890720000815964 1.8279039998912048 0.020283679998504067 0.005458448002774277 0.0028676960007887648 nan nan nan 0.0012013919998776054 0.00044728960038486294 48.807857513427734 620985173.8239996 4.806
4322.4297 246.29086 298.28662 299.28793 98190.48 1627.0408 68.54773877388108 5552.224001723747 nan nan 16.186655989657517 1.8591103993105011 0.021974848032176617 0.004603497615628642 0.0025665952025281627 nan nan nan 0.0012774080005745825 0.00035491424303379514 49.80393600463867 620985473.6320034 4.7189
5023.3647 240.94624 292.8349 291.22162 98142.87 1654.0815 69.61216875831198 5639.488000301113 nan nan 15.284640009033394 1.8480319991970318 0.02295904002408905 0.005335824004416326 0.0025873600035129867 nan nan nan 0.001229408002308534 0.0005799103984843973 50.83470744733384 620985774.303997 4.783399999999999
4858.7 251.28503 303.56528 297.06277 98571.43 1612.2449 69.50868625381392 5633.990400122813 nan nan 14.87488000153516 1.8825119998464839 0.022099520006140645 0.005322812802394852 0.002419459200521955 nan nan nan 0.001111478400276329 0.0007042320002302742 51.79609298706055 620986074.112001 4.8726
5026.702 228.76752 261.24957 260.04117 97333.336 1635.204 69.70271876452148 5548.281602643555 nan nan 15.130176001652222 1.8709471995043336 0.022317728025609437 0.005924262397769501 0.002578876798843445 nan nan nan 0.0012677535976868897 0.0006608323221809326 51.63798766763723 620986373.9199977 4.8753
5168.002 238.493 281.49878 273.5592 97857.15 1616.8367 69.75129623380023 5322.432000238616 nan nan 15.0 1.9029728000954462 0.02160003198234244 0.006064864000477232 0.00260324160090674 nan nan nan 0.0013059424019566483 0.0005023516798186521 51.14656455823201 620986674.5919985 4.9426
4572.7637 251.25581 309.96884 300.95682 99857.15 1663.7755 69.8711424489474 5348.656001438312 nan nan 15.430144010547625 1.9017312002876625 0.021692863943426375 0.006195520004794375 0.002785011207479225 nan nan nan 0.0010044153591274236 0.0005930857616204988 50.80001449584961 620986986.4960027 4.8635
5579.662 307.8271 360.0727 352.97064 98190.48 1634.1836 68.27133124301353 5287.744000647659 nan nan 16.295199999169668 1.9004800000830333 0.020169119991198477 0.006289184000896759 0.0030687040008137256 nan nan nan 0.0009845263998488794 0.000622604800312205 49.231253568950635 620987286.3039994 4.8724
7131.731 351.92755 391.91763 373.83176 96571.44 1593.3673 67.51840990662708 4894.09599561203 nan nan 16.327167992321055 1.8310239989030075 0.021100415935277443 0.00601456640153579 0.0027037407981351127 nan nan nan 0.0010750784009872932 0.0004565516785519699 46.81570053100586 620987586.1120032 4.9309
5235.87 310.4556 382.39874 356.30844 97238.1 1585.7142 63.95806245525605 4810.719995598571 nan nan 15.468800011808714 1.762160000214704 0.01934239994954459 0.005778560008802859 0.0026352799990338326 nan nan nan 0.0009528160048523076 0.0004277439985829544 46.16393984319001 620987886.7839968 4.885
5610.8145 360.10513 431.2046 394.13663 92571.43 1615.306 63.47596373115559 4969.987199437628 nan nan 14.721727999510982 1.7304319998777453 0.01965615998410689 0.005600915202004977 0.002740876800317862 nan nan nan 0.0009801299218876124 0.0005890115205061345 45.03897161527624 620988186.5920007 5.0697
4796.3955 336.15652 420.4742 372.7192 91285.72 1525.0 60.84406745488315 4962.8447970889765 nan nan 14.443712003424732 1.6726496005993283 0.018161535946060445 0.006365689594177953 0.002667619203339115 nan nan nan 0.0014656287996575267 0.0006708486409674872 43.82746505737305 620988486.3999975 4.819100000000001
5034.4907 341.99765 432.7622 386.62662 90000.01 1543.3673 64.65809250629287 5177.801600081362 nan nan 13.965951997559127 1.6221983999186376 0.022858176008949863 0.006475737596826866 0.002601635201789973 nan nan nan 0.0013144639981693459 0.000602 45.48078161701682 620988786.2080013 4.9639
4190.0312 280.257 354.62097 327.1028 92809.52 1600.0 64.49356498135208 5229.232000660286 nan nan 13.482303998019143 1.5943071997358857 0.023415359986794282 0.00622362240376363 0.002850383999669857 nan nan nan 0.001322470404754059 0.0006388780806206688 43.82746505737305 620989086.8800021 4.9711
4192.2563 244.50932 300.7961 286.21497 97000.0 1670.4082 62.2739737547273 5117.660801618489 nan nan 13.535007997792968 1.6130847995953776 0.02106412801066732 0.005763139207577474 0.0028121664000735676 nan nan nan 0.0015132416023173828 0.0006446899204818685 44.25633847780297 620989386.6879988 4.9733
4263.4624 232.30139 296.12323 292.0561 100666.67 1711.2245 61.97793251191103 4806.985598945237 nan nan 13.66537599424675 1.6760895999041123 0.01969104000958875 0.0049323232103558505 0.002886028802109525 nan nan nan 0.0010592217582644362 0.0005352809592712549 43.958337507030464 620989686.4960027 4.8802
4591.6777 280.92874 332.64105 315.14243 98714.29 1644.3877 62.37950123941728 4995.632007623221 nan nan 13.732608012900837 1.6621343997654392 0.020142687995308786 0.005578201599648159 0.003008201599648159 nan nan nan 0.0010201836821227739 0.0005409129615481003 43.03189446482071 620989987.1680034 4.8595
4672.8975 308.11914 388.97543 345.4606 96428.58 1616.3265 62.34890500119583 5472.454400190765 nan nan 14.4 1.65 0.020331904000999247 0.005717056000363363 0.0029625151999364114 nan nan nan 0.0010946623999182434 0.0005546438398464793 44.464306455255915 620990286.9760002 4.9812
4742.9907 303.44626 375.99518 347.12952 94761.91 1587.2449 64.20193747114917 5568.640000858815 nan nan 14.125600007514636 1.653919999892648 0.021862399976382573 0.006093279996350034 0.0028416000021470387 nan nan nan 0.0010909599986044247 0.0004002560014170456 44.823543548583984 620990586.7839968 4.9589
4692.924 318.92523 387.85046 344.6262 94428.58 1600.5103 62.91755373176686 5563.049600268961 nan nan 13.856544000978037 1.6012959996332359 0.02183023999144217 0.00604952959843514 0.002735654400097804 nan nan nan 0.0011191231996821379 0.00034191616013692526 43.82746505737305 620990886.5920007 4.964300000000001
4923.231 296.4369 360.1592 330.71875 102190.484 1652.5509 60.271568773210426 5515.855998600209 nan nan 13.981919998551941 1.498191999855194 0.021707360024617005 0.005793824001641134 0.0027285119996138508 nan nan nan 0.001201376001979014 0.0004429120008205668 43.9787341628032 620991187.2640015 4.843500000000001
4786.382 286.41937 359.12082 344.0699 105285.72 1669.898 60.37077504296049 5190.675202277491 nan nan 14.035775996403961 1.491788799820198 0.021931392043751805 0.0058270976026370954 0.002664281600239736 nan nan nan 0.0013753376011387455 0.0005534662398861255 44.53847916404809 620991487.0719982 5.0173000000000005
4659.5464 295.26868 373.05298 358.5336 107523.81 1721.4286 55.05865373480138 4901.151999069176 nan nan 14.753088005584946 1.4864607996276702 0.017107679993794506 0.0055717696001861645 0.0026635392003723298 nan nan nan 0.0012089983991932856 0.000520667839298779 43.82746505737305 620991786.880002 4.8918
4831.9985 285.36798 369.6781 354.3614 108476.195 1727.0406 55.216592484539284 4962.75519856543 nan nan 14.869152004046224 1.4735007997792968 0.017440031991171875 0.0058563423974986985 0.0027 nan nan nan 0.0011652511996689452 0.0004002982404855469 42.83138656616211 620992086.6879988 5.0235
4763.0176 307.53503 399.10004 391.91144 103380.96 1693.3672 57.30258000104008 5164.547200078312 nan nan 14.003040000435066 1.5178783999825973 0.01826972800139221 0.006293635199947792 0.0027315135999303893 nan nan nan 0.0013263583997650643 0.00041651039978681756 42.338354191783225 620992387.3599995 4.919
4719.626 347.25467 442.19452 391.91144 98809.53 1632.6531 55.91139248011732 5019.545597302553 nan nan 13.93596800703682 1.4867391987099163 0.017693280011728034 0.006156956794839665 0.0026423519958951886 nan nan nan 0.001294933114182896 0.0006094406413252677 42.83138656616211 620992687.1680034 4.9944
5057.855 332.06775 415.1956 384.1233 101809.53 1631.1224 57.02699500279077 5115.584000306625 nan nan 14.535584000306626 1.42 0.020302464002606317 0.005972454400107319 0.0025124544001073187 nan nan nan 0.0012790566403710168 0.000603791039903413 43.45784504132161 620992986.9760001 4.9894
4621.718 318.04907 397.88855 363.81845 102047.625 1668.3673 59.489204993397735 5460.255999847456 nan nan 14.584095997559306 1.4397440001525432 0.022096895989932138 0.006246105601128821 0.002805849601281364 nan nan nan 0.0015225599984745662 0.00044437855965525193 42.53630842483792 620993287.648001 4.8839999999999995
4473.7427 307.8271 366.9955 342.40097 109952.38 1775.5101 57.457427514679416 5406.345600480759 nan nan 14.45481599278862 1.4857695996794942 0.01923267201762782 0.006016624009214541 0.0029693248018429082 nan nan nan 0.001149036801442276 0.00039847167954327925 41.83530807495117 620993587.4559976 4.8893
4914.33 304.90652 377.20667 349.63284 111333.336 1861.2245 56.79344125606623 5022.863995276184 nan nan 14.696255995866661 1.4926431997638092 0.018594272009447632 0.005628083204192387 0.002843017600177143 nan nan nan 0.0013350656040152435 0.0005393104014466686 42.83138656616211 620993899.3600018 4.9382
4811.9717 285.86447 361.45728 344.34805 96380.95 1664.2856 57.4951674986145 4821.302397102551 nan nan 14.3 1.47 0.01967331199800176 0.005869686401848372 0.00277334400099912 nan nan nan 0.0015206912022979761 0.0006533030402847492 41.83530807495117 620994199.1679986 4.9237
5429.4614 417.3481 501.81726 419.44818 104428.58 1868.3673 57.230433752685755 4727.5456026892225 nan nan 13.864480002772396 1.4395136001940676 0.020161311998336564 0.005703551999722761 0.002572896000554479 nan nan nan 0.0013819455992237295 0.000637549759894649 41.83530807495117 620994499.8399993 5.0567
5479.5283 492.6986 569.31464 461.72678 107619.055 1985.7141 58.10374878658398 4014.7455957429556 nan nan 13.3 1.4043488001120275 0.021761152032487973 0.005729558399215808 0.0025513248023525774 nan nan nan 0.0013025555138832991 0.0006015958385212372 41.52301081840779 620994799.6480032 4.8975
5594.1255 548.1892 622.36066 493.4357 106142.86 1901.5306 58.219043749491334 3765.260799989787 nan nan 13.126303999948934 1.4534240000127665 0.020751135999221244 0.00580724480003447 0.0027655328000280865 nan nan nan 0.0008567801599596578 0.0005843196800168518 41.83530807495117 620995099.4559999 4.8675
5866.711 481.30838 544.7387 449.21008 111952.39 2090.8162 58.337787439604206 3698.320000551796 nan nan 13.550399983446122 1.5837119981238936 0.018080479980135344 0.0055047200115877154 0.002803280002207184 nan nan nan 0.0009737151924735031 0.0006750431995916709 43.82746505737305 620995399.2639966 5.024
5906.7646 453.8551 547.1617 452.2697 118809.53 2104.0818 63.895909951757545 3556.6816022236962 nan nan 14.661503994868394 1.6669248002565802 0.021584287951249732 0.0052804639927302235 0.0027510175988026252 nan nan nan 0.00123796480239475 0.0005404051230533062 43.82746505737305 620995699.9359974 4.8279000000000005
5782.1543 447.72192 542.2291 451.99155 111000.01 1891.8368 63.399324965098955 3483.9840007018915 nan nan 14.303679993393962 1.6151839996696982 0.02214527997481448 0.005598975998472353 0.0027734239994632597 nan nan nan 0.0011191680003715897 0.000469995201242761 42.83138656616211 620995999.7440013 5.0277
6025.812 482.47662 551.4884 461.72678 118476.195 1986.7346 58.838884996555265 3488.742401469753 nan nan 13.269632002099648 1.5439264004199296 0.01939529598880188 0.005624662396220634 0.0026608896006298944 nan nan nan 0.00117 0.0005826380809238449 41.83530807495117 620996299.5519979 nan
6033.6006 464.6612 522.8453 441.70007 117666.67 1939.7959 59.73143749416262 3474.8319990037535 nan nan 13.056320000415102 1.5362079997509384 0.0203 0.00593 0.0025794240002905717 nan nan nan 0.00117 0.0005901183992196071 43.36707535501705 620996600.2239988 nan
5787.7173 492.9906 570.5261 473.13086 117523.81 1953.5714 60.48254749921368 3806.272003774319 nan nan 12.956383999161263 1.6267008010903588 0.0192532159798703 0.005249590386915695 0.0027013792031033287 nan nan nan 0.0013313792031033286 0.0006140019184231735 0.99609375 620996900.0320026 nan
6197.152 549.9416 609.38043 489.54163 127476.2 2201.5308 61.17993874522411 4094.8415997782085 nan nan 13.422623996673126 1.7304863998059323 0.017725792001108957 0.004931820796423611 0.0028708032002495157 nan nan nan 0.0013396608012753016 0.0005162748799473245 0.99609375 620997199.8399993 nan
6302.8486 579.73126 629.45654 505.11798 140190.48 2434.6938 63.48076628300707 3979.0943960020077 nan nan 14.186976002161076 1.7743488001080538 0.018543712025932923 0.005981811207995984 0.0027025823970825463 nan nan nan 0.0010230307185844947 0.0005435254404106046 0.99609375 620997499.6480031 nan
5502.8926 484.81308 571.65106 483.1442 122857.15 1915.3062 63.214378795284404 4141.5519915562245 nan nan 14.081440004966927 1.6925760019867706 0.020249695992052917 0.005600070418178952 0.002436348802582802 nan nan nan 0.0010062627186986652 0.000565 0.99609375 620997800.3199968 nan
