json/2017_250.ecsv
# %ECSV 1.0
# ---
# datatype:
# - {name: p1, datatype: float32}
# - {name: p3, datatype: float32}
# - {name: p5, datatype: float32}
# - {name: p7, datatype: float32}
# - {name: de1, datatype: float32}
# - {name: de4, datatype: float32}
# - {name: hrc_shield, datatype: float64}
# - {name: gp1, datatype: float64}
# - {name: gp2a, datatype: float64}
# - {name: gp2b, datatype: float64}
# - {name: gp3, datatype: float64}
# - {name: gp4, datatype: float64}
# - {name: gp5, datatype: float64}
# - {name: gp6, datatype: float64}
# - {name: gp7, datatype: float64}
# - {name: gp8a, datatype: float64}
# - {name: gp8b, datatype: float64}
# - {name: gp8c, datatype: float64}
# - {name: gp9, datatype: float64}
# - {name: gp10, datatype: float64}
# - {name: 2shldart, datatype: float64}
# - {name: times, datatype: float64}
# - {name: fi_rate, datatype: float64}
# meta: !!omap
# - comments: [idx = 571]
# - __serialized_columns__:
#     times:
#       __class__: cxotime.cxotime.CxoTime
#       format: secs
#       in_subfmt: '*'
#       out_subfmt: '*'
#       precision: 3
#       scale: utc
#       value: !astropy.table.SerializedColumn {name: times}
# schema: astropy-2.0
p1 p3 p5 p7 de1 de4 hrc_shield gp1 gp2a gp2b gp3 gp4 gp5 gp6 gp7 gp8a gp8b gp8c gp9 gp10 2shldart times fi_rate
[from data line 1623]
35436.137 4629.0884 901.6961 162.74477 529523.8 31943.875 5767.033874990607 9080.735999354312 nan nan 44.765791999153926 51.52783999977735 4.18 0.38593631998931277 0.10627839999777348 nan nan nan 0.005069126400342883 0.0018159552001603089 0.99609375 621456205.888 nan
34924.344 4509.345 914.67633 155.01224 570952.44 33372.445 5761.164749883076 10204.28160225266 nan nan 46.57846400524592 50.42623999074249 4.193737600092575 0.3999158400061717 0.109 nan nan nan 0.004856064001388626 0.0017573760009257507 0.99609375 621456506.5600008 nan
35781.043 4599.883 907.7536 158.01625 584285.75 34219.387 5671.530750645425 10970.431996539714 nan nan 47.59260799913493 47.503488012111 4.172956800346029 0.4019260799913493 0.109 nan nan nan 0.004914784001730143 0.001744044801643636 0.99609375 621456808.0959985 nan
35858.92 4404.2056 877.4663 156.84802 599523.8 33357.14 5455.639000596148 12097.919996935463 nan nan 46.58332800490326 41.81248001838722 4.0927776001634415 0.4071875199816128 0.109 nan nan nan 0.004927987198998918 0.001558611199918279 0.99609375 621457108.7679993 nan
37972.85 4643.6914 925.92596 165.74878 589047.6 33556.12 5194.234749825404 12759.743999767608 nan nan 43.149407996436665 34.8026559963592 3.9985727999147898 0.41293504000154924 0.10993504000154927 nan nan nan 0.004853385599442261 0.0017483072002788696 0.99609375 621457409.4400002 nan
37561.195 4532.71 897.3693 157.40433 588571.44 34336.734 5123.396750320959 12224.191997547303 nan nan 40.08931199601437 32.3 3.986976000306587 0.41306047999386825 0.11053023999693413 nan nan nan 0.005127664004292222 0.0017802815989576034 0.99609375 621457710.112001 nan
33756.117 4348.7144 878.3316 138.54585 399761.94 29122.447 5117.320250570047 11847.487999560446 nan nan 39.542463998681335 31.39772800835154 4.002009600351644 0.4110502400087911 0.1090502400087911 nan nan nan 0.005656304001977997 0.0015572608003955994 0.99609375 621458011.6479987 nan
32732.533 4275.7007 833.85254 129.42256 297809.56 27229.592 5044.93212501333 12186.271999109802 nan nan 38.50720000370916 29.87516800163203 3.9695423999703268 0.4047516800163203 0.10847711999851634 nan nan nan 0.005396144000074183 0.0015720255998071238 0.99609375 621458312.3199996 nan
33121.94 4678.738 880.9277 133.28883 319523.8 27994.898 5037.800124995363 12547.936000091311 nan nan 38.829824003104584 30.49840000228278 3.9464447999360823 0.4114633600237409 0.10852063999908688 nan nan nan 0.00528371519983564 0.0017933952002921955 0.99609375 621458612.9920003 nan
33400.09 4611.565 895.6387 136.84914 349761.9 28066.324 4962.780624347807 12443.423998589058 nan nan 41.06972800423283 28.92943997413273 3.9047807999529685 0.42604384000940626 0.10747807999529686 nan nan nan 0.005236972800423283 0.0017721087983068695 0.99609375 621458925.7600015 nan
35002.227 4713.7847 899.10004 133.67825 348285.75 27928.572 4982.684126358481 12195.16799834788 nan nan 41.39516799834788 25.93308799421758 3.989107201404302 0.4290966400330424 0.109620800041303 nan nan nan 0.00504412799628273 0.0017467648023129678 0.99609375 621459226.4320023 nan
34156.652 4655.3735 879.19696 133.34447 357428.56 28408.162 4934.613249740124 11729.503999237812 nan nan 41.24707199989112 24.5943679979312 3.9747295998040086 0.42517791998802273 0.112 nan nan nan 0.005115811200587975 0.0016894591996080169 0.99609375 621459527.9680002 nan
35814.418 4707.944 892.17725 139.74188 352714.3 28923.47 4790.291374789285 12250.43200560445 nan nan 38.91446398493804 21.999135988791096 3.8953152000350277 0.4258467200385306 0.112 nan nan nan 0.004700284795586494 0.0014721631996847497 0.99609375 621459828.6400009 nan
36726.746 4751.752 925.92596 144.16444 365809.53 29214.283 4848.011375932066 13960.768010424652 nan nan 35.03183997972984 20.5 3.9800640008687207 0.4347363200405403 0.11360128001737442 nan nan nan 0.004494307204169861 0.00153141440110038 0.99609375 621460129.3120017 nan
36481.977 4763.4346 940.6369 153.59369 352571.47 29438.775 4905.249999714066 15925.600018084526 nan nan 31.57759997072029 19.910399990527154 4.044639999913883 0.44228800006889346 0.1176800000430584 nan nan nan 0.00514624000508089 0.0015878399994832993 0.99609375 621460429.9840026 nan
36270.582 4848.1304 1005.53827 174.2045 341523.84 29627.55 4853.260249245183 17653.536015547485 nan nan 30.32294400666321 19.61529600444214 3.9969407991115724 0.45568832019989625 0.12 nan nan nan 0.0048602303884504395 0.0014900287985563049 0.99609375 621460730.6560034 nan
41099.242 5613.3174 1068.7089 195.62195 357333.38 30984.693 4926.089750702893 20310.432013559686 nan nan 30.00230399596874 19.52831999816761 4.063238400696308 0.46834688002931824 0.12108672000732956 nan nan nan 0.00465168000183239 0.0015549728008428993 0.99609375 621461032.1920011 nan
40876.723 6182.8267 1267.7397 202.35315 357714.3 30857.143 5088.478750867534 21945.43999936727 nan nan 28.954399993672688 19.3 4.220928000822551 0.472 0.12309120001265463 nan nan nan 0.005000032001392009 0.0018018560016451008 0.99609375 621461332.864002 nan
40220.293 6194.5093 1218.4147 193.92525 360047.62 31045.918 5166.831250257042 22009.568001754735 nan nan 30.198304027198397 19.95740801052841 4.28 0.473643520026321 0.124 nan nan nan 0.004782252794911268 0.0017446911971924235 0.99609375 621461633.5360028 nan
40809.97 5449.766 1047.0752 186.69339 363857.16 31551.021 5227.565501065413 22595.07201110729 nan nan 31.104927988892708 20.114943991360995 4.335008001234144 0.47114943991360997 0.12234975996297569 nan nan nan 0.004789539206047303 0.0017430208032087734 0.99609375 621461934.2080035 nan
42623.5 5385.5137 1053.1326 175.92902 401857.2 33954.082 5284.840625169598 22111.679991827394 nan nan 31.310720005618666 19.8 4.396656000153237 0.47022080002043154 0.12155520000510787 nan nan nan 0.005187664001634521 0.0017378559988762666 0.99609375 621462235.7440014 nan
39908.77 5055.4907 1008.99963 168.91968 385428.6 32459.184 5371.031375970331 22682.112017418633 nan nan 31.632767997728006 20.190208005301322 4.465744000757332 0.4809190401211731 0.12367232002271995 nan nan nan 0.005001110395531742 0.0016901696006815987 0.99609375 621462536.4160022 nan
41989.32 5178.154 1027.172 176.42969 458571.44 35198.98 5514.528501521396 24203.71200882946 nan nan 31.05225599215159 20.332095997056847 4.5939520014715765 0.4935968000981051 0.12723872003924205 nan nan nan 0.005551536014225242 0.0016572415987246335 0.99609375 621462837.0880029 nan
43613.707 5315.4204 1058.3247 196.40076 410333.34 35954.082 5624.922249295066 25443.13598588557 nan nan 31.784031981852873 20.38067199697548 4.6901119994959135 0.5136582397378748 0.13261343993950958 nan nan nan 0.005834678405948224 0.0017565823973787486 0.99609375 621463149.855997 nan
44592.79 5154.7896 1047.9404 222.658 334095.25 33285.715 5666.665749822692 23219.39203538943 nan nan 33.58806398615196 21.04403199307598 4.71 0.5270223999615332 0.13439552000769336 nan nan nan 0.005521417601000136 0.001805596800692402 0.99609375 621463450.5279977 nan
45260.348 5128.5044 1070.4396 231.92033 336571.44 33500.0 5782.69937661545 19388.319969605065 nan nan 34.60480000460529 21.643840003684236 4.8014400013815886 0.5411920001842118 0.13704800004605294 nan nan nan 0.0048055359899604605 0.00177 0.99609375 621463752.0640028 nan
44570.54 5265.771 1086.016 229.94548 339857.16 33994.9 5865.989875274741 19323.68002268829 nan nan 35.47302401247856 21.92236800226883 4.872236800226883 0.5465526399546234 0.139 nan nan nan 0.005267168016449013 0.0017577631997731172 0.99609375 621464052.7360035 nan
45727.637 5315.4204 1085.1506 226.16266 327285.72 33280.61 5932.2409990816495 21819.423972224733 nan nan 36.26844799404816 22.12281599801605 4.929126399206421 0.5505267199107224 0.1420703999504013 nan nan nan 0.00568876160228154 0.0017622815998016054 0.99609375 621464353.4079971 nan
44170.004 5151.8687 1067.8436 226.35736 324000.03 33301.02 6031.767499386329 23146.527997628684 nan nan 36.376736001185655 22.076736001185658 5.0216319994071705 0.558314239958502 0.144 nan nan nan 0.005655468799466453 0.0017946527997628682 0.99609375 621464654.079998 nan
44971.074 5189.836 1079.0931 227.08055 324095.25 33341.836 5971.451625591183 22062.88000731125 nan nan 37.351551993785435 22.06185599963444 4.967216000548343 0.5517216000548344 0.14276288000731124 nan nan nan 0.0055786592006580125 0.0018223711999268875 0.99609375 621464954.7519988 nan
47652.426 5292.0557 1105.9191 236.3151 349809.53 34352.04 6009.164623227734 22672.095975535787 nan nan 40.24524795996765 22.973151984431865 4.9848415986655885 0.546 0.13825792006672058 nan nan nan 0.005004819209007279 0.001817526400222402 0.99609375 621465256.2879965 nan
49499.332 5499.4155 1128.4181 241.12708 392809.56 36811.223 6121.708124276294 22060.384019819438 nan nan 43.47775997414856 24.31369598879771 5.0612959995691424 0.5472518399827657 0.13725183998276572 nan nan nan 0.005037996795346741 0.0017599264006893716 0.99609375 621465556.9599974 nan
51290.61 5473.1304 1151.7827 251.27948 383333.34 36454.082 6126.379125255946 22267.87198978096 nan nan 45.47942399158432 25.7422399909832 5.036028800420784 0.5417184000601121 0.13737184000601121 nan nan nan 0.005384476798617424 0.0018493503988578721 0.99609375 621465857.6319982 nan
49788.61 5274.5327 1137.937 234.06209 334285.72 32663.266 6171.37062464648 22206.56000403042 nan nan 48.45855998571034 25.98480000183201 5.073039999633599 0.5424127999743519 0.13636960000366402 nan nan nan 0.006062575996555825 0.0018002240006961632 0.99609375 621466158.303999 nan
48275.477 5376.7524 1125.8221 224.29907 373952.4 34637.754 6241.78624942246 24151.42396092528 nan nan 48.056992030626134 26.308415991551414 5.1290655996831775 0.551990719883832 0.13727103997887855 nan nan nan 0.005749059210983164 0.0017554207995775705 0.99609375 621466459.8399968 nan
48219.848 5546.1445 1163.0321 231.47531 393666.7 36153.06 6214.634125625965 24224.480016957346 nan nan 47.51020799321706 26.982655994912797 5.088979200678294 0.5502601600763081 0.13608672002543604 nan nan nan 0.005172294402628389 0.0017572448001695734 0.99609375 621466760.5119976 nan
52336.45 5695.0933 1215.8186 259.62393 488571.44 40005.1 6255.890624378522 22220.000011698405 nan nan 47.73600000058492 27.2 5.12399999941508 0.5482799999883017 0.13372000001169843 nan nan nan 0.005232799998420715 0.0018203999993565878 0.99609375 621467061.1839983 nan
53649.312 5698.014 1233.1257 256.20273 489523.84 40117.344 6471.4462498042585 23820.703997438 nan nan 47.22220800052747 27.47302399969859 5.316988799826688 0.5626511999849294 0.13709535999547884 nan nan nan 0.005821443199457458 0.0019009535999547883 0.99609375 621467373.9519995 nan
54784.156 5811.9155 1244.3752 264.35248 533333.4 43663.266 6580.3887500680075 23804.319997186278 nan nan 46.86303999964829 26.846719998065566 5.424240000087929 0.5895440000527572 0.14516320001582717 nan nan nan 0.005337807998171081 0.001557055999067955 0.99609375 621467674.6240004 nan
56775.7 6103.9717 1283.316 289.83087 598095.25 48663.266 6936.99912221721 22058.14401003372 nan nan 50.31859197157112 25.879072005016862 5.771161597324341 0.6238371197993255 0.1486899199944257 nan nan nan 0.004451164804515175 0.0016383711979932557 0.99609375 621467976.1599982 nan
57621.277 6150.7007 1274.6626 284.2679 582381.0 49071.426 7189.942999489487 21984.51199747978 nan nan 54.599423985958786 25.18470400216019 6.023823999459953 0.6308470400216019 0.15176863998559875 nan nan nan 0.005328220794131493 0.0017638431999279938 0.99609375 621468276.831999 nan
57654.652 6162.383 1249.5673 264.0465 600952.44 47948.977 7327.446249883393 22269.439999913724 nan nan 56.84159999870586 25.34719999956862 6.139439999913725 0.6609423999603132 0.1578607999939607 nan nan nan 0.006420239999266657 0.0014575200003882408 0.99609375 621468577.5039997 nan
53371.164 6013.434 1189.8582 249.30463 550476.2 44336.734 7644.140500702274 26201.184009948425 nan nan 61.06185600959313 25.987648001243553 6.413824000621776 0.6924160000444126 0.16348320000888253 nan nan nan 0.005704703997512894 0.0015777568006573068 0.99609375 621468878.1760006 nan
51568.758 5890.7705 1174.2817 265.38165 520476.22 41994.895 7849.238500565927 31464.28802368187 nan nan 63.74832000696526 26.060223999071297 6.60386560055722 0.7 0.16220447998142598 nan nan nan 0.004965503997910423 0.0017039776000928701 0.99609375 621469178.8480014 nan
48208.723 5408.878 1094.6694 228.38786 423809.53 36678.57 7857.612500139285 36871.999980959896 nan nan 64.41119999896145 27.900799990653038 6.576640000311565 0.6845120000761604 0.15959200000692367 nan nan nan 0.005181999998269081 0.0015692000006923676 0.99609375 621469480.3839991 nan
45115.71 5373.8315 1095.5348 212.81154 389142.88 34591.836 8061.989124907085 35675.04000121358 nan nan 63.22876800054611 28.064384000273055 6.7830591998998795 0.6405692800160799 0.14840640000455094 nan nan nan 0.004821507200218445 0.0016159359999544907 0.99609375 621469781.056 nan
46461.95 5464.369 1098.1309 212.36649 396380.97 34418.367 7728.525623011415 33083.03999334539 nan nan 62.48745599900181 25.887103991016275 6.53284479836962 0.5931183998502711 0.14116607998669078 nan nan nan 0.004928816001497288 0.0016812544000998192 0.99609375 621470081.7280008 nan
48386.74 5531.5415 1126.6874 215.06453 402380.97 34566.324 7117.037496445414 28946.399971111932 nan nan 62.826432003466564 25.597504004044332 5.963567996533432 0.5821321600173328 0.14 nan nan nan 0.004576710396071223 0.0014909983983822683 0.99609375 621470382.4000016 nan
49799.734 5727.2197 1143.9945 227.49779 421904.78 36520.406 6769.889375355379 30578.111993533857 nan nan 63.859007998195494 26.44425599864662 5.611040000375938 0.5944534399759399 0.14214751999548875 nan nan nan 0.005611244797413544 0.0015961183996090241 0.99609375 621470683.9359994 nan
48308.86 5589.9526 1143.1292 230.94682 406571.44 35892.855 6715.35687500736 32087.23200016749 nan nan 66.78508800150742 28.997856001339922 5.5040959999790635 0.5903830399949752 0.14443616000083745 nan nan nan 0.0059707455999246295 0.0017274464000334982 0.99609375 621470984.6080002 nan
48709.39 5560.747 1129.2836 224.43816 407333.38 35413.26 6691.61224987219 31551.711997112998 nan nan 66.28732799326366 30.404224002245446 5.453983999839611 0.58051711997113 0.14139839998396111 nan nan nan 0.00543018239781871 0.0018436416004170113 0.99609375 621471285.2800009 nan
49443.703 5692.1724 1125.8221 225.66199 418285.75 37086.734 6799.370751062908 31223.711999318035 nan nan 60.89385595703613 30.44742399863607 5.554432001022949 0.5825772800409179 0.13771135997954104 nan nan nan 0.006338547209820312 0.0022080384029324546 0.99609375 621471598.0480021 nan
48408.992 5622.079 1132.7449 226.24611 416238.1 35096.938 6926.58837620202 30970.463996943206 nan nan 54.120671929693756 31.85372801935969 5.6435584007132515 0.5832348799898106 0.13929536003056794 nan nan nan 0.005853670388995544 0.001667299191440979 0.99609375 621471898.720003 nan
49187.81 5584.112 1111.1111 235.7866 436095.25 35775.51 6977.765125059486 32209.408003319015 nan nan 50.65142399531433 31.529759998047638 5.698512000097618 0.585310720005857 0.14 nan nan nan 0.005777155200449044 0.0018474176009566573 0.99609375 621472200.2560008 nan
49566.09 5540.303 1114.5725 237.14955 423571.44 35183.67 6884.584624371658 31132.28799079441 nan nan 54.50313602761677 31.145503999030993 5.617302399418595 0.5890899200193802 0.14 nan nan nan 0.005791375999757748 0.0019986240002422525 0.99609375 621472500.9280015 nan
49310.19 5499.4155 1133.6102 241.65553 441571.44 35561.223 6791.526874269968 27291.231960842488 nan nan 54.63791998665084 30.092863988430736 5.551263999555029 0.5923241600266983 0.1423241600266983 nan nan nan 0.006167360004449718 0.001808572797686147 0.99609375 621472801.6000024 nan
51412.996 5706.7754 1174.2817 249.38809 449761.94 36198.98 6782.1518751264975 24979.167981649436 nan nan 54.06691199676167 30.26617600647667 5.54 0.5883382399352333 0.14377696001079443 nan nan nan 0.006171225598488777 0.0018510048014032782 0.99609375 621473102.2720032 nan
