json/2017_254.ecsv
# %ECSV 1.0
# ---
# datatype:
# - {name: p1, datatype: float32}
# - {name: p3, datatype: float32}
# - {name: p5, datatype: float32}
# - {name: p7, datatype: float32}
# - {name: de1, datatype: float32}
# - {name: de4, datatype: float32}
# - {name: hrc_shield, datatype: float64}
# - {name: gp1, datatype: float64}
# - {name: gp2a, datatype: float64}
# - {name: gp2b, datatype: float64}
# - {name: gp3, datatype: float64}
# - {name: gp4, datatype: float64}
# - {name: gp5, datatype: float64}
# - {name: gp6, datatype: float64}
# - {name: gp7, datatype: float64}
# - {name: gp8a, datatype: float64}
# - {name: gp8b, datatype: float64}
# - {name: gp8c, datatype: float64}
# - {name: gp9, datatype: float64}
# - {name: gp10, datatype: float64}
# - {name: 2shldart, datatype: float64}
# - {name: times, datatype: float64}
# - {name: fi_rate, datatype: float64}
# meta: !!omap
# - comments: [idx = 571]
# - __serialized_columns__:
#     times:
#       __class__: cxotime.cxotime.CxoTime
#       format: secs
#       in_subfmt: '*'
#       out_subfmt: '*'
#       precision: 3
#       scale: utc
#       value: !astropy.table.SerializedColumn {name: times}
# schema: astropy-2.0
p1 p3 p5 p7 de1 de4 hrc_shield gp1 gp2a gp2b gp3 gp4 gp5 gp6 gp7 gp8a gp8b gp8c gp9 gp10 2shldart times fi_rate
[from data line 482]
62694.703 6314.252 1282.4507 374.9444 606666.7 46627.55 7095.129877062059 20006.43201184784 nan nan 54.83001605528992 28.076672018429974 5.879155201513891 0.6052131200855677 0.1439785599605072 nan nan nan 0.005898096002632853 0.0019306303980911813 0.99609375 621476520.2560021 nan
62338.67 6343.4575 1287.6428 379.95108 606666.7 46770.406 7351.3724997839845 21327.519989945475 nan nan 62.524416042229 30.486240005027263 6.064825599698365 0.6153100799597819 0.1396899200402181 nan nan nan 0.006424902411361613 0.0018400576087474366 0.99609375 621476820.928003 nan
62639.074 6507.0093 1284.1814 380.50735 591904.8 45683.67 7359.678750298538 20357.91999837392 nan nan 66.21312000243911 31.201920003455417 6.05776000020326 0.6127104000081304 0.1428223999979674 nan nan nan 0.006999471995873826 0.002488959999186961 0.99609375 621477122.4640007 nan
69726.305 6676.402 1275.5278 382.17624 586666.7 44668.367 7457.4969993582035 19358.303990453518 nan nan 67.03814399547798 32.58201599949756 6.118419199397064 0.6165395200150734 0.14217984000502445 nan nan nan 0.005500848004773242 0.0021582015999497555 0.99609375 621477423.1360015 nan
80841.12 7050.233 1264.2783 380.50735 569047.6 43709.184 7385.594126288816 17563.29599071606 nan nan 66.68236801499714 32.5 6.0509536012140535 0.6195462400214244 0.1424537599785755 nan nan nan 0.006345548802570938 0.0020698847968577423 0.99609375 621477723.8080024 nan
61860.258 6580.023 1299.7577 394.69293 574285.75 44790.816 7501.235123167821 16684.320010563915 nan nan 67.95763197464662 32.555296003169175 6.158665598204135 0.6214470399683083 0.1401843200105639 nan nan nan 0.006557055995246239 0.0017173728004225566 0.99609375 621478024.4800031 nan
60992.438 6492.4062 1307.5459 403.87183 581428.6 44908.164 7396.640373028318 17779.83998503704 nan nan 66.39177597905186 33.13580798204445 6.047983998503704 0.6176940800698272 0.1411865599900247 nan nan nan 0.006106048004488888 0.0017947743976059265 0.99609375 621478325.1519967 nan
61648.863 6550.8174 1290.2389 392.74588 589047.6 45091.836 7575.093750534654 19116.00000350952 nan nan 67.89119999368286 34.855200007720946 6.181600000350952 0.6106079999578857 0.14107199997192382 nan nan nan 0.00574 0.0021315200042816163 0.99609375 621478638.7840021 nan
61192.703 6486.5654 1283.316 374.10992 573333.4 44321.43 7663.7887512765365 19898.208016834807 nan nan 67.55136001485424 35.723424000990285 6.248108801188339 0.606 0.13729727997029154 nan nan nan 0.005590086393662191 0.0024313471928699643 0.99609375 621478939.4560028 nan
59479.305 6495.3267 1285.9121 372.1629 576666.7 44346.938 7759.082125169302 21460.12798711469 nan nan 69.12566397891494 35.918239994143036 6.335270400234278 0.6029257601522809 0.13452704002342786 nan nan nan 0.005452355182546263 0.0018681760005856958 0.99609375 621479240.1279966 nan
62416.555 6568.341 1300.623 374.66623 582857.2 45112.246 7787.118623568825 22490.97599300466 nan nan 70.57161599737675 36.63420798775815 6.351033598863257 0.5891804801399068 0.1320451200349767 nan nan nan 0.006504060803147904 0.0018968415975516306 0.99609375 621479540.7999973 nan
61214.957 6577.1025 1300.623 372.44104 587142.9 45821.426 7926.496374594926 22328.928021136067 nan nan 70.22169601585205 37.57952000330251 6.466867199537648 0.57651808001321 0.12948191998678996 nan nan nan 0.006133616002642009 0.0019871104033685606 0.99609375 621479841.4719981 nan
60636.406 6550.8174 1307.5459 367.99066 588095.25 46234.695 7936.903873466821 19752.3519937368 nan nan 68.47382400313161 37.07695999478067 6.488009598642973 0.5762304000521933 0.1305078399791227 nan nan nan 0.005716803195198214 0.0016467552019833462 0.99609375 621480143.0080031 nan
61782.375 6617.9907 1304.0845 368.82513 592381.0 46316.324 7820.836875248186 19076.512010396727 nan nan 68.32752001732788 36.7 6.385033600231038 0.5797516800115519 0.12949663997689617 nan nan nan 0.0054494623963033855 0.0017378528024259033 0.99609375 621480443.6799967 nan
62661.33 6676.402 1308.4113 374.10992 594285.75 46515.305 7788.44025052544 18650.559991896822 nan nan 66.97449600729286 36.599776003241274 6.357472000405159 0.5772460800567222 0.12999776003241273 nan nan nan 0.005802751996353568 0.001655167997569046 0.99609375 621480744.3519975 nan
61749.0 6711.448 1321.3915 371.60663 600000.0 47147.957 7752.286249775508 19349.440000912222 nan nan 66.75503999179 36.27472000045611 6.332639999771945 0.5712416000136833 0.1272527999954389 nan nan nan 0.006084384001003443 0.0018521920005017216 0.99609375 621481045.0239984 nan
62449.934 6778.6216 1322.2568 379.1166 614761.94 47892.855 7776.972499480176 18529.407971167093 nan nan 67.71311998336563 36.0194559922373 6.362262399667313 0.5697737600332687 0.12722623996673127 nan nan nan 0.005827148796007752 0.0017854752006653749 0.99609375 621481346.5600033 nan
63529.152 6924.6494 1353.4094 384.9577 622857.2 48423.47 7745.8459998605 17042.271983136012 nan nan 66.678047997024 35.369920004959994 6.3478047997024 0.5680976001487998 0.12552031998016003 nan nan nan 0.005383091206745595 0.0018247968001983998 0.99609375 621481647.2319969 nan
62828.22 6784.4624 1335.2372 387.7392 632381.0 48530.613 7730.010000764338 18509.919993885294 nan nan 66.34896001605111 35.05247999847133 6.343760000764338 0.5575247999847133 0.12647520001528675 nan nan nan 0.004961343997630552 0.0018441119990063603 0.99609375 621481947.9039978 nan
61281.707 6442.757 1326.5836 386.34845 618571.44 46484.69 7682.300499535883 18041.440018859354 nan nan 65.03817599575665 35.14707200094297 6.296463999528516 0.5574121600282891 0.12420608001414452 nan nan nan 0.0050841440018859355 0.0019452927999057032 0.99609375 621482248.5759985 nan
62505.562 6279.205 1296.2964 391.91144 602381.0 45045.918 7743.845500102963 15019.936000760346 nan nan 65.53987200152069 34.893248001013795 6.361993600076034 0.5532668799974656 0.12173312000253449 nan nan nan 0.004934115198631378 0.0018799360007603454 0.99609375 621482549.2479993 nan
61504.227 6311.3315 1306.6805 398.30887 620000.0 46448.98 7714.306499993449 15549.567979872741 nan nan 64.63152001257953 34.88108799245228 6.333753600167727 0.5546246399832273 0.12193695997484093 nan nan nan 0.00503329600796704 0.0017006015989097735 0.99609375 621482862.8799975 nan
62995.105 6582.9434 1338.6985 408.04407 630952.44 48117.344 7731.923374652311 17734.751989114087 nan nan 63.69436799807896 35.43708800128069 6.335727999679826 0.5610329598975444 0.12305632001921044 nan nan nan 0.004537279996798261 0.0018057279996798261 0.99609375 621483163.5519983 nan
64730.75 6696.8457 1325.7183 413.60703 621904.8 49418.363 7740.306875230365 17379.36001214905 nan nan 64.18511999772205 34.824800003796575 6.354160000126552 0.5694656000202484 0.12068320000253105 nan nan nan 0.004835648000354347 0.0017924800003796578 0.99609375 621483464.2239991 nan
63829.55 6486.5654 1303.2192 407.76593 627142.9 49321.43 7701.429875033289 14100.0 nan nan 64.8 33.86380800009115 6.342332800031901 0.5595334399936198 0.12063808000091146 nan nan nan 0.004669811199899739 0.001600668799872396 0.99609375 621483764.8959999 nan
64875.387 6612.149 1322.2568 416.38852 667619.06 50663.266 7792.963375370635 13939.359998575337 nan nan 64.5108479974356 34.41766400370412 6.418915200256439 0.5538553600341919 0.122 nan nan nan 0.004664576001282196 0.001499958400797811 0.99609375 621484065.5680008 nan
64619.492 6658.8784 1336.9679 425.28928 689523.8 51479.59 7843.510000520982 12490.240015319698 nan nan 64.58543999053784 35.26736000045058 6.444096000495637 0.5642847999684595 0.122 nan nan nan 0.0050711839986032035 0.001634512000765985 0.99609375 621484367.1039985 nan
69025.37 6898.3643 1361.1978 460.05786 755238.1 54693.875 7797.461999758303 10561.503997255568 nan nan 66.29577599775456 35.29859199925152 6.399577599775456 0.5647276800324342 0.122 nan nan nan 0.0052208448004490895 0.0015594367997006074 0.99609375 621484667.7759993 nan
69581.664 7032.71 1391.485 469.51492 801904.8 56071.426 7858.363999995896 10936.03199963885 nan nan 66.60220799970452 35.5 6.456691199996717 0.5543455999983584 0.12266176000065664 nan nan nan 0.004861766399763611 0.001620147199980301 0.99609375 621484968.4480001 nan
70761.016 7178.7383 1425.2336 453.3823 760952.44 56530.61 7849.479499995295 10016.783998343773 nan nan 66.0 35.5 6.45 0.5496675199879547 0.12233439998494339 nan nan nan 0.00457654080177668 0.0014234335985846788 0.99609375 621485269.120001 nan
71317.31 7316.0044 1404.4652 425.56744 725238.1 55918.367 7822.408875336079 9514.704001746928 nan nan 66.60883199213882 35.33088000218366 6.429705600262039 0.5453088000218367 0.11832352000873464 nan nan nan 0.005169561597423281 0.001231766398427765 0.99609375 621485570.6559987 nan
70627.5 7132.009 1387.1582 417.223 692381.0 54285.715 7731.584375273392 9539.407998016999 nan nan 67.59571200139976 34.82976000116647 6.355952000233294 0.542 0.11734047999766706 nan nan nan 0.005280806401913012 0.0014563808000933177 0.99609375 621485871.3279995 nan
68958.61 7035.6304 1374.178 417.223 679523.8 53265.305 7665.676250051458 10545.53600201472 nan nan 66.27465599581558 34.5 6.300281600046493 0.5433708800061992 0.11662911999380086 nan nan nan 0.004414415998527705 0.001495116800294459 0.99609375 621486172.0000004 nan
70449.49 7070.6772 1394.9464 429.4615 660952.44 53061.223 7726.442750505159 11434.496000447476 nan nan 63.98255999328785 34.5 6.357945600492225 0.5432403199642019 0.11468992000894954 nan nan nan 0.004103913604072038 0.0015027135984785791 0.99609375 621486472.6720011 nan
70037.83 7053.154 1391.485 426.68002 682857.2 53571.426 7829.278750575754 11430.559998616029 nan nan 64.35408002698746 34.5 6.457776000553588 0.5369583999792404 0.116 nan nan nan 0.004731248000622788 0.0012348639991004182 0.99609375 621486773.344002 nan
68335.56 7023.948 1386.2928 423.34222 681428.6 52755.1 7885.127500001996 11221.47199989779 nan nan 68.07792000153313 34.61779200015331 6.51 0.5318588799959116 0.116 nan nan nan 0.004860675200091987 0.0013345408002401898 0.99609375 621487086.9760001 nan
70805.52 7058.995 1388.8889 438.6404 687142.9 52857.14 7872.38349989842 10503.73119599321 nan nan 70.6107840047763 34.721023999469296 6.4981535999203945 0.5250255999867325 0.115210239994693 nan nan nan 0.004559324797240356 0.001517331199310089 0.99609375 621487387.6480008 nan
70872.27 7260.5137 1397.5425 447.26303 725238.1 54132.652 7847.667499977466 9832.243203518992 nan nan 71.4617279965387 34.87798400403819 6.472057599884623 0.5227942400115377 0.11280863998269348 nan nan nan 0.004021337601326833 0.0013044031991923625 0.99609375 621487688.3200017 nan
71105.914 7231.308 1411.3881 450.87897 721904.8 54030.61 7865.7485004175505 9768.691191187454 nan nan 70.7405759926562 35.3 6.479968000407988 0.522402559967361 0.11139936000815977 nan nan nan 0.004211916801060769 0.0012799040012239646 0.99609375 621487988.9920025 nan
70961.28 7205.023 1418.3108 450.87897 726190.5 54540.816 7923.153125737667 8802.735991224365 nan nan 71.16384002666015 35.7016000111084 6.526064000444336 0.5208032000222168 0.11159839998889161 nan nan nan 0.004579152007998047 0.001378032000222168 0.99609375 621488289.6640034 nan
73709.39 7397.7803 1430.4258 479.25012 737619.06 55153.06 7926.825999715109 8061.564797879509 nan nan 72.35596799807227 36.09663999839356 6.5215295997751 0.5187462399742971 0.11018655999357427 nan nan nan 0.0045138015960803045 0.001308655999357427 0.99609375 621488591.2000011 nan
74388.07 7447.4297 1445.1367 495.93906 743809.56 55204.082 7888.11700022853 7727.254400941437 nan nan 70.89580798184372 35.8 6.492268800201737 0.5164537600403473 0.10859103999327545 nan nan nan 0.004235766407329758 0.0014026592034967651 0.99609375 621488891.8720019 nan
72352.02 7432.8267 1449.4635 493.71387 743333.4 54897.957 7877.041874250602 7953.920003461139 nan nan 69.79344001186676 35.59439999505551 6.485327999406662 0.5191775999802221 0.1092336000296669 nan nan nan 0.004842991999109993 0.0016277599980222067 0.99609375 621489192.5440028 nan
72062.75 7426.986 1444.2714 488.42905 748095.25 55153.06 7826.123374816147 7738.291187690331 nan nan 69.50774397103606 34.96924799034536 6.45 0.5217209601086148 0.11017311997586339 nan nan nan 0.004397231988535112 0.0015761504019309285 0.99609375 621489493.2160035 nan
71840.234 7316.0044 1432.1565 484.2568 752857.2 55408.164 7821.765500049548 6750.739195787026 nan nan 67.47215999320487 34.20700799682894 6.462556800135903 0.5223958399501691 0.10941856000453008 nan nan nan 0.00446365440674982 0.0016155871994110896 0.99609375 621489794.7520013 nan
72752.56 7532.1255 1434.7526 482.30975 813809.56 56989.793 7758.923123828863 6167.919999287859 nan nan 66.09503999145431 33.8 6.412671998860576 0.5206288000783355 0.11 nan nan nan 0.005102767996154441 0.0014768799989317892 0.99609375 621490095.4240022 nan
83066.31 7681.074 1475.4241 483.1442 855238.1 58622.45 7735.88612667258 5911.171195394857 nan nan 65.78073600881837 33.884608001959634 6.387686401567708 0.5240387199314128 0.11042304000979818 nan nan nan 0.004405033591083659 0.0014069216003919271 0.99609375 621490396.0960029 nan
100011.13 8031.5415 1516.0956 512.628 940000.06 62653.06 7834.707249990928 5389.0848068508185 nan nan 67.32067197213226 34.0 6.48 0.5208505599767769 0.11014944002322312 nan nan nan 0.003671612805689663 0.0013577024019739647 0.99609375 621490696.7679965 nan
114040.945 10277.452 1582.7275 535.7143 997142.9 65204.082 7789.565250929311 4968.77120165574 nan nan 68.44348800522866 34.21375999564279 6.432972800958587 0.5194348800522866 0.109 nan nan nan 0.00339 0.001221523200784298 0.99609375 621490997.4399974 nan
85213.625 9725.467 1568.0166 538.21765 975714.3 64183.67 7781.169375930849 5143.776005016784 nan nan 68.66755201003356 34.263519995819344 6.426755201003357 0.5117433599247483 0.10758111997491608 nan nan nan 0.0034751328015050352 0.0012645920016722614 0.99609375 621491311.0720026 nan
76579.88 8113.317 1579.2662 534.6017 944761.94 62653.06 7809.772499221851 5298.43199581913 nan nan 70.34544002705269 34.0 6.461487999262199 0.507 0.106 nan nan nan 0.004425360022134017 0.0014602880023363684 0.99609375 621491611.7440035 nan
77748.11 8198.014 1539.46 544.0588 983809.56 64897.957 7737.3975007330355 5258.457597408544 nan nan 71.45225600089361 33.66579200625524 6.401353600536163 0.5041353600536164 0.10361280004468028 nan nan nan 0.004658614413314723 0.0014692864016978505 0.99609375 621491912.4159971 nan
76769.02 7856.308 1491.0004 547.6747 996190.5 64642.855 7647.874875644396 5021.459205366341 nan nan 70.68048000993767 33.53983999668744 6.322032000662511 0.496682880059626 0.10047235200728763 nan nan nan 0.0040143103981449685 0.0014419519990062331 0.99609375 621492213.0879979 nan
73364.49 7485.3965 1449.4635 552.68134 875714.3 58520.406 7624.346250555482 4968.448007557653 nan nan 71.35440002983285 33.460639993039 6.303936000696099 0.4900607999602229 0.09960911999403343 nan nan nan 0.003961231995922845 0.0013212319959228452 0.99609375 621492514.6240029 nan
73631.51 7429.906 1484.0775 593.2911 924285.75 58265.305 7693.457999041693 5871.391987849388 nan nan 74.99427195024036 33.83055998264199 6.364351999421399 0.4816684801504361 0.10012796798032758 nan nan nan 0.0035746656041659238 0.00111 0.99609375 621492815.2959965 nan
75344.91 7529.205 1515.2302 635.01337 946666.7 59795.918 7742.626874876946 6233.859203240188 nan nan 77.54249599369963 34.6 6.394892799909995 0.4789142399279958 0.09982572802160125 nan nan nan 0.0035416767972098378 0.0011540351991899528 0.99609375 621493115.9679973 nan
75689.805 7637.266 1538.5947 679.239 994761.94 61836.734 7743.081375080561 5755.08800363945 nan nan 76.67120001516439 34.7966079975737 6.3901696001213155 0.481033920024263 0.09840339200242629 nan nan nan 0.003611526401091835 0.0013228799984835624 0.99609375 621493416.6399982 nan
