json/2017_254.ecsv
# %ECSV 1.0
# ---
# datatype:
# - {name: p1, datatype: float32}
# - {name: p3, datatype: float32}
# - {name: p5, datatype: float32}
# - {name: p7, datatype: float32}
# - {name: de1, datatype: float32}
# - {name: de4, datatype: float32}
# - {name: hrc_shield, datatype: float64}
# - {name: gp1, datatype: float64}
# - {name: gp2a, datatype: float64}
# - {name: gp2b, datatype: float64}
# - {name: gp3, datatype: float64}
# - {name: gp4, datatype: float64}
# - {name: gp5, datatype: float64}
# - {name: gp6, datatype: float64}
# - {name: gp7, datatype: float64}
# - {name: gp8a, datatype: float64}
# - {name: gp8b, datatype: float64}
# - {name: gp8c, datatype: float64}
# - {name: gp9, datatype: float64}
# - {name: gp10, datatype: float64}
# - {name: 2shldart, datatype: float64}
# - {name: times, datatype: float64}
# - {name: fi_rate, datatype: float64}
# meta: !!omap
# - comments: [idx = 571]
# - __serialized_columns__:
#     times:
#       __class__: cxotime.cxotime.CxoTime
#       format: secs
#       in_subfmt: '*'
#       out_subfmt: '*'
#       precision: 3
#       scale: utc
#       value: !astropy.table.SerializedColumn {name: times}
# schema: astropy-2.0
p1 p3 p5 p7 de1 de4 hrc_shield gp1 gp2a gp2b gp3 gp4 gp5 gp6 gp7 gp8a gp8b gp8c gp9 gp10 2shldart times fi_rate
[from data line 105]
16210.503 5292.0557 1181.2046 142.9406 12890.477 109.38776 20.67976249815281 3410.0 nan nan 0.21398560035466002 0.05577359997850545 0.016627359997850547 0.0046999040023644 0.0024395999986565908 nan nan nan 0.0009159487990219981 0.00046024000080604555 15.937270164489746 621362564.7039983 3.9419
16421.896 5467.2896 1210.6265 142.77371 12728.572 115.71428 20.223183504878534 3294.569600815094 nan nan 0.1600220800633962 0.05766633600588679 0.016162528005207545 0.0046725439980754725 0.0024785376009283013 nan nan nan 0.00104 0.0003519078400430188 16.682573945403867 621362865.3759992 3.9071
17634.625 5890.7705 1257.3556 149.00423 12742.857 110.765305 20.78052625673641 3209.8080005326333 nan nan 0.17150880010168457 0.053030719990436806 0.016597600006657918 0.005202783999842631 0.0023707040005689494 nan nan nan 0.00104 0.0003865792001585795 16.824452189065298 621363178.1440004 3.9597
19181.13 6203.2705 1289.3735 150.56187 12961.905 124.43877 21.596924295031737 3722.041596168644 nan nan 0.1973760004561138 0.048699807988445115 0.017484928043178773 0.0051568319993918485 0.0025816032014595643 nan nan nan 0.0009729657611068362 0.0004007558411433253 16.933347702026367 621363479.6799982 3.9438
19247.887 6153.621 1289.3735 150.70094 12738.096 107.29591 16.29652725628177 3938.4256018308206 nan nan 0.15 0.052345695975339966 0.012481216005230916 0.0048790848034374595 0.0024633503996637266 nan nan nan 0.000858 0.00040761983873337097 15.937270164489746 621363780.3519989 3.9407
19492.656 6287.9673 1321.3915 150.17245 12347.62 108.11224 16.873358746796008 3764.2079997370147 nan nan 0.1708767999590912 0.04990144001293011 0.01312847999700489 0.004754815999108772 0.002441712000153408 nan nan nan 0.0010936095995383148 0.0006560431999313316 16.933347702026367 621364081.0239998 3.867
19503.783 6358.0605 1316.1995 151.09035 12338.096 121.17347 20.293137752448033 4005.0016000549012 nan nan 0.19924927997529449 0.04052518400631363 0.01637507200247055 0.005306227199217659 0.0022912479999313735 nan nan nan 0.0014562463998764724 0.0005811107195100075 16.59996179081733 621364381.6960006 3.9614
19503.783 6188.668 1273.7971 147.8082 12847.619 108.928566 20.651189240230114 4241.276802728109 nan nan 0.18422719995128378 0.04362636800292297 0.016745439990256756 0.005036774401120474 0.0022901824003897296 nan nan nan 0.001298134398684662 0.0005070256019242909 16.933347702026367 621364682.3680013 3.9213
19414.775 6051.4014 1264.2783 143.19092 12471.43 112.244896 18.4532150058261 4544.112000281677 nan nan 0.19597279988967642 0.04327344000445989 0.01477344000445989 0.004755536002605514 0.002378239999765269 nan nan nan 0.0011797119996948496 0.000608835200884936 15.937270164489746 621364983.9039991 3.9569
18635.959 5870.3267 1234.8563 144.9989 12166.667 109.89796 17.069961500066984 4716.169600110189 nan nan 0.19615199998708727 0.04636950400191109 0.0136 0.004196931200056816 0.002401535999982783 nan nan nan 0.0011907647999690094 0.0004340806400259977 16.16376643329899 621365284.576 3.9480000000000004
18168.67 5756.4253 1200.2423 143.66379 12238.096 106.83674 17.990948754849455 4897.215998486023 nan nan 0.16083264007707518 0.05068527998210754 0.014180320004129028 0.004728848002339783 0.002367081600192688 nan nan nan 0.0009418838390172913 0.00047593183963664555 15.937270164489746 621365585.2480007 4.0176
18624.832 5692.1724 1193.3195 142.35648 12009.524 109.591835 17.394837727250152 4544.435199788757 nan nan 0.178 0.04872342402746155 0.013504607978347625 0.005144937598574112 0.0023555231992606505 nan nan nan 0.0006525692790441269 0.0004537571207974411 16.826526490539123 621365885.9200016 4.0964
18057.41 5549.065 1168.2244 139.85313 12333.334 100.5102 16.72986123976315 3972.0064028525303 nan nan 0.1744518400184696 0.05111152000410436 0.012852927990354753 0.005058847999589564 0.0021753824004925233 nan nan nan 0.0007024556791647627 0.0004939603202708878 15.937270164489746 621366187.4559994 3.9395
16978.193 5271.612 1129.2836 137.12729 12338.096 108.46938 19.399686499703424 3316.3456001570585 nan nan 0.15036543998429414 0.047838303998262326 0.015462111999799499 0.005045196799886383 0.002117225600073517 nan nan nan 0.0010723052801039261 0.0004512691200314117 15.937270164489746 621366488.1280001 3.9608999999999996
16510.902 5216.1216 1132.7449 136.65443 12333.334 100.35714 18.190910994448046 3488.3583990792135 nan nan 0.11442431993751805 0.046015776010852126 0.014342431993751806 0.005083219202005999 0.0022579744000657703 nan nan nan 0.0011359980789772692 0.0004928486398750361 15.937270164489746 621366788.800001 nan
16266.133 5119.7427 1105.0536 136.0147 12328.571 105.66327 18.00933951131562 3372.1248007075983 nan nan 0.12184512025582402 0.04747875199292401 0.014122208012519047 0.005125222395591118 0.0022820288001632917 nan nan nan 0.001073698561692793 0.00042509247939037675 16.815678524899667 621367089.4720018 nan
15665.332 4991.238 1086.8812 137.76703 11823.81 109.54082 19.177417998180502 3547.574402297625 nan nan 0.13758143970757497 0.044659807951958744 0.015411295997911249 0.004804102403864188 0.0022600831990600622 nan nan nan 0.0011801663981201248 0.0003495731198015687 15.937270164489746 621367402.240003 nan
16577.66 4786.799 1069.5742 132.51001 12223.811 104.89796 18.965855249216506 3705.8912002453512 nan nan 0.1385996801134749 0.04326646400797391 0.015120543998773243 0.00513113280082806 0.002165135999693311 nan nan nan 0.0009602131191811406 0.0003977718404017625 15.937270164489746 621367703.7760007 nan
17167.334 4547.313 1015.9225 131.9259 11804.763 104.132645 18.554119746803476 3997.984002926337 nan nan 0.1847001603032749 0.047044576027667186 0.014674559997339694 0.005054559997339694 0.002425616003724429 nan nan nan 0.0008946092809630309 0.0005380828808034125 16.39974888209226 621368004.4480015 nan
18213.174 4337.0327 978.71234 129.22786 11919.049 101.122444 19.302502769434636 4472.185603103417 nan nan 0.1606287350020066 0.04931094398938305 0.015351552017150459 0.005006560004083443 0.0026468767970599214 nan nan nan 0.0010964051218457162 0.0005358134384646256 15.937270164489746 621368305.1200024 nan
18991.988 4287.383 957.07855 125.778824 12119.049 104.79591 19.427440973054384 4511.516796141082 nan nan 0.15354323336835166 0.045002655917606875 0.01554374397809803 0.005065980795098131 0.002490982400938656 nan nan nan 0.0013839296037546234 0.0005013040015644264 16.733066357543073 621368605.7920032 nan
19192.256 4392.523 973.52026 124.13775 11947.62 97.39796 18.53296748791126 4319.15199978419 nan nan 0.22088160009711458 0.0440404799212293 0.014720319992446645 0.005057103994173126 0.002594911998705139 nan nan nan 0.0012290208082763189 0.0005230544014135564 15.937270164489746 621368906.4639968 3.9774000000000003
18146.418 4407.126 996.0194 127.72585 11933.334 98.57143 18.253142488722393 4371.644800529198 nan nan 0.15510604722619536 0.047074559988240054 0.014405919991180039 0.005007587195648819 0.002498047997942009 nan nan nan 0.000813 0.0004954956805527176 15.937270164489746 621369208.0000018 3.9886000000000004
17356.475 4448.0137 1008.13434 126.613266 11709.524 114.234695 18.13223426624736 4652.48000415268 nan nan 0.08877062407807038 0.0484642880440184 0.014297440012458038 0.00490757440531543 0.0022681535992525176 nan nan nan 0.000978990722965013 0.0005371657598421982 15.937270164489746 621369508.6720026 3.9336
17234.09 4488.9014 1020.24927 126.947044 11866.667 95.86734 18.58322623649583 4920.0 nan nan 0.10697504029868049 0.042703519805116275 0.014679519990467644 0.005376144002859707 0.002149919998411274 nan nan nan 0.0011513119995763398 0.00047420639880315973 15.937270164489746 621369809.3440033 3.938
16499.777 4389.6025 987.3659 128.39342 11285.715 98.87755 16.849866770920183 4905.916800279518 nan nan 0.13091935982297184 0.030411968049381535 0.013355008016771088 0.005252419205310844 0.002234303996738955 nan nan nan 0.0011722495991614455 0.0004848854385930921 15.937270164489746 621370110.015997 3.9936000000000003
15732.087 4325.3506 993.4234 129.64508 11271.429 101.122444 17.94649203416192 5094.060803046948 nan nan 0.11860076766554423 0.03291507207936239 0.014440608030469487 0.0049784736004251555 0.0022728863978033623 nan nan nan 0.0013054208012754668 0.0005469667197307347 15.937270164489746 621370411.552002 3.9406000000000003
14574.989 4474.299 1025.4414 127.94838 11390.477 103.418365 20.59143750220105 5443.968002441698 nan nan 0.1248873606123029 0.04785920017843183 0.01660463999812177 0.00501 0.0021243040002817343 nan nan nan 0.0010772063936421922 0.0005360592001784319 16.933347702026367 621370712.2240027 3.9399
14207.832 4661.215 1033.2295 128.50468 11204.763 103.36735 18.521705944230362 5431.497596222363 nan nan 0.14558687965879416 0.05559641594394475 0.01444012794760053 0.005091436802071607 0.0022980832040213547 nan nan nan 0.0008528198433023853 0.0005009702388545232 16.58653227967378 621371012.8960036 3.9602
14541.61 4786.799 1066.9783 131.03583 11252.381 96.47959 18.10397996182994 5698.339191685787 nan nan 0.0905243527856464 0.0491091200794054 0.014076991963566933 0.005391763195889602 0.0025806943978513835 nan nan nan 0.0011893996762072244 0.0004154227207099777 15.937270164489746 621371313.5679972 3.9725
14430.352 4947.4297 1098.9962 131.20271 10961.905 101.42857 17.990978772800133 6416.681597378507 nan nan 0.1056224634002666 0.042604640021399943 0.01426656001872495 0.004980915206526983 0.0027419071995720013 nan nan nan 0.001326662400748998 0.00045509983919215217 15.937270164489746 621371626.3359984 3.8867000000000003
15131.286 5140.1865 1113.7072 130.0623 11500.0 100.30612 16.52704476178662 6311.465592941813 nan nan 0.15423935990074425 0.04419113607278755 0.01291737600661705 0.004780851207940461 0.002621311996691475 nan nan nan 0.0012123935990074426 0.000457177278544249 15.937270164489746 621371927.8720033 3.9499
14775.257 5075.9346 1087.7466 131.9259 10976.19 99.89796 19.34824370409975 6381.839992636235 nan nan 0.1250336004944242 0.0473 0.01537791995686938 0.005173119998948034 0.0023843840018935394 nan nan nan 0.00117 0.00043483999921102524 15.937270164489746 621372228.5439969 4.0444
13918.558 4856.8926 1060.0554 128.19872 10623.81 93.16326 20.048064269435915 7264.777591987274 nan nan 0.13287263956854553 0.046606528010015906 0.016019744018490906 0.005273343999229545 0.002470700797534546 nan nan nan 0.0008590044844917493 0.00046039808013868176 15.937270164489746 621372529.2159978 3.9041
14975.523 4988.3174 1073.0356 127.78149 10885.715 99.13265 18.986599749106773 8210.684796437445 nan nan 0.16435679995857494 0.0576242559101076 0.014846432000414252 0.005062873601988403 0.0025932160002071253 nan nan nan 0.0008296630381234443 0.00040164608038939563 16.866170068931282 621372829.8879986 3.9432
15576.324 5207.36 1089.4774 129.53383 10957.144 90.15306 17.348553711100962 8712.752002299525 nan nan 0.169 0.053476959681697335 0.01350207997095337 0.00474806399794253 0.0024618399975794474 nan nan nan 0.0010616320004841104 0.0004796800027231216 16.230874776273915 621373131.4240035 4.0465
15754.34 5105.14 1092.0734 129.95105 10761.905 92.29591 17.767780968923283 9060.659195725648 nan nan 0.15379488024933727 0.04460393594746108 0.013866207975956765 0.005370521588512676 0.002364569600089049 nan nan nan 0.001058278400356196 0.0005118617611665422 15.937270164489746 621373432.0959972 4.0889
15342.679 4997.0796 1050.5365 129.78416 10447.62 90.71429 20.71334598355267 10163.35358924466 nan nan 0.13554720006639098 0.045500576021909024 0.016735839980082705 0.005109363210356994 0.0025072255982074433 nan nan nan 0.00104 0.0004618150398804962 16.933347702026367 621373732.767998 nan
15142.413 4795.5605 1055.7286 128.22652 10938.096 104.89796 19.822147015453222 10571.488002516022 nan nan 0.1364751999580663 0.0465185919807105 0.015964672016354143 0.004848966396561437 0.002416467201635414 nan nan nan 0.0009403513607631933 0.0003051964812622042 15.937270164489746 621374033.4399987 nan
14319.092 4664.1353 1034.9602 126.02916 10457.143 94.744896 18.22856149982254 11344.543997490768 nan nan 0.11505132806233459 0.042497664014659195 0.014529855999207612 0.004884646400805596 0.0022509951999735867 nan nan nan 0.001029525119587958 0.0002932457597015335 15.937270164489746 621374334.1119996 nan
13762.795 4561.9155 1007.269 125.38942 10385.715 99.18367 18.264353000389335 13309.759982514192 nan nan 0.11444153567476395 0.03894268797726844 0.01468902400174858 0.004759817597639416 0.0023265855989508515 nan nan nan 0.0011977439995628548 0.000395 16.083871809275646 621374635.6479974 nan
13951.937 4550.2334 1008.13434 122.10726 10419.048 97.244896 18.148341001122372 14701.407994149436 nan nan 0.12598592005850562 0.046674015923292615 0.014154304005200501 0.005442691193434368 0.002296432000975094 nan nan nan 0.0009431113632308109 0.0003743865602405231 15.937270164489746 621374936.3199981 nan
13940.811 4567.757 994.2887 124.49933 10123.811 99.79591 18.369471998066594 14093.152006541213 nan nan 0.15332415979649555 0.05229155199745619 0.014135615997819595 0.005722192001090203 0.0022859359996365994 nan nan nan 0.0009730339183755985 0.00039995199972744943 16.41718929170339 621375236.991999 nan
13373.387 4483.0605 975.251 123.358925 10271.429 99.28571 19.03782999995235 13749.279999950662 nan nan 0.16732960000117175 0.047433280000567374 0.014905439999944495 0.005646159999993833 0.002431087999988899 nan nan nan 0.0010200528000164663 0.0004751199999953747 15.937270164489746 621375537.6639998 4.2059
13996.44 4573.598 1011.59576 123.331116 10400.001 86.734695 18.444834494237426 15429.152008220572 nan nan 0.19887456024661712 0.046541632019430436 0.014635423995889714 0.004910633595179756 0.0023287519988790134 nan nan nan 0.001312016322529694 0.00042825087950676573 16.22768749892808 621375850.432001 4.050400000000001
14341.344 4760.5137 1038.4216 123.52582 10128.572 95.30612 18.687842994738023 17945.05598985756 nan nan 0.1738204803155426 0.05140268798272028 0.014748351996619186 0.004936166396694316 0.002313577599361402 nan nan nan 0.00127536000187823 0.000376 15.937270164489746 621376151.9679987 3.9576
15142.413 4935.7476 1060.0554 125.38942 10023.81 97.602036 18.26580150257154 20223.039996755473 nan nan 0.13488480001622263 0.044761024022387234 0.014305024002108943 0.005451225599545766 0.0023433088000973357 nan nan nan 0.0012206495996268793 0.0004334828798475072 15.937270164489746 621376452.6399995 3.9308
15131.286 4950.35 1055.7286 122.63574 10338.096 94.13265 18.275268001377796 22043.392002299144 nan nan 0.15984672006356454 0.04265292800716791 0.014413760001352438 0.005308358399445501 0.0023568256000811466 nan nan nan 0.000977342079266979 0.0003779359997971344 15.937270164489746 621376753.3120004 4.018
15008.9 4985.397 1053.1326 125.72319 10376.191 89.744896 19.215450003303726 21652.799993671735 nan nan 0.178 0.047903200019357044 0.015231200002605756 0.005193120000260575 0.0024046400001489004 nan nan nan 0.0009072160008412871 0.00044751200077055935 16.003197100055445 621377053.9840012 3.9387000000000003
15075.656 5005.841 1066.9783 126.947044 9976.191 91.78571 19.96191899765237 21683.23199604609 nan nan 0.10240969643744603 0.043813024035225724 0.015872671997843323 0.005617516797699544 0.0023765216002516122 nan nan nan 0.000994 0.0004915961602048844 15.937270164489746 621377355.5199989 3.9361
14986.648 5023.3643 1073.901 126.418564 10109.524 90.96938 19.122391001894457 21351.96800130371 nan nan 0.102864991918844 0.04421417599282959 0.015289632001412354 0.005018464001466675 0.0024622047998044435 nan nan nan 0.000909223040147754 0.00042324800008148195 15.937270164489746 621377656.1919998 3.8719
15331.554 5081.7754 1069.5742 125.30596 10247.62 93.928566 20.536947505014197 21775.84000212021 nan nan 0.15477280005754854 0.0495777600069664 0.016364000003786086 0.00541712000219593 0.0024048799996971132 nan nan nan 0.0010281632004119263 0.0005013520002574539 16.76053112172656 621377956.8640006 3.9024
