json/2017_254.ecsv
# %ECSV 1.0
# ---
# datatype:
# - {name: p1, datatype: float32}
# - {name: p3, datatype: float32}
# - {name: p5, datatype: float32}
# - {name: p7, datatype: float32}
# - {name: de1, datatype: float32}
# - {name: de4, datatype: float32}
# - {name: hrc_shield, datatype: float64}
# - {name: gp1, datatype: float64}
# - {name: gp2a, datatype: float64}
# - {name: gp2b, datatype: float64}
# - {name: gp3, datatype: float64}
# - {name: gp4, datatype: float64}
# - {name: gp5, datatype: float64}
# - {name: gp6, datatype: float64}
# - {name: gp7, datatype: float64}
# - {name: gp8a, datatype: float64}
# - {name: gp8b, datatype: float64}
# - {name: gp8c, datatype: float64}
# - {name: gp9, datatype: float64}
# - {name: gp10, datatype: float64}
# - {name: 2shldart, datatype: float64}
# - {name: times, datatype: float64}
# - {name: fi_rate, datatype: float64}
# meta: !!omap
# - comments: [idx = 571]
# - __serialized_columns__:
#     times:
#       __class__: cxotime.cxotime.CxoTime
#       format: secs
#       in_subfmt: '*'
#       out_subfmt: '*'
#       precision: 3
#       scale: utc
#       value: !astropy.table.SerializedColumn {name: times}
# schema: astropy-2.0
p1 p3 p5 p7 de1 de4 hrc_shield gp1 gp2a gp2b gp3 gp4 gp5 gp6 gp7 gp8a gp8b gp8c gp9 gp10 2shldart times fi_rate
[from data line 886]
43046.285 16965.537 4771.5474 834.1678 367238.12 19244.898 1264.1775624818806 493.54079999085997 nan nan 21.427039999543 10.54527999965725 0.9485407999908599 0.0425175999988575 0.00922 nan nan nan 0.0016456640004113006 0.0005372144000639802 0.99609375 621598514.4639997 nan
40453.94 15919.976 4437.5215 801.62445 366809.53 19178.57 1241.4825251975703 455.3001603065333 nan nan 22.01782399600174 10.254784002665506 0.9336022401266116 0.04218217600399826 0.008305177607063594 nan nan nan 0.0011484800033318837 0.000738444798367377 0.99609375 621598828.0959979 nan
40698.707 15788.55 4383.0044 786.3263 358476.2 18841.836 1231.8110750326407 435.15552008053993 nan nan 22.446111997986502 9.9923328012081 0.931 0.04019638401107424 0.008757043196526714 nan nan nan 0.0013568895983892008 0.0004951104016107991 0.99609375 621599128.7679987 nan
43101.914 16930.49 4580.3047 782.98846 346952.38 18382.652 1163.0947251215957 410.44448004042664 nan nan 20.591456003420717 9.265984001243897 0.8824188800870728 0.03903248000155487 0.009101580799549088 nan nan nan 0.0013219232001399383 0.000452 0.99609375 621599429.4399996 nan
38462.395 14783.878 4189.166 749.6106 343952.4 18005.102 1104.863599882221 395.6931199721811 nan nan 20.73488000106996 9.203488000106997 0.8289027198865843 0.03820419199828807 0.008461587198330863 nan nan nan 0.0014317664002995885 0.0006485657604836214 0.99609375 621599730.1120003 nan
35636.402 13592.289 4026.4797 731.80914 349380.97 18081.633 1065.6765623601625 396.616000011425 nan nan 21.323200002285002 8.98327999900983 0.7975839998933665 0.03565839998933665 0.008220479999390667 nan nan nan 0.001606960000685501 0.0006614319999276415 0.99609375 621600030.7840011 nan
34846.465 13896.027 4019.5571 714.0076 352619.06 17790.816 1074.2361499583487 405.77119997244773 nan nan 19.996608004408365 8.765804800578598 0.8106652799476506 0.0353 0.00747199040228684 nan nan nan 0.0013054656010194348 0.0005432201603636902 0.99609375 621600332.319999 nan
37160.66 14751.752 3942.5408 676.73566 320380.97 17025.51 1072.8305000042794 400.8444800080723 nan nan 21.206975998154906 8.484985600334422 0.8147587199976936 0.03749839999711704 0.007888822399319623 nan nan nan 0.0015413951996309815 0.0005929519999135112 0.99609375 621600632.9919997 nan
37538.94 14769.275 3884.5623 677.84827 320285.72 16984.693 1066.2529374863975 384.1311999647865 nan nan 20.782879998630587 8.520528000156503 0.8079471999843496 0.036918399998043694 0.008021712000136941 nan nan nan 0.0014213119996478653 0.0004697599997065544 0.99609375 621600933.6640005 nan
37105.027 14059.578 3895.8118 699.2657 336047.62 17239.795 1072.1275375325708 383.767680008596 nan nan 19.904543996131782 8.644899200558742 0.8114192000214902 0.035120703991833764 0.008215606400902584 nan nan nan 0.0013204543996131783 0.0005845760006447029 0.99609375 621601234.3360014 nan
34379.17 13545.56 3882.8315 698.15314 340666.7 17387.754 1030.712762623381 373.3324800311188 nan nan 20.155583998962708 8.54443520033712 0.7755526401063225 0.031966432008557664 0.007217696002982216 nan nan nan 0.0015500191992998276 0.0005851097600492713 0.99609375 621601535.8719991 nan
38707.164 15668.808 4136.3794 698.7094 323095.25 16948.98 1027.831749997265 378.23839999289703 nan nan 19.665280000608828 8.458704000081177 0.7754559999949264 0.02999584000182648 0.007321711999736176 nan nan nan 0.0011344000005073548 0.0004992272000953826 0.99609375 621601836.5439999 nan
39519.36 15794.392 4068.882 686.749 322238.12 16739.797 996.8545999119517 379.0 nan nan 18.795903997735902 8.26237759947171 0.7509836799295614 0.02854918399647807 0.0068943455987170105 nan nan nan 0.0013301632007043864 0.0005569014401911905 0.99609375 621602137.2160008 nan
40910.105 15887.85 4049.8442 684.52386 320380.97 16801.02 986.7922624560173 383.4784000311038 nan nan 18.3417279975117 8.087734398942471 0.7453129599813377 0.028579136001244152 0.007260969602923754 nan nan nan 0.0013152159996889623 0.0005309641597636114 0.99609375 621602437.8880016 nan
44303.516 17009.346 4173.5894 684.24567 322476.22 16938.775 971.3231873715821 369.63327987476197 nan nan 17.13270398982441 8.07 0.7306332798747619 0.02967750400939285 0.006645539194207741 nan nan nan 0.0014357088010958328 0.0006114044807357735 0.99609375 621602738.5600023 nan
42067.203 16620.91 4151.0903 683.1331 325047.62 16928.57 952.8448374573709 411.3945601100878 nan nan 17.66035200167525 7.8718943994974255 0.7176796799712815 0.029233983998564073 0.006654902400215389 nan nan nan 0.0010198278389086945 0.0004615721595955468 0.99609375 621603052.1920005 nan
42211.836 16212.031 4104.3613 683.41125 318047.66 16780.611 973.0011250864794 460.33440018931896 nan nan 17.794560000386365 7.737071999497726 0.7406400000965913 0.026930559990727236 0.006584351999690908 nan nan nan 0.0015102976021095543 0.0004690208000695457 0.99609375 621603352.8640013 nan
41499.777 16080.606 4060.2288 690.0868 319000.03 16719.389 938.4155747166195 471.530560067519 nan nan 17.04172799399831 7.81530560067519 0.7059820797149198 0.027273920003751055 0.006902265602550718 nan nan nan 0.00179591680202557 0.0005600448007127005 0.99609375 621603653.5360022 nan
41477.523 16066.003 4114.7456 689.80865 320333.34 16801.02 923.5672748733833 476.75040004670586 nan nan 17.09500800093412 7.496972796824 0.6982995199439529 0.029105152017748236 0.006862995199439529 nan nan nan 0.0014679711966371764 0.0004927939192900705 0.99609375 621603954.2080029 nan
42679.13 16845.793 4185.7046 687.30536 318523.84 16744.898 893.7495624220461 503.74560007154594 nan nan 16.717919998977916 7.202991999258989 0.6769855999437854 0.027958239996678225 0.00699372800035773 nan nan nan 0.0017461120007921157 0.00043550879985690817 0.99609375 621604255.7440007 nan
39897.64 15642.521 4000.5193 675.90125 330809.53 17096.94 911.7560125890209 539.4678401583817 nan nan 16.125535997360306 7.19 0.6941913600835903 0.028378720002199747 0.0068085119991201015 nan nan nan 0.001281279997800255 0.0004511913600835903 0.99609375 621604556.4160016 nan
39307.965 15330.023 4006.5767 680.9079 333285.75 17081.63 852.712162021592 549.637120068977 nan nan 15.524191995401535 6.873305597470845 0.6460563196091305 0.026192735982372553 0.006790403199923359 nan nan nan 0.0011736287993102303 0.0006688876817320885 0.99609375 621604857.0880023 nan
39218.957 15525.699 4046.383 685.6364 332666.66 16959.184 852.3370875253728 568.2764802165149 nan nan 15.788576003418656 6.86 0.6468857600341865 0.023791391972650757 0.006818857600341865 nan nan nan 0.001391241602620969 0.0004961971178462471 0.99609375 621605157.7600031 nan
40275.926 15601.635 4069.7473 683.9675 335190.5 17056.121 853.5140874879919 539.1110403286087 nan nan 15.028672008480225 6.7539424011660305 0.6498924799681992 0.02504982398515961 0.006791075200318008 nan nan nan 0.0014 0.0005622761591943786 0.99609375 621605458.4319968 nan
40364.93 15461.448 4044.652 678.40454 333095.25 17198.98 835.0020623762798 537.0307199935362 nan nan 15.484640003231876 6.575529598836526 0.6354607999030437 0.027329344014866627 0.0066349151989657995 nan nan nan 0.0014 0.0007288083210923738 0.99609375 621605759.9680017 nan
40709.836 15733.061 4045.5176 679.51715 327714.3 16882.652 811.9856123180207 564.2025602207153 nan nan 15.305695998423463 6.327119998029327 0.619455679873877 0.026525631992905578 0.005959651194560944 nan nan nan 0.0009618444764449066 0.0005873004788097137 0.99609375 621606060.6400025 nan
41544.28 16001.752 4049.8442 678.9609 330428.6 16897.959 822.4731126324525 610.7667205439144 nan nan 16.176384010415383 6.407638401041538 0.6277638401041539 0.026110495995370943 0.006407404805554871 nan nan nan 0.0010376121610531108 0.00074853920196735 0.99609375 621606361.3120034 nan
41744.55 16063.083 4162.34 687.30536 337476.22 17040.816 818.4271875466302 612.0 nan nan 14.443200018848419 6.35144000062828 0.625072000031414 0.026392799996858597 0.0059905600046073915 nan nan nan 0.001440159995706749 0.0007344560001989555 0.99609375 621606661.983997 nan
38851.805 14999.999 3998.7886 683.9675 336238.1 17040.816 827.7865875639282 636.5280001656437 nan nan 14.4 6.438300800596318 0.6318678400463802 0.0267924480026503 0.006078112000662575 nan nan nan 0.0011752863981447908 0.000585850878999512 0.99609375 621606963.5200019 nan
40008.902 15236.565 4015.2302 679.7953 342190.47 17301.02 833.9052372342122 695.0656004258518 nan nan 15.481055992429301 6.595500798201958 0.6344790397918058 0.025973951989590287 0.006158707207476065 nan nan nan 0.0012611840004731686 0.0007458723171515244 0.99609375 621607276.2880031 nan
41410.773 15344.626 3948.5981 663.3845 335190.5 17015.307 806.7040874065967 738.5852801763041 nan nan 14.710367995592396 6.40844480066114 0.6132332799008289 0.024925919988980992 0.006918595204848364 nan nan nan 0.0013112959994490496 0.00045736543771906547 0.99609375 621607576.9599967 nan
40765.465 15808.994 4029.076 677.0138 327142.88 16489.797 813.5056378587268 721.8454402845954 nan nan 15.097184000694135 6.3446496013188565 0.6207609603054194 0.025840864014576834 0.006491407999652933 nan nan nan 0.001370137597501114 0.0006568598405275426 0.99609375 621607877.6319976 nan
40620.83 15587.032 4043.7869 678.68274 330904.78 16535.715 764.0424373617082 681.0880001656914 nan nan 14.990880001656913 6.15331200121507 0.5788511998453547 0.023851679990610823 0.006523584002982445 nan nan nan 0.0016979296040097313 0.0005795648006241042 0.99609375 621608178.3039984 nan
42022.7 16203.27 4147.629 685.6364 336619.06 17025.51 787.7583748174079 651.8579199538335 nan nan 14.66803198961254 5.9453280017312435 0.6053606397922509 0.02546803198961254 0.006011366403693319 nan nan nan 0.0010070003242242333 0.0004693606397922508 0.99609375 621608479.8400033 nan
39519.36 15496.494 4014.3647 668.11304 327952.4 16551.02 772.5501499860947 647.0937602512787 nan nan 13.818879994765028 6.082070402198688 0.5882265599371803 0.02459244800209399 0.006301497605130274 nan nan nan 0.0013513152024080875 0.0004626483170474754 0.99609375 621608780.511997 nan
41611.04 16214.953 4084.4585 668.39124 323000.0 16525.51 773.3218750909269 622.8800002011617 nan nan 14.3 5.882399999568939 0.5934800000933965 0.024364000006465915 0.005850399996335983 nan nan nan 0.0011371999987068175 0.0007407599987858454 0.99609375 621609081.1839978 nan
44859.816 16942.172 4045.5176 647.2519 317476.22 16326.53 761.5563249512061 595.4086400750547 nan nan 14.29155200107221 5.937043200375274 0.5814223999463894 0.023521119997319477 0.006337043200375273 nan nan nan 0.00131 0.0008887228818120344 0.99609375 621609381.8559985 nan
47162.883 17368.574 4062.8247 638.073 296952.38 15612.244 770.2178375021286 581.4217600221375 nan nan 14.1 5.879785599625366 0.5906886400119201 0.024111199995742797 0.006241532801089844 nan nan nan 0.0012997696003916625 0.0005599737601924255 0.99609375 621609682.5279994 nan
45716.51 17351.05 4035.1333 643.07965 296333.34 15602.04 768.8355000390575 568.7024000618477 nan nan 14.10991999793841 6.0825600015461925 0.584 0.026465280007215562 0.005669679991753641 nan nan nan 0.0010869439985568873 0.00045666239903105287 0.99609375 621609984.0639971 nan
46117.047 17505.842 4167.532 655.5964 307380.97 15877.552 764.3697001157266 562.0668801248871 nan nan 14.289632001387634 5.94622079916742 0.583066880124887 0.025732608009019622 0.006379196806799408 nan nan nan 0.0012106688012488709 0.0005498879994796372 0.99609375 621610284.7359979 nan
46973.746 18069.51 4269.6436 664.49713 306666.7 15923.47 749.4968624490879 544.6755200175339 nan nan 14.062144002045619 6.046480000730578 0.5671897599357091 0.024510815999415538 0.005460815999415537 nan nan nan 0.00104 0.0006118604804938708 0.99609375 621610585.4079988 nan
48486.87 18186.332 4233.299 656.15265 312571.47 16198.9795 764.6543625341 539.0563199985475 nan nan 13.428159999273745 5.819011199767598 0.5865356800377652 0.024728159999273747 0.005675343999346371 nan nan nan 0.001045068799869274 0.0004625881597269282 0.99609375 621610886.0799996 nan
53259.902 19775.115 4498.096 679.51715 315333.34 16234.694 744.9767996661643 540.307199958594 nan nan 13.92457599668752 5.97 0.5643347196853145 0.02523686399503128 0.006087097601739052 nan nan nan 0.001132457599668752 0.0006434406395362528 0.99609375 621611187.6159973 nan
50623.055 18671.145 4301.6616 663.1064 312190.47 16260.204 779.4893751700387 546.3519999308205 nan nan 14.248000002660753 5.989759998988914 0.596464000180931 0.025654400007450104 0.00590663999914856 nan nan nan 0.0011751999997339248 0.0006804000007982254 0.99609375 621611500.3839985 nan
49032.043 18344.041 4350.9863 685.9146 314047.62 16204.082 754.8143249202909 561.5059199293407 nan nan 13.89561599807293 6.152563200149883 0.569930879920776 0.024357504000856477 0.006001129600984947 nan nan nan 0.0012539967993148193 0.0005299577603233197 0.99609375 621611801.0559993 nan
45816.645 17651.87 4305.123 689.80865 325380.97 16913.266 785.5942874957564 597.4003200109007 nan nan 14.732544000055427 6.1041024000240185 0.600287999995381 0.024097632000166284 0.005571558399968591 nan nan nan 0.0015248127999741338 0.0004153942400347346 0.99609375 621612101.7280002 nan
45571.875 17456.191 4212.5303 680.62976 325476.22 16846.94 767.7943625801304 667.9366405368606 nan nan 15.055360001656977 6.226643200198837 0.5804358400729069 0.024778207996354648 0.0054244288001325585 nan nan nan 0.0013955711998674418 0.0005893110401888954 0.99609375 621612402.4000009 nan
48186.473 17535.047 4166.667 664.49713 325904.78 16836.734 787.1746500945237 836.0947189268229 nan nan 15.31465600825521 6.2881087996388345 0.5977990400980305 0.023823167998968102 0.005604799993550618 nan nan nan 0.0013484160005159506 0.0006269100805830241 0.99609375 621612703.9359987 nan
48364.49 17797.896 4162.34 656.709 325285.72 16933.672 770.4830250057096 1040.0735997677727 nan nan 13.923615999726792 6.346457600040981 0.5806457600040981 0.023905536001092836 0.00660136640125676 nan nan nan 0.001249372800122944 0.0005491990397431839 0.99609375 621613004.6079996 nan
47886.07 17987.734 4204.742 660.04675 322428.56 16632.652 768.4512750287997 1212.8608003979593 nan nan 13.919519996858215 6.300748799664877 0.5799251200335124 0.023392512003351237 0.005816470400460795 nan nan nan 0.0012085024006702474 0.0006969519996858216 0.99609375 621613305.2800003 nan
51145.973 18805.49 4331.0835 664.49713 311000.0 16250.0 779.2303124560291 1411.8656010642574 nan nan 12.575487999181341 6.136713599222274 0.5932646399754402 0.02481225600040933 0.00604309120110519 nan nan nan 0.0014679391992632065 0.0005626713599222274 0.99609375 621613605.9520012 nan
55251.45 20441.004 4534.441 675.90125 303285.75 15739.796 770.1887249913766 1654.04479968463 nan nan 12.4 5.97 0.588383039991399 0.024848928001146797 0.00621360640149084 nan nan nan 0.0013508575990825603 0.0005362963202178919 0.99609375 621613907.487999 nan
56697.82 20882.008 4632.2256 683.1331 297142.88 15647.96 768.4175500423179 1760.3935998999227 nan nan 12.32204800075058 5.9544096001501154 0.587232320036278 0.024357088001376065 0.0058184639994370655 nan nan nan 0.0015949216003377609 0.00046766144002251736 0.99609375 621614208.1599997 nan
57632.4 21296.729 4615.784 679.239 309904.78 16153.062 737.7350499821512 1833.9648000566444 nan nan 11.747135999244742 5.832819199754541 0.5612070399886712 0.023373567999622372 0.006184889599641252 nan nan nan 0.00136 0.00046931296024734734 0.99609375 621614508.8320005 nan
59523.81 21524.531 4593.2847 674.78864 307428.56 16045.918 730.8175000407246 1837.1519992765998 nan nan 11.480640002553177 5.749568000936165 0.5565376000170212 0.023267200002127647 0.0060025279994468115 nan nan nan 0.0012985791980553304 0.000578027199842554 0.99609375 621614809.5040014 nan
