json/2017_250.ecsv
# %ECSV 1.0
# ---
# datatype:
# - {name: p1, datatype: float32}
# - {name: p3, datatype: float32}
# - {name: p5, datatype: float32}
# - {name: p7, datatype: float32}
# - {name: de1, datatype: float32}
# - {name: de4, datatype: float32}
# - {name: hrc_shield, datatype: float64}
# - {name: gp1, datatype: float64}
# - {name: gp2a, datatype: float64}
# - {name: gp2b, datatype: float64}
# - {name: gp3, datatype: float64}
# - {name: gp4, datatype: float64}
# - {name: gp5, datatype: float64}
# - {name: gp6, datatype: float64}
# - {name: gp7, datatype: float64}
# - {name: gp8a, datatype: float64}
# - {name: gp8b, datatype: float64}
# - {name: gp8c, datatype: float64}
# - {name: gp9, datatype: float64}
# - {name: gp10, datatype: float64}
# - {name: 2shldart, datatype: float64}
# - {name: times, datatype: float64}
# - {name: fi_rate, datatype: float64}
# meta: !!omap
# - comments: [idx = 571]
# - __serialized_columns__:
#     times:
#       __class__: cxotime.cxotime.CxoTime
#       format: secs
#       in_subfmt: '*'
#       out_subfmt: '*'
#       precision: 3
#       scale: utc
#       value: !astropy.table.SerializedColumn {name: times}
# schema: astropy-2.0
p1 p3 p5 p7 de1 de4 hrc_shield gp1 gp2a gp2b gp3 gp4 gp5 gp6 gp7 gp8a gp8b gp8c gp9 gp10 2shldart times fi_rate
[from data line 1200]
21840.232 8148.3643 1826.7567 229.19449 19000.002 167.29591 20.159986228672302 3196.5280001191077 nan nan 0.5245568006670024 0.0889700799684365 0.015422879980347252 0.004629584000357323 0.002551663998570709 nan nan nan 0.0007198448024238389 0.00030680640045260875 16.933347702026367 621328471.2639983 3.8453
24977.748 8621.495 1866.5629 232.421 19223.81 165.20407 21.468298249437424 3264.34239969996 nan nan 0.5954585595663059 0.09022691200190934 0.0165 0.004995228798445247 0.002386697600981949 nan nan nan 0.0006789142396290415 0.00039689279953630195 16.933347702026367 621328771.9359992 3.9044
26858.033 8925.233 1887.3313 230.52959 18109.523 162.55103 21.939355499567426 3198.2880001088524 nan nan 0.6029248000471693 0.09311916799666187 0.01690684799956459 0.004929110400268503 0.002364931199898404 nan nan nan 0.0009650745597409313 0.0004899724799593617 16.933347702026367 621329072.6079999 3.9095
29216.734 9191.005 1899.4462 232.53227 18785.715 163.92857 19.7874809887496 3358.9856010031585 nan nan 0.5884857600311325 0.10569785605327119 0.014577759987892912 0.004954128000691833 0.0026838432013144837 nan nan nan 0.000985596159546849 0.0004265676796091141 16.933347702026367 621329385.3760011 3.8725
30040.053 9325.35 1899.4462 231.78128 18500.0 165.20407 18.351429744822436 3374.940799361397 nan nan 0.5230492793330144 0.09315689583467272 0.013310847997161764 0.00545095680432831 0.0024141023963102923 nan nan nan 0.0007530995180770948 0.0003407839994678307 16.933347702026367 621329686.0480019 3.9905000000000004
29127.725 9097.546 1886.466 231.33623 17976.191 153.01021 19.982868747613946 3597.5199996779124 nan nan 0.5588799999194781 0.10803039997224363 0.014728799998010635 0.00490656000092837 0.002364639999876849 nan nan nan 0.0007107599999573707 0.00044303199983990345 16.933347702026367 621329987.5839996 3.9172000000000002
28449.043 8863.901 1889.9272 231.67001 17700.0 156.88776 20.3884237491353 3828.745600429174 nan nan 0.5746975999774119 0.10650687997063547 0.0153 0.004493951999548239 0.0022028351993901214 nan nan nan 0.0009544860807160425 0.0003517148795753438 16.933347702026367 621330288.2560005 3.9138
27692.479 9009.93 1871.755 232.05942 17638.096 154.74489 22.548405012831132 3660.2559987541963 nan nan 0.592509440116275 0.0920127999377098 0.017643936013288574 0.004564521600705956 0.002159299200166107 nan nan nan 0.00104 0.0005353936013288575 16.933347702026367 621330588.9280013 3.9053
26056.965 9103.388 1951.3673 235.1747 17452.383 166.27551 21.631761982518967 3653.4720007367705 nan nan 0.4420351984159432 0.08513459197126594 0.016736671982317503 0.0050802208047153324 0.0023169440014735414 nan nan nan 0.0010062028796610856 0.00044099359819491194 16.933347702026367 621330889.6000022 3.8606000000000003
20705.387 8183.411 1922.8107 235.03561 16290.477 158.72449 20.669415750231686 3613.414400046337 nan nan 0.47526047993718745 0.09283011199392469 0.015804064000205943 0.004672924800401589 0.002281219200061783 nan nan nan 0.001294375039790968 0.00041817087997065314 16.933347702026367 621331191.1359999 3.8538
19759.68 7228.3877 1638.9755 230.22363 15785.716 167.85713 18.402630742987224 4139.139201791397 nan nan 0.5277782400677826 0.08469459196344581 0.013844799993947983 0.004648099200580994 0.002346470400314705 nan nan nan 0.0009977926386879228 0.000433 16.933347702026367 621331491.8080007 3.9095
22151.758 7663.551 1670.9935 221.96263 16571.43 159.38776 19.526735761787226 4002.4991979370525 nan nan 0.6466480007032777 0.08273523201219014 0.014763072009845887 0.005164035202859995 0.002372556799953115 nan nan nan 0.0009592275206376385 0.000433 16.933347702026367 621331792.4800016 3.8152
24710.727 8168.8086 1713.3956 218.5414 16595.238 166.27551 20.081460499111728 4106.502402183614 nan nan 0.5864540790060792 0.08884988805496684 0.01515068799849406 0.005170687998494059 0.0023326719996235147 nan nan nan 0.0010582041606475546 0.00044718464014306436 16.933347702026367 621332093.1520023 3.8850000000000002
24643.97 8157.1255 1691.7618 217.01157 16233.334 160.05103 19.95035749848944 4217.440000558821 nan nan 0.5956816006370563 0.09362032004358807 0.014725599994411786 0.00569657600860585 0.00226758399921765 nan nan nan 0.001357056004135278 0.0003389311983123595 16.933347702026367 621332393.8240031 3.8558
23720.516 7943.925 1682.2429 217.20627 16738.098 162.04082 21.9731942594641 4222.460799965309 nan nan 0.5670265598022621 0.09414764799791855 0.01678636801006035 0.005279324797190041 0.0023706272005550536 nan nan nan 0.0011408927985776748 0.0004005174404579193 16.933347702026367 621332695.360001 3.8263
24376.947 8072.429 1715.9917 216.76125 17690.479 152.85715 20.917768985546346 3864.6047970252075 nan nan 0.5961011203607727 0.090521663970885 0.016138911988607178 0.004543126395506164 0.002364630399620239 nan nan nan 0.001138300800822815 0.0004753449603544433 16.933347702026367 621332996.0320017 3.8377
25200.268 8367.406 1785.2198 217.51224 17638.096 153.16327 20.206294998333735 4015.4400028601012 nan nan 0.5098911989213333 0.09038592001062323 0.015244959995096969 0.005143568008335151 0.0022589919990193942 nan nan nan 0.0009675071978181516 0.0005178192003105253 16.933347702026367 621333296.7040025 3.8413
26301.734 8679.906 1795.604 223.6037 18109.523 154.59183 22.04929922324301 4059.9520005662853 nan nan 0.5645036787768234 0.08973884801359085 0.017182495970553158 0.004669136010193138 0.0021899520005662855 nan nan nan 0.0011569043164097502 0.00048134528064556543 16.933347702026367 621333609.4719965 3.8158
28660.438 8752.921 1795.604 224.02092 18557.145 152.5 21.54188626126286 4853.199990746816 nan nan 0.5370048005644442 0.08781328001943169 0.016575520012954457 0.005124527992689984 0.002420959997224045 nan nan nan 0.0010023328025076128 0.000500521599648379 16.933347702026367 621333910.1439973 3.9511000000000003
27214.064 8624.415 1778.297 221.79573 18152.38 171.22449 22.26159225945413 4702.422396574356 nan nan 0.510450239856601 0.09006745602628984 0.01726998400955994 0.004956671996813354 0.0023345023985660096 nan nan nan 0.000949 0.00047728383969726864 16.933347702026367 621334211.6800023 3.8993
25812.193 8241.822 1754.9326 219.95996 17504.762 159.69388 21.42646898727689 4295.775996117859 nan nan 0.46890367954384843 0.08372918391653397 0.01668943999029465 0.00476652159864125 0.002372950400873482 nan nan nan 0.000875239039116813 0.0003484159985441971 16.933347702026367 621334512.3520031 nan
25767.691 8636.098 1778.297 220.07123 17980.953 157.60204 21.01747000220658 4350.047998213806 nan nan 0.45187200011163714 0.08161232000669823 0.0165 0.004357984005246945 0.00244689599921854 nan nan nan 0.0010059295979682045 0.0004882495976891117 16.20630882548192 621334813.0239967 nan
28716.066 8814.252 1793.0079 216.98376 17633.334 160.30612 21.827346242629616 4437.052799503469 nan nan 0.45 0.09005791992552033 0.01666300799858134 0.00548440958943098 0.0025822559989360045 nan nan nan 0.0012600607980848082 0.0006190995191984569 16.933347702026367 621335113.6959976 nan
27347.574 8682.826 1760.1246 217.54005 17014.287 151.58163 18.91637896789272 4179.347197199646 nan nan 0.4270355197623942 0.07961558387186259 0.014321535975390829 0.004980847991938375 0.0023147423969450682 nan nan nan 0.0009392876761643637 0.00064 16.933347702026367 621335415.2320025 nan
25222.52 8218.457 1741.0869 214.48042 16780.953 154.94897 21.22356254169665 4037.759998852221 nan nan 0.422 0.08553520012051678 0.016513920037876703 0.004612623997245331 0.0024227040024103353 nan nan nan 0.0014928928088608524 0.0004853887978421758 16.933347702026367 621335715.9040033 nan
27514.465 8530.958 1765.3168 213.97975 17704.764 153.87755 19.212507283035347 3665.4048044100546 nan nan 0.27521408182555746 0.08030809608820108 0.014708544029742228 0.004652463998974406 0.002361043201230713 nan nan nan 0.001030486727456069 0.00040499552058458863 16.439818662989733 621336016.575997 nan
26746.773 8311.916 1728.1066 215.67647 17128.572 149.59183 20.461624234083963 3755.3759985489655 nan nan 0.30601599945586205 0.06358540813349518 0.016101823983313102 0.0050917087962998615 0.0025715263979685515 nan nan nan 0.0010162825590060412 0.000395 16.108438627129317 621336317.2479978 nan
25890.076 8271.028 1712.5303 213.64597 17028.572 147.85715 19.64825075751744 3839.7471996865693 nan nan 0.2725692802925354 0.05882467200992531 0.015339232007313386 0.005354115198902992 0.0025536704004179077 nan nan nan 0.00088910016095074 0.0004886905594097054 16.933347702026367 621336617.9199985 3.924
26635.514 8241.822 1721.1838 213.08968 17090.477 156.98979 21.51922778054427 3875.0272003611144 nan nan 0.24714943977129414 0.06776006413361237 0.01693532802648173 0.005298233598675914 0.0024982879993981424 nan nan nan 0.0013852396876074787 0.0004921494397712941 16.546709170217976 621336919.4560035 3.8492
26257.232 8332.359 1722.0492 209.05653 17176.191 155.45918 19.94470827413174 3829.8112006070482 nan nan 0.26742143971671095 0.07620819192007201 0.015208800025293668 0.00542220159828003 0.0023728928014164455 nan nan nan 0.0010751059250182638 0.00037942112132538817 16.215328270333455 621337220.1279972 4.0475
27547.842 8457.943 1748.8751 214.03539 17252.38 139.5408 21.19739923610735 3551.609602269816 nan nan 0.2560643201347703 0.07531932801844225 0.01656131198510433 0.005030640003546588 0.002316451200283727 nan nan nan 0.0012590355177585567 0.00045193663920556435 15.990592090464121 621337520.7999979 3.9094
28660.438 8653.621 1758.3939 209.7519 17904.762 150.71428 21.588327749836623 3535.2511999232584 nan nan 0.2776758399462809 0.07957078398983174 0.016723744000383706 0.0053377631991558434 0.002221872000191854 nan nan nan 0.0010315155206062582 0.00043739264007098595 16.025826471341787 621337833.5679991 3.9280000000000004
30863.373 8782.126 1780.8931 212.78372 17804.762 142.34694 20.965478250198863 3575.340799988897 nan nan 0.2977868799947259 0.0732201920021929 0.016523296000055518 0.004665513600227618 0.0022806815999777933 nan nan nan 0.000754566080075225 0.0004992639999791813 16.690523976548096 621338134.2399999 3.9199
29951.047 8723.715 1748.0098 211.00357 16785.715 147.85715 17.83010827341647 3580.0 nan nan 0.33376831974090604 0.06056995209000107 0.01392294401977296 0.004418931201159105 0.002645455997272695 nan nan nan 0.0010046988778386107 0.000524884159870453 16.464096146789817 621338435.7759978 3.9325
27525.59 8382.009 1708.2035 209.7519 17495.24 145.56122 19.86625623577665 3588.908799947609 nan nan 0.321073280099543 0.07959023987950059 0.015292671990045699 0.004791987197694794 0.0024761888012573854 nan nan nan 0.0010756351997904358 0.0004432572804924759 16.737901750769197 621338736.4479985 3.8967
29461.504 8457.943 1702.1461 207.30418 17309.523 144.54082 16.2816145091544 3902.5919992626445 nan nan 0.1260860804550537 0.06566659203876385 0.0121954560077949 0.004813206400063202 0.002128476800758423 nan nan nan 0.0011246559998946634 0.0004999839998419953 16.073204246251652 621339037.1199993 3.9532
30518.469 8644.859 1705.6075 208.97307 17414.287 138.72449 20.021882001017524 4316.051200091003 nan nan 0.38056160006716916 0.07193731200199341 0.015650048000931702 0.004684649599969665 0.002555587200112671 nan nan nan 0.0010082310399705324 0.0004909881599958831 16.933347702026367 621339337.7920002 3.9617000000000004
28348.91 8449.182 1705.6075 208.33334 17123.81 148.31633 21.320899244030162 4594.124798269371 nan nan 0.3202505606855953 0.0657862080525845 0.017000479993343736 0.0047330335995340615 0.0024208992013978153 nan nan nan 0.0012335276782294334 0.0004214640004992199 16.933347702026367 621339639.3279979 4.0413
28148.643 8417.056 1683.9738 203.91077 16971.43 150.61224 19.73589275946008 4295.020801836227 nan nan 0.275696640193824 0.07330502395307419 0.015294560010201264 0.004830271999489937 0.0024180543998979873 nan nan nan 0.0007752393627390393 0.0004645523197143646 16.933347702026367 621339939.9999987 3.8351
26735.648 8200.934 1690.8965 201.62994 16514.287 141.47958 16.108843755893297 4739.6287991798945 nan nan 0.23851648005725262 0.06650784001315263 0.011932640005415789 0.0050300415996750525 0.00242 nan nan nan 0.0008451695997911053 0.0005387769598824 16.933347702026367 621340240.6719996 3.8336
25801.068 7573.013 1613.0149 199.79417 16952.38 150.15306 19.891645009879 4581.343999502672 nan nan 0.192361599898372 0.0793987200326507 0.01550096000929788 0.004306095998226916 0.002320207999762147 nan nan nan 0.0006121487994140173 0.00037544639959348806 16.933347702026367 621340541.3440003 4.062200000000001
19014.24 6495.3267 1429.5604 178.48799 16919.047 143.72449 19.31168849543113 4441.772799461954 nan nan 0.3244160006208229 0.05933721590232387 0.01499055999586118 0.005403177605339077 0.00220996159954473 nan nan nan 0.0011626755226198727 0.0005462540808567356 16.933347702026367 621340842.0160012 3.8251
17122.83 5934.579 1354.2749 169.67068 16933.334 139.7449 18.863042751047573 4384.272000137386 nan nan 0.26940800020607947 0.07219878395493728 0.014442720001373862 0.004962118401676113 0.0022914559997252275 nan nan nan 0.0014303487993680229 0.0004616547203104931 16.933347702026367 621341143.551999 3.9489
16677.793 5797.313 1331.7756 159.82422 16828.572 145.05101 18.912121249891335 4435.007999926796 nan nan 0.2538320000122007 0.06516544001122462 0.014858399999389966 0.0043874240006954385 0.0024833599997559864 nan nan nan 0.0013216480001708095 0.0005033407999316763 16.522185023479548 621341444.2239997 3.9480000000000004
16744.549 5861.565 1357.7362 166.7223 16461.906 136.0204 20.31532325298253 4458.380800039276 nan nan 0.08941087965044253 0.06559475200255294 0.016002848002356566 0.00486385280111937 0.002343763199666153 nan nan nan 0.0009359507192007309 0.0003701439997054291 16.85356505933996 621341744.8960005 3.9393000000000002
21639.965 6653.037 1482.3469 191.56099 16633.334 133.57143 22.055722508847204 4633.08800094677 nan nan 0.183660800594361 0.06820016001367556 0.017446240007363764 0.005265792001946138 0.002339616000052598 nan nan nan 0.0010347392007205968 0.0005743600011834621 16.15893105126082 621342057.6640017 3.9294000000000002
26947.041 7453.2705 1561.9592 193.98087 16052.381 140.35713 18.229561463890185 4832.768001789068 nan nan 0.250649600581447 0.0626133439472225 0.013741023965113182 0.005810112004919936 0.002494214401431254 nan nan nan 0.0012134912016101608 0.0005656508798389839 16.933347702026367 621342358.3360026 3.8413
29016.465 7669.392 1551.575 192.39542 15933.334 137.44897 18.94960175028025 4907.8272000219495 nan nan 0.23555871999435576 0.07383372800370011 0.014568960000313567 0.004744764799648803 0.0020639679998588943 nan nan nan 0.0010010150399291336 0.0004913590399761688 16.273417153000548 621342659.8720003 3.8758
30607.479 6834.112 1472.828 183.9119 15909.524 135.15306 19.923505003508236 5259.632001296387 nan nan 0.1893535998307495 0.06147727995282593 0.015474080003240966 0.005535520003060913 0.0026521440022326663 nan nan nan 0.0009502959998379517 0.0005074528000684204 15.937270164489746 621342960.5440011 3.9713
36203.83 6428.1543 1385.4276 184.07878 16185.716 162.34694 18.626010989467886 5153.187199071869 nan nan 0.14224831963648196 0.056622175964421644 0.014623903993039016 0.004800716793967148 0.0024558431982984264 nan nan nan 0.0012517398424054065 0.0006364940810209443 15.940099663069041 621343261.216002 3.9562
28015.133 6968.458 1487.539 185.27481 16419.049 215.20407 19.255288006244445 5120.72959972533 nan nan 0.20441920059511756 0.06293948806042733 0.015087840004577828 0.00478 0.0023817023993591042 nan nan nan 0.0008677766363194268 0.0007502518410345889 16.933347702026367 621343561.8880028 3.8377
29172.23 7286.799 1533.4026 184.57945 21490.479 149.64285 18.488001248081304 4541.327998583578 nan nan 0.21580800002400716 0.06888672001416424 0.014217279997839356 0.004809424000072022 0.0025957760005281575 nan nan nan 0.0008138639998919678 0.0004205087991861572 16.372710328165194 621343863.4240005 3.842
