json/2020_335.ecsv
# %ECSV 1.0
# ---
# datatype:
# - {name: p1, datatype: float32}
# - {name: p3, datatype: float32}
# - {name: p5, datatype: float32}
# - {name: p7, datatype: float32}
# - {name: de1, datatype: float32}
# - {name: de4, datatype: float32}
# - {name: hrc_shield, datatype: float64}
# - {name: gp1, datatype: float64}
# - {name: gp2a, datatype: float64}
# - {name: gp2b, datatype: float64}
# - {name: gp3, datatype: float64}
# - {name: gp4, datatype: float64}
# - {name: gp5, datatype: float64}
# - {name: gp6, datatype: float64}
# - {name: gp7, datatype: float64}
# - {name: gp8a, datatype: float64}
# - {name: gp8b, datatype: float64}
# - {name: gp8c, datatype: float64}
# - {name: gp9, datatype: float64}
# - {name: gp10, datatype: float64}
# - {name: times, datatype: float64}
# - {name: fi_rate, datatype: float64}
# meta: !!omap
# - __serialized_columns__:
#     times:
#       __class__: cxotime.cxotime.CxoTime
#       format: secs
#       in_subfmt: '*'
#       out_subfmt: '*'
#       precision: 3
#       scale: utc
#       value: !astropy.table.SerializedColumn {name: times}
# schema: astropy-2.0
p1 p3 p5 p7 de1 de4 hrc_shield gp1 gp2a gp2b gp3 gp4 gp5 gp6 gp7 gp8a gp8b gp8c gp9 gp10 times fi_rate
[from data line 2952]
15798.843 2716.7053 351.1596 21.787384 1942.381 31.943876 2.7843677822515382 14.340293765396078 1.8477195985971457 0.35622987229404096 0.04720839156816262 0.04165260849151549 0.007820690791763167 0.0007664333642898661 0.002328738219589978 0.0008195518484994513 0.0016378803517903377 0.0008282130006045418 0.00037114688216520714 0.0003582112510790026 724036487.6800034 4.7138
15798.843 2764.6028 363.88025 21.317312 1894.7621 29.617346 2.6528253276739786 15.70777674876844 1.971297553554135 0.45676601394804944 0.06526862942957591 0.04415668754413302 0.0035546254203160537 0.0006542958501817796 0.00225158246060475 0.000589665090025628 0.0016263450970317767 0.0007498957440564645 0.0004986826699935977 0.0003685863804843326 724036796.1280016 4.6163
16177.125 2811.0396 379.88925 22.852692 1876.6667 29.341837 3.774622646802565 16.363604380323213 1.5563162707603164 0.6091867565516864 0.05888104211261763 0.06539485921153934 0.007996044015708817 0.00011482996773025416 0.00324652942210388 0.000659540460483006 0.001520326633315136 0.0008865548914145764 0.00041764189519156216 0.00025242499932799845 724037103.7120011 4.567900000000001
15598.576 2763.4346 365.0052 20.969627 1800.9525 30.066324 1.8919030371052852 20.402665652052768 2.1772744542292637 0.5761864930964333 0.05415229198639367 0.041964059417521134 0.0037531940689914233 0.001278454035182852 0.001527741005165349 0.0008072983861603465 0.0016368716328438804 0.0005963460318338435 0.0004931794169036014 0.0003584443839196829 724037412.1599993 4.593500000000001
16065.865 2820.9695 370.1973 22.187918 2020.9524 31.586733 2.1761754595932175 23.566759578190936 1.970258384229703 0.7561048960749621 0.09937912278260636 0.02544448266509564 0.006382577224678804 0.0015784752304171927 0.0017501205591151895 0.0009288395295309014 0.0022501250782108817 0.00025823770367611795 0.0004627290334668977 0.00033824508489641996 724037719.7439988 4.4629
16010.235 2786.2148 363.1014 21.3646 1881.9048 33.20408 1.6348537827854737 26.592157151919306 2.876878769149552 0.7694513673386785 0.08024528562662293 0.04379957167490406 0.0009797567349469887 0.00021568235970059572 0.0013449657739995821 0.0012554257878411121 0.0013433592706090854 0.0006539567448368749 0.0004950326900351217 0.00023958218854082134 724038028.1919969 4.477
16410.77 2912.6753 379.7162 23.167002 1913.3335 32.57143 2.4912921959819156 29.56797790429408 3.369102532079474 0.6084646535999856 0.11430111249599528 0.020901605757796052 0.014866669353276334 nan 0.0018183277807902155 0.0009879818166987674 0.0015319504562716164 0.0006326873671915187 0.0005762228523835424 0.0005171413926187624 724038335.7759964 4.5735
16076.991 2865.946 372.27417 22.47163 1820.0001 34.90306 1.9936284466559766 33.7582756586654 2.5770628417846484 0.7776402162296352 0.0794041395686845 0.028402489722216 0.0035828182022910847 0.00048236803356719205 0.0016960225204947854 0.0012744256079540565 0.0018467067901793363 0.0010957244460951087 0.0003094589259659144 0.0003844742141302654 724038644.2240018 4.402900000000001
15843.346 2664.7195 350.81345 20.933468 2030.9524 30.959185 1.3198818153433822 35.500991814989746 3.0010136429842884 1.072015604709747 0.0655917512358499 0.023841581691761975 0.0068919648632412645 0.0005261296448588176 0.000887882476075393 0.0007456127888452904 0.0015929360389977817 0.000943733791709676 0.0005680968700810213 0.0002532061829479006 724038951.8080014 4.5203
15253.673 2601.9272 328.40085 18.680464 1638.5715 30.15306 1.5292913573350124 36.12022077932875 2.002669859678768 1.0036270577641508 0.033457221422505484 0.06342131784293514 0.011808945920438876 0.0010366302589882978 0.0010428490623072958 0.001056339780969114 0.001289145062379747 0.000630405481159027 0.0003907566513216003 0.00034556079703729583 724039260.2559994 4.539700000000001
12939.476 2093.75 275.96054 16.299511 1688.5715 27.816326 2.2226958634435667 35.1919975056305 3.837216426354668 1.3408474823043348 0.14004697931184912 0.0417784001826067 0.002647451806299623 3.7714152040910676e-05 0.001888400330608419 0.0010371863109306222 0.0009322871866235526 0.0006285838708576745 0.0004325734093948224 0.0003896260136025377 724039579.936 4.5617
12561.193 1973.4229 256.49014 16.202158 2024.2858 34.035713 2.372870674968532 33.02665986298411 3.0092578592558312 0.9700415336601584 0.11986810060748682 0.05803656483953375 0.00925797410552981 0.0010522927805140473 0.0019018359712191526 0.0002826160711868346 0.0021730648834688395 0.0008149582381535443 0.0003841133592959417 0.00038700018903677796 724039888.383998 4.5975
10989.097 1579.1471 212.7899 13.58478 1780.0 33.05102 2.567798852095544 34.715224481534406 2.6478582290500867 0.9820137219969898 0.12711718666384358 0.04598615137617336 0.00499599877315503 0.0010992772923397874 0.0020982455898773456 0.000927211336345688 0.0021685268755313697 0.0006673734753267266 0.0006085420423064585 0.00034128933066768767 724040195.9679977 4.5429
10240.32 1514.0187 206.04015 13.609814 1565.2382 30.321426 2.435320498404012 32.960806174520066 2.5435182357061286 1.4053515104287446 0.10007769634634671 0.03528362778253357 0.006894002050353014 0.001454881542023442 0.0019750526727374267 0.0006973605344682009 0.001239700264915544 0.0010901611240914297 0.00048813813650203845 0.0002665854593851737 724040504.4160029 4.5785
9899.867 1386.9742 192.8003 12.7253 1827.6191 27.535713 1.3571107556696966 33.347200872125796 2.460236903923005 1.46492055178253 0.11613313162424851 0.03528901848014599 0.00546731825084139 0.0005261543769121128 0.0010191965513936978 0.0005588994560984049 0.0016180882844195864 0.0008133372872584546 0.00039433375070095595 0.00028707306468189135 724040812.0000025 4.3971
8867.379 1191.2968 167.4455 10.936805 1378.5715 32.816326 1.4027830381174051 34.19627781046455 3.294078926508105 0.9444867093089282 0.09755938537419251 0.03730351413602892 0.011613232939649578 0.0005261664058707771 0.0009110305319544853 0.0003758979093822333 0.0013645062988922436 0.0012220132789107115 0.00043454816492447223 0.00036808366967986864 724041120.4480006 4.5159
9045.395 1210.8644 163.20528 10.238652 1377.619 26.20408 1.8440309893863172 30.314375532884686 2.062251167404547 1.1972155135454514 0.0996885360302886 0.0435969092155234 0.019654299479589153 0.0004229623169471554 0.0011766703150173044 0.0006137146927358513 0.0017148491737472877 0.0005399280443669416 0.00036445151350690086 0.00018014339651994845 724041428.0320002 4.7358
8556.965 1146.3201 162.85912 10.552959 1773.3334 30.515306 1.5007358861452593 28.07054615997935 2.3260970385637925 1.0380179914572916 0.10354036138720503 0.03073099822266007 0.012498712783602978 0.00023605594156673941 0.0009805365241149881 0.0011056967061138117 0.0014331575293255606 0.0003231683003967645 0.0004445124864052172 0.00026447887741013056 724041736.4799982 4.5829
8584.78 1061.0397 155.33058 10.511238 1696.6667 28.892855 1.8692231526742233 29.76284417550149 2.010720021679735 1.1270189839964233 0.07859864379309808 0.03822909043818609 0.010770742871254756 0.0007896593479873946 0.0013640572932742626 0.0008594219900857232 0.0013786959815614782 0.0007763686223989498 0.0004560120067302171 0.0003229867809856052 724042044.0639979 4.4747
8766.133 1106.3083 157.49396 9.587784 1684.2858 28.086733 1.4050000336159951 31.88556679056994 2.525139733879497 1.3178603616985671 0.06624168315956817 0.04378931850464012 0.0033227069437448114 0.0001461503973674014 0.0011657123283958192 0.0008825227583174652 0.0016469648666100829 0.0009029832327159468 0.0002500143827635469 0.00032468797231952106 724042352.5120032 4.7646
8851.802 1158.2943 157.1478 9.988318 1561.9048 29.25 2.093447225775101 32.79012167646907 3.2217646360717462 1.2967390851692986 0.1140008832613375 0.045994374224922877 0.009062528406493542 0.0005261761192741992 0.0016595850180140053 0.0006394332415028566 0.0014564414478868792 0.0009537034415111851 0.0003345936449568317 0.00036290553367358434 724042660.0960027 4.5326
8701.603 1119.1588 152.99413 9.548843 1781.4286 30.244898 2.4335705139246526 37.235265000018096 2.5795331159452353 1.5409241652475283 0.1302470871153083 0.06475605211698438 0.0031853584560334034 0.0007004420759010462 0.0020983110138331237 0.0005527162927478895 0.001279726375395631 0.0010708782461640708 0.0003733792709356726 0.00034182098578295543 724042968.5440009 4.4935
8382.287 1042.6401 153.51332 9.968848 1596.1906 29.520407 2.436767501598416 48.008812389079395 3.5609730613131982 2.1600880883456073 0.14861053447538225 0.05505344752121599 0.004786229931198451 0.0008647654638291861 0.0020235063508522045 0.0007112846002746646 0.0015826614685588234 0.0005770654869670913 0.0004874838609190846 0.0002769351218001587 724043276.1280004 4.4051
8124.165 1006.4252 140.53305 9.20672 1469.0477 31.045918 2.0506203587855696 62.66023811528507 5.600551809082597 2.6603479443818996 0.2561294975290729 0.04753191168638911 0.005707854590346859 0.0005261589901783962 0.0016463432374011118 0.0008024789790416844 0.0018106816869014146 0.0003902196916115405 0.00046199010208724525 0.00019244633475816474 724043584.5759985 4.5557
7557.855 845.5023 123.31257 8.528038 1664.2858 29.88265 1.9624682307735777 69.71852996414624 6.347960831948386 3.095466170242105 0.2183145821158436 0.043895008541106686 0.009141723710584457 0.0003104742284739492 0.001516974598241933 0.0008511857345908458 0.0018309138846471652 0.000517631952352523 0.00037958383289207303 0.00023869017678586113 724043892.159998 4.494
7659.1006 880.84106 129.45656 9.053739 1448.0952 27.637754 2.473936275517972 71.05567410829472 5.3415664253829505 3.1210137942395053 0.18774939282973593 0.051835784967768354 0.013014414019788628 0.00023049092489989018 0.001888385059719488 0.0008151476945950547 0.0016865062846523038 0.0004269260144958026 0.00045377236289607345 0.000376927892018352 724044200.6080034 4.5234
7750.3345 884.6378 126.947044 8.536382 1532.381 32.47449 2.4352783292899507 70.12973352184873 5.577937753223197 2.8263060304571233 0.19095439552393473 0.032578982823130626 0.011032347303838282 0.0002823471614118695 0.001888385854253976 0.000783586527808694 0.0018496408191364798 0.00035854827116686444 0.00047372987826624184 0.00046365151460519747 724044508.192003 4.5486
7580.1064 858.06067 124.26445 8.708835 1539.5239 31.045918 1.8673766577670203 68.66755128036554 6.188205628594308 2.3052970586595243 0.13311763303776777 0.023159972671068136 0.0071784260076053945 nan 0.0014420155353874382 0.000781883611822067 0.0019048523363697964 0.0006343448472710447 0.00045633673788116524 0.0003106685639298057 724044828.736002 4.4942
7703.6045 848.42285 126.514366 8.4918785 1565.2382 28.081633 2.125104256193773 68.40849030119027 5.844427812817206 2.4444715894424243 0.07343533052129221 0.01765450462760017 0.009847333769734401 0.00029311992848311125 0.001633567996124543 0.0006842013503974374 0.0016743101596512651 0.00065518227407085 0.00043879328013572894 0.0002507643493909967 724045136.3200016 4.3794
7676.903 864.48596 124.61059 8.330552 1460.0 31.081633 2.1468417455849265 55.852663669421645 4.608610889922744 2.0493553848132073 0.047875776015440796 0.03487233121432037 0.011966143411414193 0.0005261436208274777 0.0016069964910333731 0.0005435716674591189 0.0017895979931705636 0.0008205932476132525 0.0004390557382224526 0.00025108644439348704 724045444.7679996 4.3985
7062.7505 759.6378 107.303566 7.2040496 1377.143 27.219389 2.4630177426598103 43.92392126035247 4.593825192099104 1.4227273918051608 0.04996918294734698 0.025511137476486034 0.011960250011487927 0.0005261461498048611 0.0018994853900802106 0.0006651182528928656 0.00175102246253004 0.0009720573394569366 0.00045909986730327014 0.00021305190837669994 724045752.3519993 4.5059
7576.769 882.5934 131.793 8.892412 1531.9048 33.709183 2.59230728664396 49.110810201210974 4.718657866877341 1.5606958195751492 0.10272126568432238 0.03056827009720764 0.011965673703411006 0.0008622016428138219 0.0020400016908121016 0.0007112867783325844 0.0017372240335958415 0.0006011176719720086 0.00041036166641120257 0.00019196801058736385 724046060.7999973 4.2763
8202.048 970.50226 142.17723 8.772809 1556.6667 27.13265 2.5516880251463974 51.590286245319824 4.102162426108283 1.5536769942166508 0.11577033175507823 0.04120476398387967 0.010380569157700331 0.0017509898277884408 0.0020276976716210554 0.0007899994408238131 0.0013804232502186568 0.0004828494641486383 0.00043470348153590825 0.00022540908642897968 724046368.3839968 4.5632
7228.5273 831.77563 121.58186 7.999555 1342.381 28.801018 2.2498920336125936 44.457054837575654 3.6092690025600147 1.3516476908666186 0.10095919467647338 0.024900564532327453 0.0062609174356285865 0.001012041782501806 0.0018077401838463092 0.000829830582806613 0.0015227147341248868 0.00044597469638126984 0.0005031700635254888 0.00016091590283077198 724046676.8320022 nan
7867.1562 899.24066 129.2835 8.174788 1771.4287 28.62755 2.848278342980695 42.28691338535904 3.5456202516660364 1.296803766673313 0.10536014342106505 0.01342844591940184 0.011651544217671731 0.000526143846436738 0.0022807025714063033 0.0005746782054101993 0.0018156273366967922 0.000339832553876556 0.0004346029621732566 0.00021131287380589598 724046984.4160018 nan
8664.887 999.7079 135.16788 8.60592 1420.4763 33.290813 2.7519002028929607 41.92810784031462 3.0012818165737274 1.1650209796694255 0.10842515785478804 0.038088260415123754 0.00900463733534249 0.00013385081504659014 0.0022049590361930527 0.0005625773518890271 0.0021650189742578223 0.0006193346934100831 0.0005511968815641876 0.00033781774575126285 724047292.8639998 nan
8684.913 955.31537 124.8702 8.450156 1434.2858 27.566326 2.155938871101609 41.10047353290092 3.920484008735705 1.3247272306764084 0.07500168648174113 0.024394360733336444 0.010870218456694255 0.00040559221475887586 0.001612962213221968 0.0010496677588448778 0.0021133931345578387 0.0008842977361490053 0.00051199242691915 0.0003058871144837206 724047600.4479995 nan
8367.824 969.33405 123.22603 7.9439254 1446.6667 27.25 2.486869978946626 37.65832023313992 3.7053851445840853 1.1971879944780144 0.06507161375129486 0.03646533659320738 0.011967298846284665 0.00010573346699262892 0.00197170400513031 0.001280195738034094 0.0014386913500432294 0.0002699625843581656 0.00032474840147444606 0.00025432174576457255 724047908.8959975 nan
8443.48 926.69385 125.475945 8.052403 1581.9049 33.55612 2.341965115205051 32.42047495343216 3.1294977682101526 0.8822343555088596 0.0471760830208896 0.0169379156941486 0.011963916301358846 0.00130112183348606 0.0017522853994836086 0.0010108575924497668 0.0014427280522225085 0.0005302207392418965 0.000546425138237656 0.00029679104860932563 724048216.4799972 nan
7670.2275 860.6892 121.14919 8.469626 1494.762 28.535713 1.7798359945047693 27.28211243166419 2.3882879282778298 0.7245878237114888 0.07107655125452461 0.006750394965658687 0.018079012119050955 0.00023284826817025067 0.0011419619429229792 0.001049436259863273 0.0012254550827624664 0.00044464833542597656 0.00038834217289710783 0.0002726356876428405 724048524.9280025 nan
7746.9956 931.0747 126.947044 8.580886 1414.2858 32.03061 1.8659555836120196 23.70141536358816 2.342778229467979 0.6295738827574379 0.047330753847517774 0.011045001740310555 0.017036551969310438 0.000461831447274061 0.0012332984040765392 0.00044258947322194336 0.0017005666025940122 0.0005049777604924919 0.0004247474848814883 0.00028458687650393164 724048832.512002 nan
7837.1167 909.75464 131.01419 8.169226 1625.7144 26.20408 1.961188436549449 22.45262104444487 2.2833069569559616 0.7789162327670324 0.043355829723877824 0.017091357741604314 0.016744683849974594 0.0005261473835707875 0.0012589337951067123 0.0010000021223456007 0.0019512468957841734 0.0009865637058859846 0.0006168401197799908 0.00024993803274497574 724049140.96 nan
