json/2020_335.ecsv
# %ECSV 1.0
# ---
# datatype:
# - {name: p1, datatype: float32}
# - {name: p3, datatype: float32}
# - {name: p5, datatype: float32}
# - {name: p7, datatype: float32}
# - {name: de1, datatype: float32}
# - {name: de4, datatype: float32}
# - {name: hrc_shield, datatype: float64}
# - {name: gp1, datatype: float64}
# - {name: gp2a, datatype: float64}
# - {name: gp2b, datatype: float64}
# - {name: gp3, datatype: float64}
# - {name: gp4, datatype: float64}
# - {name: gp5, datatype: float64}
# - {name: gp6, datatype: float64}
# - {name: gp7, datatype: float64}
# - {name: gp8a, datatype: float64}
# - {name: gp8b, datatype: float64}
# - {name: gp8c, datatype: float64}
# - {name: gp9, datatype: float64}
# - {name: gp10, datatype: float64}
# - {name: times, datatype: float64}
# - {name: fi_rate, datatype: float64}
# meta: !!omap
# - __serialized_columns__:
#     times:
#       __class__: cxotime.cxotime.CxoTime
#       format: secs
#       in_subfmt: '*'
#       out_subfmt: '*'
#       precision: 3
#       scale: utc
#       value: !astropy.table.SerializedColumn {name: times}
# schema: astropy-2.0
p1 p3 p5 p7 de1 de4 hrc_shield gp1 gp2a gp2b gp3 gp4 gp5 gp6 gp7 gp8a gp8b gp8c gp9 gp10 times fi_rate
[from data line 2995]
7289.719 792.64014 110.159225 6.9259014 1393.3335 26.617348 1.4869357647699115 19.580340344923535 2.795255931681774 0.4750569782854737 0.05419820313239934 0.029890063613932663 0.006983001834279636 0.0005047698946251316 0.0010576389555044677 0.0008153803411521028 0.0013988595096312906 0.00024912455826179474 0.0005319502678921327 0.00022557344022060562 724049756.9919977 nan
6980.4185 686.0397 99.082726 6.603249 1576.1906 27.27551 1.4934556822719667 16.36719781107749 1.8965641074269106 0.4684218775849186 0.07586052223345323 0.012348336485684288 0.007294976095001913 0.0005130167621611046 0.0010752995701661207 0.0008357546840460384 0.0012064518102423282 0.0009239820830728076 0.00048223914146759423 0.0003665586546400798 724050076.6719983 nan
6439.6978 519.56775 78.66044 5.715955 1266.1906 28.770407 2.5906670013457753 15.100912787579999 1.8963445423202334 0.3644431886287734 0.07585466471743739 0.03465673085295486 0.011957155362483783 5.589709732883375e-05 0.002053646997511755 0.0010480340692376679 0.00213536194332613 0.0006321544945658215 0.0003698313084144185 0.00027094301089345714 724050385.1200036 nan
6119.27 465.53735 69.7127 5.048398 1360.4763 29.025509 1.8402286441597042 15.6931606393955 1.9144485206442874 0.5528381465709398 0.07246433991551265 0.02444498401458113 0.012145868454370067 0.001052281374541304 0.001324735390040071 0.0007205785888239467 0.0015835535982766798 0.0007876304827333048 0.00040544766867844684 0.0003502206924908885 724050692.7040031 nan
6003.56 470.7944 72.27415 5.129061 1478.0953 31.877552 2.6465750955099807 14.449037915119364 2.075783039972101 0.48395806920286105 0.04059757539618795 0.035287391608548796 0.013841473392294806 0.0009401703928531462 0.002031158503818341 0.0008171983289125161 0.0017162872058176836 0.0003988336572942933 0.000460615880658341 0.0003560070725670096 724051001.1520013 nan
6151.5356 478.67987 68.674286 4.8898535 1361.4286 26.969385 2.069457592900174 13.329866552669511 1.8488003880143322 0.6318914037965785 0.10550609958213733 0.03838094766163854 0.010827336055916974 6.936604588873773e-05 0.001524083996965092 0.0007425396601695981 0.0019514044337189834 0.001097842244320178 0.0005331444826636788 0.0002460790037548562 724051308.7360008 nan
5925.6787 453.56305 67.22915 5.173565 1243.8096 26.87245 2.5255001078043087 13.830769476728232 2.9975942530415383 0.9273052701357556 0.07801709628713797 0.05315312473495708 0.01760095172140727 0.000526139563135042 0.0018212485125787626 0.0008725075548359907 0.0012921807658941328 0.0008116478083203069 0.0004918521887319348 0.00023623546120861845 724051617.183999 nan
5577.4365 426.1098 64.49464 4.647864 1333.8097 31.943876 2.008447303543287 13.053719764274485 2.7083055987967097 0.9361037916424864 0.05459642194921716 0.022431420536284555 0.01045248336148126 0.0005261468827302582 0.0015465006807456594 0.00040829706425817567 0.0018347961548761222 0.0006671417878567604 0.00033892425736865796 0.0001693616459792569 724051924.7679985 nan
6071.4287 445.67755 68.951195 4.853694 1572.8572 32.219387 2.361554833207857 14.786796461912608 2.4538284050193435 0.7047045391992385 0.13783999750339004 0.016386351085808475 0.01537039099089842 0.0004138444952526305 0.001798817114083562 0.00019445545410546434 0.0018635062981227602 0.0005687859259435387 0.0002665507055325908 0.00014192520060117824 724052233.2159966 nan
6084.78 448.89017 67.782974 4.6617713 1297.143 28.892855 2.27924850604684 15.143124538038103 2.9110566732533183 0.9484449471447967 0.07376199499172266 0.01737725224623255 0.020847104260761577 0.00012560058416511075 0.001619004843260315 0.00044589113121704387 0.002490176199357421 0.0009163689580413812 0.00021273684303136557 0.0002919881277876806 724052540.8000034 nan
5601.9136 426.40186 66.45033 4.739653 1204.2858 29.698978 2.7636220490049093 14.645074730381303 2.4784072471328917 0.9977393557725693 0.044082348544439 0.03842451957695837 0.023757252020312904 0.0008069691274589175 0.0019862124009738967 0.0006087487307729306 0.0021601054327032997 0.00026230963342506334 0.0002866638416042728 0.00029118083399688136 724052849.2480015 nan
6127.058 455.3154 67.42818 4.7368712 1498.5715 27.10204 2.2958116999291986 12.041221018977268 2.945706802040786 0.7560122198363906 0.07269418966799304 0.03501765983289599 0.013247750919776816 0.0014246914216414898 0.0017398632865902716 0.0010615809712190975 0.0019863877901224207 0.00041410463436477533 0.0003847820228384059 0.00025206951671023596 724053156.8320011 nan
5781.0415 407.4182 61.751472 4.4225636 1296.1904 29.790815 2.2424182881830554 9.529442510459381 2.8520930694885114 0.5514018432059404 0.0650161547912955 0.015295526597862366 0.007846245064227103 0.0008837487358266357 0.0018211804525303387 0.000550132915702095 0.002139054192037501 0.00038094399893748624 0.0003526288920630813 0.00023374201509802038 724053465.2799991 nan
5937.917 423.18924 61.99377 4.069315 1304.762 33.377552 2.422929370108004 9.031549803138153 3.161727163311359 0.573000543972502 0.05751323054684683 0.03527273464132113 0.015998376661978515 0.0008898053759369292 0.0018235931561192736 0.0007932211500870157 0.0017351345442847715 0.00034635975069048907 0.00031909506623574056 0.0001569653020338021 724053772.8639988 nan
5827.7705 435.74765 63.59467 4.692368 1445.7144 31.494896 2.752300326100776 9.765359059259398 2.864392288610748 0.7658133782799066 0.043340897965098525 0.028683623782647397 0.02002376466123118 0.001578422160891718 0.0020197880410514095 0.0008597621772411221 0.001550956728689492 0.0006462692263269987 0.0003910352443053103 0.00015887506372049294 724054081.3119968 nan
5882.2876 424.35745 61.00727 4.300178 1285.7144 29.795918 2.3854965969162825 9.407370827422914 2.2908243494923046 0.7894981256859522 0.06065064444150068 0.029376499197904807 0.021525841480508734 0.0013684817811006748 0.0016372160207183653 0.0005220638168685785 0.001477806978257914 0.000787394790877595 0.0003948375433355732 0.00016819397951674432 724054388.8960036 nan
5844.459 426.98596 60.695744 4.1583223 1256.1906 32.663265 2.650330358392209 9.288686309128295 2.2331973375132836 0.761995886114213 0.0728110622180102 0.03699687052552099 0.018461084806921473 0.0006027514636045434 0.001976029105628215 0.00038902365511771404 0.0014343143418429874 0.00036987815104059054 0.00034190204387258573 0.00017858897630658024 724054697.3440017 nan
5624.1655 417.3481 60.16788 4.517134 1247.143 29.20408 2.8268430226345886 9.714485264466607 2.176832961344207 0.664284492574088 0.07366773290524142 0.015587235154700197 0.013273966513233747 0.0007096695994132396 0.0022771682283440333 0.00037954025054271775 0.0017285172392912476 0.00040366880946479346 0.00029192593062163277 0.00025323216979550664 724055004.0640028 nan
5783.2666 401.5771 57.199726 4.4114375 1388.5714 30.147959 1.3669664593233362 9.952451863202665 2.741846377627084 0.7702154922012472 0.09191509046532265 0.015019939778502583 0.011958335945098895 0.0013058523322741255 0.0009252352449379996 0.0003027980868889025 0.0016743095532729263 0.0006249036434977139 0.00028379881782920804 0.0001914754978014041 724055324.6080017 nan
5668.6694 385.22192 58.6189 4.6506457 1318.5715 30.58163 1.353045834600489 9.969888111645702 3.199145687743896 0.6436878150515757 0.0808049893737571 0.020326509056779775 0.013257409750173556 0.0007663962317747814 0.0008756728864986306 0.0005386027899992546 0.0016207951126132698 0.0007246866837703971 0.0003040359580205361 0.00020281505215321067 724055632.1920013 nan
5469.515 396.32007 62.088963 4.430908 1352.8573 32.301018 2.4330660352167186 10.610150636778593 2.6440771716803813 0.677628779873547 0.08205435145944864 0.02772588480542184 0.015716787013471817 0.0008268403330053855 0.001858510145352286 0.000592735432219344 0.0013506669717965394 0.0006063495759506171 0.0002676644368953182 0.0002167725258751627 724055940.6399994 nan
5641.967 408.87848 60.185184 4.4114375 1475.7144 27.142857 2.645248856555807 10.185491908140088 2.0790017473220366 0.6785869201139245 0.07376993393006732 0.028268090389202603 0.015315808365166944 0.001366290484008835 0.00205760317760483 0.0005219902579309759 0.0017108668678501005 0.0002704941007598732 0.00029735999133980915 0.00016405218113959807 724056248.223999 nan
5982.421 437.79202 64.97923 4.6506457 1348.5715 33.05102 2.3111672168141832 10.522373075788197 1.9062615416185495 0.5782372822699596 0.0853503923139704 0.01617432246618514 0.009867258474998477 0.0009207934847088373 0.0018884052370050101 0.0005482793810010899 0.0020682680879689514 0.0007505257095236147 0.0002258584266308729 0.00015123640450049526 724056556.6719971 nan
5946.8184 421.4369 61.59571 4.58389 1218.0953 31.785715 2.482252742893231 9.658885625777907 2.0676815797971138 0.5509918881003021 0.04821438744110784 0.03088653501170949 0.01028747128600138 0.0012103886935527094 0.002024848267368251 0.0006698246674216674 0.0014918946449661277 0.0008022087719306727 0.00027022842275231077 0.0001035434853079722 724056864.2559967 nan
5984.6465 446.84576 62.625477 4.4781933 1463.3334 28.270407 2.2344262332008933 9.183345015277046 1.6342741787469954 0.4904407698445738 0.04374610614841817 0.029202779561251852 0.008716177041067068 0.0005076265468111239 0.0018135614410425933 0.0006308636537394281 0.0012486828968800775 0.00041046451935007144 0.00030054464371526054 0.0002072316235015912 724057172.704002 nan
5965.732 433.11914 64.71963 4.486538 1423.8096 27.642859 1.8304840138567904 8.993497253663314 1.8467283386387796 0.43009043357279536 0.05420959270095886 0.01939256067258201 0.01559787576104046 nan 0.0012356541375343046 0.0005927380849607341 0.0016268829909559597 0.000601976796633642 0.0004139003584683334 0.0001944354551624446 724057480.2880015 nan
5987.984 456.7757 66.07823 4.442034 1367.6191 28.443878 1.7243460767247223 8.166365109467634 1.9935371288702892 0.4988947467398528 0.03833981033340629 0.013344027928839316 0.013888623400895842 nan 0.0012026873035940091 0.0005927390537544843 0.0022052687207584323 0.0005731558846097393 0.0003337528326577139 0.00020907488558321989 724057788.7359997 nan
5683.1333 416.764 61.214954 4.8425684 1443.8096 32.933674 1.5820422809559773 8.599235241392625 2.088302868125913 0.6867793857222189 0.0407374459566038 0.03404075012639818 0.006529335304668337 nan 0.0012589618252968403 0.0005029804476784335 0.0016180557600435938 0.000596014127147552 0.00025907119266573275 0.00021004673210419929 724058096.3199992 nan
5802.181 403.03738 63.586018 4.837005 1589.5239 30.418365 2.8888063574777085 9.416763436078483 2.1256175770569197 0.7833502946450578 0.03486150932341179 0.018087076892393097 0.008546229345289345 0.00041318686577685923 0.002412365954984108 0.00047418926221322506 0.0010694792732457248 0.0007024573331015112 0.00036918243596848155 0.00015675570200825422 724058404.7679974 nan
5749.8887 407.4182 62.55625 4.5588565 1292.381 28.62755 2.9560994597334194 9.435469722218706 1.8799083057630792 0.7244920310980925 0.0765048074418567 0.016543566439017467 0.005695090015457678 9.96767076959383e-05 0.002557688528246589 0.000666363143674861 0.0009050560661717158 0.0008925141121789828 0.0003201501897243027 0.00016016760546405532 724058712.3519969 nan
5585.225 395.73596 59.544827 4.4809747 1309.0477 28.357143 1.4693562956965975 8.643002729631148 1.695025303142628 0.5346015586450359 0.06858471525042104 0.017658897405489492 0.022858945582813605 nan 0.0007580691722484433 0.0012084231336700797 0.001216817557305553 0.0011053973143780509 0.0003432286169436767 0.00025004950975699434 724059020.8000022 nan
5692.0337 395.73596 56.879543 4.2584558 1569.0477 29.35204 1.6965262208902778 9.871427716475765 1.6048469986142466 0.6541546872695414 0.03696692826929016 0.012572314789359336 0.005649633001105641 0.0004546141965969578 0.0013261233549207493 0.0008943194789177555 0.0019611071383743243 0.001496576944742009 0.00042359608712674943 8.940894095743244e-05 724059328.3840017 nan
5829.9956 407.12613 61.32745 4.2222967 1434.762 30.596937 2.6037218290604818 9.153266365639642 1.5269421100912581 0.5730420069112377 0.022865308952334514 0.011772599503164696 0.015210264232940945 0.001465015539822697 0.0020304153587215944 0.000618302230852288 0.0019804035950458797 0.000906364588219323 0.0002707905598700711 0.0002078811657265497 724059636.8319999 nan
5864.486 405.95792 64.858086 4.5699825 1384.2858 26.112244 2.670993333804036 8.242908278065709 1.1005919852324726 0.533193099539547 0.03164266807410059 0.03336840075368144 0.007972369844535419 0.0006130541540229239 0.002290814114836818 0.00015769689628084628 0.0013372713414746204 0.000448291233828764 0.00017420263380679842 0.00022557235821295816 724059944.4159994 nan
5959.0566 432.24298 62.919697 4.4726305 1516.6667 27.479593 4.097760638646098 9.370023623242089 1.350449253198269 0.5029833042585261 0.08384245778604221 0.040887604437140214 0.01171115821818828 0.0010237067413083763 0.0034986239359176543 0.0007911358437677264 0.0011872260741069953 0.0004141057161632175 0.0003413131148650473 0.00020618161346022004 724060252.8639976 nan
5892.301 423.77335 64.73693 4.52826 1358.0953 27.816326 3.2643283586927287 8.655995582693167 2.046610036617037 0.5322871074541593 0.022431282384570768 0.011973740749184843 0.023975104065836677 0.0005202677641868172 0.00250624356698393 0.0005927406453338435 0.0014806400464484914 0.0009236249478540833 0.0001513167234465743 0.00014354630338857447 724060572.543998 nan
5831.1084 445.0934 66.21668 4.8230977 1455.2382 28.168367 2.25050631324807 9.611692749820342 1.6563211768736448 0.6339576078126979 0.08382901579235817 0.02990687756163465 0.025873294338686157 2.0710075947278417e-05 0.0014770814713328032 0.0005834069886867213 0.0017456652564993244 0.0002274270774457482 0.00022077852899532067 0.00014516069398450314 724060880.9920033 nan
5665.3315 444.80136 64.4081 4.475412 1408.5714 33.984695 2.2868097996162917 8.470006589386843 1.330781980669782 0.28460196222504447 0.012956661523814559 0.040843533940316576 0.013905837632184146 0.0005261702095048846 0.0017464835292644817 0.0004016178692878805 0.0011024800481244925 0.0007046111898427826 0.0003043773000725573 0.00018455923759120365 724061188.576003 nan
6141.522 460.86444 68.26757 4.283489 1363.8096 25.071428 3.162059681858052 8.58953436654572 1.8353942870959206 0.5358201781866795 0.041388569665918924 0.03314109023595244 0.007183296425504107 0.0004773380429437999 0.0027083525558200838 0.0009899118941557696 0.0013331496202395271 0.0004333207106347157 0.00035132309931214034 0.00019788053659275913 724061497.024001 nan
5956.8315 438.96027 63.46487 4.400312 1115.2382 24.25 2.8950413862526614 9.268698220565996 1.233331004621281 0.29847826440410047 0.019138951871337014 0.013166919280124367 0.008881177991335037 0.00018639292341668325 0.002418912205985313 0.0002790882315359602 0.0009678066491039621 0.0006211586504832702 0.00034737231316636516 0.0003135776948602466 724061804.6080006 nan
5605.2515 421.72894 63.213913 4.7535605 1376.6667 31.530611 2.3729477666320506 10.397594083873026 1.378578812587625 0.35043119728108685 0.009526245227902273 0.028728215663091698 0.020856060115331112 0.0014246355673808227 0.0016786782668350214 0.0006100718136632485 0.0014750058921766918 0.0006514397679611477 0.00029095135520362494 0.00019307131307007725 724062113.0559987 nan
5710.948 403.91354 61.838005 4.5950155 1716.1906 29.637754 2.166410224129855 10.085996671985626 1.3787468474232825 0.4409756625745983 0.05769379753289357 0.050838972089379875 0.017183923199540173 0.0005261848521149231 0.0016067017572390528 0.0006909513113150634 0.001021542205503673 0.0008459710761558654 0.0001768800372545757 0.00014414314135508186 724062420.6399983 nan
5641.967 391.93924 60.19384 4.127726 1399.0476 25.5 2.268377800412223 9.037129672408817 1.0641542795311603 0.18032761497082925 0.033759462909934895 0.019954833498689144 0.01784230601626712 0.0006721713959427383 0.00160831228014921 0.0006914039449340164 0.0015923353444254659 0.0009604624488399816 0.00039406565167639685 0.00021763223024381766 724062752.4159997 nan
