json/2020_335.ecsv
# %ECSV 1.0
# ---
# datatype:
# - {name: p1, datatype: float32}
# - {name: p3, datatype: float32}
# - {name: p5, datatype: float32}
# - {name: p7, datatype: float32}
# - {name: de1, datatype: float32}
# - {name: de4, datatype: float32}
# - {name: hrc_shield, datatype: float64}
# - {name: gp1, datatype: float64}
# - {name: gp2a, datatype: float64}
# - {name: gp2b, datatype: float64}
# - {name: gp3, datatype: float64}
# - {name: gp4, datatype: float64}
# - {name: gp5, datatype: float64}
# - {name: gp6, datatype: float64}
# - {name: gp7, datatype: float64}
# - {name: gp8a, datatype: float64}
# - {name: gp8b, datatype: float64}
# - {name: gp8c, datatype: float64}
# - {name: gp9, datatype: float64}
# - {name: gp10, datatype: float64}
# - {name: times, datatype: float64}
# - {name: fi_rate, datatype: float64}
# meta: !!omap
# - __serialized_columns__:
#     times:
#       __class__: cxotime.cxotime.CxoTime
#       format: secs
#       in_subfmt: '*'
#       out_subfmt: '*'
#       precision: 3
#       scale: utc
#       value: !astropy.table.SerializedColumn {name: times}
# schema: astropy-2.0
p1 p3 p5 p7 de1 de4 hrc_shield gp1 gp2a gp2b gp3 gp4 gp5 gp6 gp7 gp8a gp8b gp8c gp9 gp10 times fi_rate
[from data line 2258]
4675.1226 290.2453 168.65698 40.275925 3582.381 43.2551 2.9741328756571885 48.82390042687426 13.21679008692023 7.1268671102311725 1.7482983663011296 0.40473956654175036 0.026925641564425607 0.0006135982875529485 0.002134880809343519 0.00071129853371529 0.0023475113585377356 0.0004834496563577587 0.0002340634825893655 0.0003384590821639467 723822344.4159987 nan
4718.5137 276.0806 164.76291 39.74744 3905.2383 41.372448 2.6676125798954433 50.22486369109079 13.847567631647104 7.473057067856587 1.9106536252328126 0.38428322234188134 0.012792287991226782 0.0020160950833244297 0.0021002130892156102 0.0016053595452209558 0.0019923745720406526 0.000517640765538076 0.0003909755841765795 0.00021329109424076656 723822651.9999982 nan
4738.5405 295.85278 169.78194 40.303738 3554.7622 45.591835 2.2098370839877806 51.03104660802941 14.411086014772312 7.518348217502247 1.6250535584410168 0.35401088113854645 0.023590417809289426 0.00466310855212645 0.0014884848504538271 0.0007389155256364446 0.001491701300815801 0.0005176434376881241 0.00022284877022601919 0.0002448867069537146 723822960.4480035 nan
4620.605 287.67523 181.03151 43.085224 3580.0002 45.5 3.9181508025696834 51.99356695450893 14.427660419654597 7.5784760093974555 1.5298750586651328 0.30041066250135506 0.02871010661204996 0.00526452817517525 0.0029347091407619366 0.0009474856686905878 0.0017716959022528564 0.0007238991733080548 0.0003841449777981642 0.00028694044249586126 723823268.0320032 nan
4454.8286 314.25232 185.61787 42.501114 3798.0952 41.821426 2.5797473887713815 50.99305412875026 13.057283459191428 7.4034529537828755 1.5793479170377602 0.34961586775268205 0.035853701812218745 0.005228251434122871 0.0015008251169307373 0.0006013966114358581 0.001479752641163652 0.0005251944895656446 0.0004007033908086217 0.00016505297596701928 723823576.4800012 nan
4748.5537 309.28738 184.14677 43.585896 4081.4287 47.836735 3.775937071455834 54.334616002707406 15.95457497281334 7.513803575890008 1.406435048225358 0.21537891394407283 0.03399324690429042 0.003582157068007304 0.0026887315409525256 0.0009483929587077107 0.0016100428246286415 0.0008487657005928325 0.0003672289280976903 0.00020405321450892846 723823884.0640008 nan
4885.403 305.19858 189.51195 45.199158 4149.524 41.10204 3.2435431441883567 57.628013275598015 16.052397377085114 8.424549042116707 1.5413809483093697 0.3912214769476276 0.04291056442855509 0.0016209695059583764 0.0019882966930266826 0.00094839623894588 0.002249971782813254 0.0012020863281680641 0.00036043551223684456 0.00018296762605080798 723824192.5119989 nan
4597.2407 337.32477 196.43477 45.310417 5047.6196 45.142857 4.326949046425311 59.325486349279416 15.272839899183708 7.236685722004134 1.51111613162014 0.35200214248392087 0.039220599029509966 0.0022694858125880293 0.0030639085359383035 0.0009728220497031984 0.002007412438348496 0.0007246959350232091 0.00045120057004477854 0.0001746206849249621 723824500.0959985 nan
4780.819 347.5467 210.62653 46.784603 5742.8574 51.17347 3.0806072763134646 61.00986340826978 13.536225487376722 7.233414923272269 1.1822662826578283 0.33065749547972506 0.02602499964251693 0.0037559041631112277 0.0022277542804206335 0.0011854888682137008 0.0015161203754102605 0.0007382762056237414 0.00030991809167574383 0.00026120874214713457 723824808.5439966 nan
4631.7314 349.29904 211.23227 48.036274 5261.9053 46.17857 2.925245635748336 62.233152064815854 14.539013642246704 8.082958649569509 1.3389285918401594 0.271941222507737 0.025443214965850176 0.004213587419072501 0.0020747527189153617 0.001092738411713372 0.0017574201348116432 0.0007472243169983345 0.00036020358849325306 0.00021915745913921405 723825116.1280034 nan
4739.653 343.45795 210.45345 46.92368 5376.191 45.770405 5.039593666879294 61.0421007148064 14.218770188192547 7.098227118903094 1.4188843930607513 0.34277201495909354 0.02926773802158461 0.004564579980722648 0.004014286276961975 0.000698058456926225 0.00178370531725824 0.000310583908049029 0.0003067225581185849 0.00018000788173992794 723825435.8079966 nan
4793.0576 343.16586 218.32814 47.67468 5076.1904 45.147957 3.58849935499583 66.31355287297342 15.342149428129472 7.04217259020176 1.367081112263962 0.3223279012620044 0.01856221388626502 0.005662065995372318 0.0028876937575480106 0.0010372796570661004 0.0020682076692241434 0.0004142103539974308 0.0002760523702337958 0.00018971364503322962 723825744.256002 nan
4666.2217 358.3528 215.29941 48.592567 5476.191 52.040813 2.5162517880796136 69.33379979820346 14.693600337463172 7.40740957160962 1.2429095322571235 0.2359314000805345 0.033109320672002715 0.0049770019187487125 0.0015282403217456333 0.000981057742528164 0.0015828763173518165 0.0006676492403136846 0.00032879646845043763 0.00027223986837168155 723826051.8400015 nan
4749.666 352.21964 211.75146 49.371387 5419.048 41.52551 3.1979428593411034 68.2456376757271 13.564672429209653 7.656420344566513 1.2751306928370398 0.22574528135423622 0.0375876912319137 0.0035740490987657214 0.002063184452327118 0.0008149350683486808 0.0012329413585253977 0.0005490844250869589 0.00036087422471518425 0.0002808689608891245 723826360.2879996 nan
4564.9756 353.67987 224.12599 48.34223 5209.524 49.632652 4.252535065096412 68.50129722655811 14.961735644571595 7.317463930150253 1.2736416881641288 0.27278075575049365 0.035132092956880766 0.0022802321922050723 0.003148103211996123 0.00051008802550478 0.0016406466038928562 0.0006892849059470389 0.00027868551684443485 0.0002868281924326602 723826667.8719991 nan
4856.4756 381.13318 227.67393 50.511795 5004.762 44.632652 4.177293012398755 72.03932306385377 14.572687048298056 6.971967592716866 1.2245965456956909 0.26832757320060335 0.032670945515323624 0.0028218647120771844 0.0031209258484284053 0.0010246115359543396 0.0017728308663572012 0.000754281863003119 0.0003071135900646996 0.00029149304965937864 723826976.3199973 nan
4826.4355 400.99295 235.63516 50.706497 4717.143 41.372448 2.9029006673001954 75.25849659057789 13.59638322442777 7.126412806621109 1.2804251749067868 0.29822494057510934 0.025636968681643224 0.0029590268387963458 0.002069679144703804 0.0008577255457312915 0.00158451876319089 0.00046281127135139956 0.0003050738966896364 0.00020205079965241 723827283.9039968 nan
4536.0483 417.93222 238.4043 50.066757 4833.3335 42.270405 2.4878067545538713 75.7580118083493 13.720991943844014 7.587189727438179 1.2269550727007106 0.34919532082620053 0.016762856458083127 0.002849980060808672 0.001852981331391982 0.0007112951165982255 0.0014016874282471025 0.0003345679571730097 0.0003599643094145716 0.00014721751104846732 723827592.3520021 nan
4799.733 408.00232 237.79855 51.4575 5152.381 41.72959 3.0839188767284376 71.92567178896653 14.428971564748503 7.0860998858848445 1.0886651255094104 0.25892324972494785 0.021980676964636903 0.0033899781117015227 0.0022836617063084932 0.0007112964665429729 0.0016617030144264547 0.0008786142866208419 0.0004101050995136544 0.00021241993077146228 723827899.9360018 nan
4889.853 541.1799 288.6812 49.98331 4630.0 50.2551 2.930337717627073 66.78832864598952 14.133160155899924 6.0826188325725195 0.9990266385495644 0.2205205909690886 0.03204678066222016 0.00417289245405341 0.0019394610573195213 0.0009299568984891392 0.0017728294690459744 0.0009162173262295666 0.0003423128626293902 0.0002619189896524124 723828207.5200013 nan
4899.8667 473.42285 249.30772 52.152874 4586.667 43.52551 2.628852128937034 68.84616357077782 13.247543737496308 6.511466858075821 0.9236395469861883 0.2735853025640947 0.031231394609522352 0.0031942671817988596 0.0016714204636490274 0.0010694864692268003 0.0017728304259435358 0.0006673842169069529 0.0003431425216550928 0.0002146642179872484 723828515.9679995 nan
4888.74 469.62613 258.30737 52.0138 4780.9526 39.857143 2.677742663469705 71.4838236424875 14.691780404876443 6.585019387258851 0.9576586042636342 0.26746410867184206 0.02387579858104243 0.003206435904581666 0.0018843982555743636 0.0008873941483697411 0.0016714693729523368 0.0007719406228411795 0.0003345980135691172 0.0002988444226123519 723828823.551999 nan
4749.666 470.21027 251.73071 49.482647 4566.667 46.668365 2.856684547185781 70.55689348979871 13.984141449186382 6.261518641486045 0.9876917243644431 0.23399916984484107 0.025449259949205452 0.004168853615471193 0.002022458483549969 0.0008941847363078064 0.0017362089381686913 0.0003964229641182675 0.00032551893825835535 0.0002707116522408369 723829131.9999971 nan
4740.7656 419.68457 225.51056 48.898533 4809.5244 46.214283 4.02091137572377 69.09548565158352 12.757719965286462 6.579264115392849 0.908445601838146 0.20446374095831618 0.03417393289600261 0.004584556100355403 0.0029071134859448553 0.0008810598842143346 0.0019272668003273825 0.0006774870737860177 0.0003938907360415851 0.00020507006558999328 723829439.5839967 nan
4536.0483 451.81073 241.00035 49.62172 4456.1904 44.515305 4.224949080634509 69.01567397562988 13.123415474593724 6.32732218444133 0.9867385915482807 0.2153531136899287 0.032602356946838947 0.004011128382198036 0.00311038748167209 0.0007591711501934046 0.0016175137862242863 0.0005415251392012233 0.0004616820290993637 0.00020506966544416055 723829748.032002 nan
4894.3037 470.21027 245.50018 50.53961 4715.2383 43.086735 2.910675468835369 69.63091015373868 13.82913179464558 6.36139958550902 1.1064173922847127 0.28816189001884285 0.02724676952395874 0.002832939548424327 0.0020269796020782015 0.0005639541218272755 0.0018685155906581962 0.0004000646415989064 0.0003436781031698763 0.00016683741356083047 723830055.6160015 nan
4905.4297 464.0771 254.67291 50.929016 4520.4766 46.607143 3.9152336899371365 68.85820807367261 13.363929799268996 6.951809825852106 1.0405790446298795 0.3238177939318189 0.03411700274746125 0.003317799569959705 0.002834800149512527 0.0006282190240973105 0.001335061805457907 0.0005176386456696505 0.0003220176777075701 0.00018351167979589156 723830364.0639997 nan
4571.6514 462.03268 255.71132 49.34357 4785.7144 43.612244 4.245706678102658 70.55059899153078 14.432914312623435 7.2857053332458115 0.9796180069424246 0.31119758113854157 0.03488776335626635 0.005193704701085747 0.0031201537158784464 0.0006265114536045678 0.001731697625899426 0.0008878530877314942 0.0003513282616950164 0.00014640285306210372 723830683.7440001 nan
4906.542 445.67755 255.45172 52.152874 5219.048 43.08163 3.0549935099504686 71.79966355983807 13.689263399601389 6.733220478388504 0.9846093390026477 0.3410590619488628 0.0423917679343937 0.00267369350765696 0.001851954600824129 0.0005049645204346063 0.0019953710567913807 0.000958620875094698 0.00027699988718442976 0.00013822658844868334 723830991.3279997 nan
4735.2026 399.82474 257.0959 52.570095 5190.476 44.94388 4.4740379393831615 71.63606296837852 13.566800356354264 6.246913798581232 1.0291377892360745 0.19940782204964064 0.03997780501892887 0.002794775593217202 0.003246422801497377 0.0009298074773014815 0.0017426968158948167 0.00045429790426998283 0.00028952725964224486 0.00020659910185382132 723831299.7759978 nan
4771.918 418.22427 277.3451 56.325104 4961.905 42.469387 3.4128716149945704 69.56025586883153 14.335027582795963 6.117961337339819 0.8004491063703516 0.22787768622437252 0.030709793969252438 0.0027421024446318302 0.0024468543376119137 0.00040811451096427003 0.0015961471637155795 0.0007215490604018263 0.0002878569846787871 0.00025813837194222386 723831607.3599974 nan
4936.582 467.8738 279.8546 55.26814 5309.524 41.68367 3.2197910391720597 72.70487088387921 11.510332708095428 6.7849729525762745 0.7467719649383122 0.25697941981599576 0.0287372052070173 0.0043657056533381085 0.0022732405307715605 0.000821840957965717 0.0015758480388830833 0.0006580050080035581 0.00038068331477622146 0.00019915703011498818 723831915.8080027 nan
4842.0117 494.15884 305.2094 55.657547 5366.667 45.489796 2.7159847077564505 71.2893216227329 13.178721940689675 6.357003450462209 0.8682366561476207 0.20918002063809013 0.022649416039979255 0.003401640036029833 0.0019546277894893997 0.0009483960617944969 0.0014089318099693023 0.0005334431039242306 0.0003164608578363782 0.00028882271653078354 723832223.3920022 nan
4808.634 523.9486 304.60367 54.962173 5871.4287 46.214283 2.724473913161533 73.2447128925607 12.838090164173083 6.486913037485111 0.7338088040989234 0.21900694895433365 0.02814677365194436 0.0037541091129003586 0.0017988790218950131 0.001378691513725083 0.0012189730460781926 0.0006148855400651503 0.0004288734394603284 0.00027816542164482206 723832531.8400004 nan
4488.2065 417.64017 288.85428 56.21384 6700.0 45.795918 3.986518319403789 72.8506076696492 11.936125779474228 5.642015309243127 0.7840968019034936 0.1970138168761036 0.03739858428843036 0.0018042054848663135 0.0028262553681413487 0.0012107236617359828 0.0019817945937115567 0.00043539944089048693 0.0003306823463862371 0.00015648691860626753 723832839.4239999 nan
4755.2295 358.64484 291.883 59.690697 6142.8574 42.994896 4.175106191116344 73.47653701289737 11.919325236781386 5.079525005936625 0.681211392479201 0.22164874167664214 0.04721309030741635 0.0035374846300976494 0.0027456610257436853 0.00041460026861498225 0.001336349154783122 0.000510285875336672 0.00044220166130490724 0.00025784894913479856 723833147.8719981 nan
4760.7925 359.81305 280.97958 56.464172 6128.572 44.47959 2.84870569585855 68.97072833592344 11.126858957027201 5.29690314957408 0.8072878765260036 0.31361397746130065 0.02961087324569737 0.0046923046989675 0.0019288910744586865 0.0008081449112146539 0.0019382683787101081 0.0006164313442771796 0.0003080282856175926 0.00018831675845852678 723833455.4559976 nan
4481.531 326.81073 270.9415 56.742325 6009.524 42.561226 2.9921916123543015 60.18357990923679 10.266877653588718 5.0188435712316535 0.7177369077590346 0.2600613831922807 0.026379498938528007 0.0026705579279998675 0.0020966861741029937 0.0003639921559424257 0.002260077669715528 0.0005194584098749386 0.0004161879212372489 0.0003457297040653715 723833763.9040029 nan
4650.645 330.02335 262.5476 57.49333 6928.572 42.0051 4.161217198929458 62.62324672157648 10.331966962777383 4.724069229261168 0.6406854219978813 0.2948533811653287 0.028677027624924165 0.0031682990001558947 0.0031410262811770334 0.001304041724652091 0.0012833995734068363 0.0009277736264563643 0.0004513234125859726 0.00028709732737298196 723834071.4880025 nan
4791.945 337.61682 267.04742 56.297287 6728.572 45.765305 2.629276237047154 65.48917822031835 10.730186379940188 5.379492829977737 0.7121893478728714 0.3568085424953459 0.021807483061243582 0.00415699305367263 0.0018602881509685197 0.0012912995925004169 0.0016743404677618035 0.00042153453607423214 0.00039972017555109574 0.00028415813826409035 723834379.9360006 nan
4577.214 312.20792 281.58533 58.856255 7542.8574 45.40816 2.0363925518004704 61.016450524815326 9.38969531884137 4.821510574441931 0.614136272016167 0.29720909645257926 0.02916812468924992 0.002665605671785526 0.0011528783472538739 0.0009338979901100708 0.0016924033878431119 0.0006021866020798271 0.00035030591366874936 0.0002125899939819943 723834687.5200002 nan
4793.0576 326.81073 251.55763 54.85091 7823.81 41.734695 3.7615112527111245 55.66188321701389 11.208992841487696 3.7217183802125304 0.7056308046170322 0.33988209219439414 0.03694399823475713 0.0030234539965286575 0.0026215671209678056 0.0008137232379136912 0.0019783120070300713 0.0003195315769000911 0.0003345976862419761 0.00031925162634772526 723834995.1039997 nan
