json/2020_335.ecsv
# %ECSV 1.0
# ---
# datatype:
# - {name: p1, datatype: float32}
# - {name: p3, datatype: float32}
# - {name: p5, datatype: float32}
# - {name: p7, datatype: float32}
# - {name: de1, datatype: float32}
# - {name: de4, datatype: float32}
# - {name: hrc_shield, datatype: float64}
# - {name: gp1, datatype: float64}
# - {name: gp2a, datatype: float64}
# - {name: gp2b, datatype: float64}
# - {name: gp3, datatype: float64}
# - {name: gp4, datatype: float64}
# - {name: gp5, datatype: float64}
# - {name: gp6, datatype: float64}
# - {name: gp7, datatype: float64}
# - {name: gp8a, datatype: float64}
# - {name: gp8b, datatype: float64}
# - {name: gp8c, datatype: float64}
# - {name: gp9, datatype: float64}
# - {name: gp10, datatype: float64}
# - {name: times, datatype: float64}
# - {name: fi_rate, datatype: float64}
# meta: !!omap
# - __serialized_columns__:
#     times:
#       __class__: cxotime.cxotime.CxoTime
#       format: secs
#       in_subfmt: '*'
#       out_subfmt: '*'
#       precision: 3
#       scale: utc
#       value: !astropy.table.SerializedColumn {name: times}
# schema: astropy-2.0
p1 p3 p5 p7 de1 de4 hrc_shield gp1 gp2a gp2b gp3 gp4 gp5 gp6 gp7 gp8a gp8b gp8c gp9 gp10 times fi_rate
[from data line 1001]
23575.879 5703.855 1080.8239 137.90611 25700.002 212.55101 2.3832614874674976 99.61651696037465 0.8444573523394084 1.1088704110765155 0.40785769658105114 0.8306024806241528 0.02155375779257151 0.0020758605284986052 0.0016064903228707106 0.0008576191651766107 0.001859796494184083 0.0008161046703616084 0.00047040006861158456 0.000386032416621597 723434451.6159998 nan
23920.783 5733.0605 1078.2278 138.87962 25966.668 219.99998 3.599963867706251 103.1619588600462 1.6457020330883438 1.120945091359455 0.5382755075714095 0.9101849826662882 0.04941837254217802 0.002106695361726515 0.0020875446424629 0.001059745293997546 0.0023488127953156415 0.0004267055626441659 0.0006144346141474918 0.0005089374512228466 723434760.0639979 nan
23865.154 5692.1724 1092.9388 140.24254 25385.717 224.18367 4.269235650739268 99.66769266303922 1.6710834856705479 0.8567989628683885 0.5101700110112293 0.8306628680999335 0.014552913854270683 0.0031546701881268366 0.0035630165015378508 0.0013028388783031912 0.001775866477010675 0.0009291163189165748 0.0004359238804840888 0.0004106675579130603 723435067.6479975 nan
23097.465 5572.4297 1069.5742 137.07166 25257.145 204.5408 3.0010158780855614 103.2365345342569 1.6787146482623994 0.8908779903010947 0.5859522632138072 0.8477744405771134 0.03333335275767414 0.0036230031161204024 0.0018944908229598725 0.0009388447670340879 0.0017847589088022145 0.0005218188552435732 0.0005674742604469331 0.00032894264453824405 723435375.231997 nan
23575.879 5660.0464 1079.9585 139.46373 25619.049 218.26529 2.930279084927718 101.94633436599945 2.0214444313216067 1.1827366567487654 0.5932819916489546 0.842847663635736 0.024525735405520232 0.0006030038955709622 0.002049528561260106 0.0004971199426890193 0.0023447517297019776 0.0007347090145393822 0.0004962432176814569 0.00037011858416380897 723435683.6800023 4.9093
23564.754 5625.0 1083.4199 139.12996 24861.906 218.41837 2.1162227542565 104.64163293963587 1.4543282850276875 1.2410459866801489 0.7442423809374742 0.8600821586708226 0.03715368574324111 0.0020679293544481163 0.001034691319636086 0.0009658537477614311 0.001969819580699593 0.0009546191102526977 0.0003946425432847411 0.0003820875198626769 723435991.264002 5.1556
23598.13 5721.378 1092.9388 138.54585 24866.668 213.77551 2.4651603693411457 106.99701331353539 1.5409592937571268 1.2383473463876422 0.821343406216937 0.8715235923014961 0.05219680009084479 0.0015799675755624758 0.0009897359256858327 0.0011855009880309805 0.0019297357505471578 0.0012318131539047392 0.0005067155407108973 0.0003017073622341856 723436299.712 5.057200000000001
23497.998 5683.411 1079.9585 138.60147 25800.002 217.04082 3.3989732276793116 111.00327604093916 1.2081050606155703 0.9359307393389926 0.7920979382656649 0.9154309303718596 0.04485144811621877 0.0017138074737477887 0.0020702346169244935 0.0012005647416916492 0.0016634467499226924 0.0011125156315670733 0.0004206511101897785 0.00041762286876609436 723436607.2959996 5.0052
23242.1 5648.3643 1058.3247 134.01202 25047.62 213.21428 1.4642388323517324 109.42877734171606 2.0965556045317455 0.7425203371965564 0.7988319824666968 0.8765934516891694 0.024318512602925165 0.0025515422624048743 0.0006482334896139041 0.0012120541054752008 0.0021430141146965035 0.000931756842783178 0.0005391102326873837 0.0003281145273377008 723436915.7439977 4.8499
23230.975 5589.9526 1066.1128 134.3458 25452.383 212.34694 3.0766705821541898 109.12513515999755 1.5602445776088272 1.1286721479277435 0.837476862628038 0.993531663377775 0.031527460234727994 0.0022017372106446723 0.002041913337563463 0.0007113012526678974 0.0014595923040636653 0.0008383359451913135 0.000471463064809695 0.0003355141684422755 723437223.3279973 4.9909
23820.65 5680.49 1053.1326 134.79083 26104.764 208.67348 4.103611617896145 109.44676496628301 1.7152733889551692 1.2670735228018406 0.8282296204941516 0.9314732346900806 0.05207794331913473 0.002413559776892669 0.002555143364541581 0.0006370988236512169 0.0014816278694452132 0.0005221165146521545 0.0004816820584037788 0.0003734052720744633 723437531.7760025 4.9483999999999995
23809.523 5616.2383 1045.3445 130.00668 26404.764 210.10204 3.477838260174546 108.55711624371112 1.6128702768824135 1.1918258375494641 0.7798706653692123 0.8463739220739337 0.04407168179178515 0.0017031799694873205 0.0021359412346535506 0.00046657322263773504 0.0018713321606265167 0.0007864575065564434 0.0004919237049751422 0.00037524372090292187 723437839.3600022 5.0601
23898.531 5627.9204 1049.6713 131.59213 26576.191 203.16327 4.262287467541309 111.85206504099128 1.8103844026824554 1.3583140401205194 0.8435245094597146 0.9401459723251047 0.05382344233405079 0.0019686443727912656 0.002610169057116703 0.0008609183127237618 0.0018197113923134737 0.0003377208842078811 0.000634592922647605 0.0003066163697247398 723438147.8080002 4.9507
23943.035 5724.299 1061.7861 132.59346 25247.621 199.38776 3.6438926233734157 111.99455039201982 2.2682453046158986 1.419970500371694 0.8760570240504204 0.9637608294570201 0.051666059933611536 0.002185373292388708 0.0020423680381954075 0.0008802737258080551 0.0016743551242689137 0.0005033682177157452 0.0007140078166916513 0.0002696563018412518 723438455.3919998 4.9402
23319.982 5537.3833 1038.4216 132.6491 24690.477 209.03061 4.01037286896109 114.7347859744699 2.382611834963543 1.5057634795892825 0.9868171567398745 0.8937047699115004 0.05809938467650536 0.0031881664985852253 0.002344029837059375 0.0007113033043242632 0.0016432783651253355 0.0006593691896656533 0.0004517109038897561 0.00036693622251780583 723438763.8399979 4.9759
23108.59 5473.1304 1034.9602 133.87296 23852.383 203.67348 3.0911247632787155 120.33467680641856 2.3303414384102634 1.577443564952171 1.023880155017538 0.9179691158613628 0.0638383772892004 0.0021067061134093256 0.00133646625453874 0.0007921059428532012 0.0018443864598166127 0.0005882061130038593 0.0004745178693868895 0.0003882568967714224 723439071.4239975 4.8169
22863.818 5499.4155 1035.8256 134.87428 24619.049 198.87755 3.7200572878145435 123.01245314680516 2.3996634533580443 1.0074550017878487 1.0613245306818002 0.936011905739863 0.06128739712877847 0.002106685088801843 0.00197565557129154 0.0009484032243562999 0.002243705912014935 0.0007667716700502932 0.0005118327865913662 0.00038326977087036216 723439391.103998 4.9848
22663.55 5438.084 1027.172 132.42657 24500.002 209.89795 3.5755094754748464 122.97238985849599 2.189546362380377 0.9617944470193511 1.083627195961135 0.9817580357624242 0.06090645457015744 0.0032510368477853355 0.0018265120612456643 0.0007423347510395803 0.0019399160951384324 0.0008732187690723838 0.000567334417642867 0.00040219538743680946 723439699.5520033 5.0132
23453.494 5604.5557 1046.2098 133.23322 24723.81 191.58163 3.126965398056412 122.00393893868474 2.3939298770997177 1.170386494654157 1.1008956342115466 0.9943239437986106 0.04794599758812876 0.003044741018607683 0.0016634018727910837 0.0005287164734660112 0.0015463939464794142 0.0007889400577535384 0.0006370865072007629 0.00028051209831888495 723440007.1360029 4.9645
22997.33 5461.448 1032.3641 132.25967 24176.191 205.91835 3.6342731269816855 123.44685615397597 2.737970600825363 1.1251186032984588 1.064389015278847 1.0718771423413977 0.05683902399644662 0.0013103365252343537 0.0019927857362888705 0.000824162269615063 0.0015687666118664105 0.0006716948931651235 0.0005128762773063676 0.00033910609253356245 723440315.584001 4.8978
22830.441 5502.336 1047.0752 136.04251 24247.62 197.39795 4.245873823285121 127.06125248916965 2.972238759925501 1.2315560778117156 1.1146252730225539 1.0356377981559508 0.0936453524319932 0.0010393298890815955 0.0017769156030769816 0.0008235547049542068 0.0016185647059439115 0.000884120312668465 0.0004530437133824693 0.0003181330285203933 723440623.1680006 5.001600000000001
23464.62 5528.621 1043.6138 134.23453 25709.525 196.73468 4.064119340464897 129.64160034196505 3.5056550137933677 1.2978348766343393 1.011583835510796 0.9873690657094987 0.08749591584793746 0.0013775815093088639 0.0016964471305215769 0.0008481424906133818 0.0015910543314325782 0.0009237763940858704 0.0005739833083056304 0.00029498098205728654 723440930.7520001 4.8543
24154.43 5671.7285 1068.7089 134.09546 24566.668 206.32654 3.0144144261995693 129.63981356228592 4.033306976132736 1.070749009918546 0.8217613302663377 0.8655346805137737 0.056594062946400035 0.0018082127070635499 0.0014141673324827395 0.0009325899550328606 0.0018844787703824382 0.0007695595291135587 0.0005030053565834982 0.00034794400510353737 723441239.1999983 4.945
23598.13 5636.682 1075.6317 137.93391 25757.145 204.89795 2.7968211131384884 127.28600921246897 4.644191156826606 1.0498533041808402 0.8543383067508168 0.8343069929499175 0.0601160108526283 0.0006446553661391451 0.0011745140193623574 0.0010403973834207103 0.0016199858444942198 0.0011537257083067906 0.0003817135461984671 0.0003008793642183995 723441546.7839978 4.9907
23575.879 5563.668 1048.8058 134.81865 27114.287 196.83673 3.7647619503639103 125.88082707853849 4.625630254967453 1.1716520427007804 0.8022851575387053 0.8655466115662399 0.07778079516532026 0.000653231757019307 0.001650973062002185 0.0011855053699037798 0.0015621239450526252 0.000871564114261658 0.0005133156156064953 0.0003527552377113257 723441855.2320031 4.9257
23943.035 5625.0 1058.3247 133.42792 26414.287 210.10204 3.9973067457445373 129.19209215084928 4.873620406871227 1.3721671120782897 0.7977416411459092 0.8389523560532003 0.07832929108346114 0.001053333194540828 0.0018903104515993353 0.0009559532088144091 0.0014836460608721167 0.0005176439773822381 0.0004295095847801418 0.0003247604977436208 723442162.8160027 4.9973
23620.383 5540.303 1049.6713 131.09146 26319.049 191.17346 3.9756661659628003 133.21021750718583 5.037904555168421 1.3658972759695978 0.9123758140347601 0.9115898365466357 0.07017918566739167 0.0017628776727877053 0.0020317962609203333 0.0006701411835592602 0.0022413489486782477 0.0003781699283119205 0.0004811043403363682 0.00023896508641144674 723442471.2640008 4.987900000000001
23331.107 5508.1772 1032.3641 131.20271 26338.098 201.07143 3.9959545288085816 134.17502579202875 6.2340331376071925 1.162464525242296 0.9852111166537748 0.9579829170445548 0.06872552122302192 0.0017386661192390594 0.0021003493524039984 0.000758457544634992 0.0019020983196638916 0.0002382308078915891 0.00043516906887785823 0.0003115690614383807 723442778.8480004 4.9561
23497.998 5613.3174 1036.6909 129.42256 25595.238 206.7857 4.794967838990294 132.47672433622856 6.263367366620772 1.0914658857877886 1.029888729189613 0.9169927740922711 0.09556754734762662 0.0019629743644934924 0.002253071212615464 0.0006574733024686931 0.0014326472042440436 0.0005081346353386278 0.0004577725528958032 0.0003784403175771429 723443087.2959985 4.862900000000001
23609.256 5540.303 1033.2295 129.72853 25138.098 195.0 3.929355872293734 129.36602201426078 5.848067677845699 1.0914483527470369 0.9600766804722259 0.869894639975855 0.1053723360086064 0.0017105003444189927 0.0012043104377256397 0.0006819364215260736 0.0019716537110715682 0.0008548340159070379 0.000485172690696347 0.00020450028641947853 723443394.879998 4.804200000000001
23397.865 5514.0186 1033.2295 130.0345 25066.668 204.43877 4.8593490089204785 132.19530146884992 5.9507880637890604 1.2526179599009548 0.8993410313280378 0.8091522079407906 0.07920536872047365 0.0007579406911000502 0.0026433894914274546 0.0008038294208476211 0.0018593276102849708 0.0012549701614320416 0.0005504597127538773 0.00020757138332177464 723443703.3280033 4.8833
23575.879 5540.303 1028.0375 131.75902 25547.621 201.0204 3.7371203856617266 126.6324964017426 6.429298694813645 0.9414123912881334 0.8635830378731002 0.9515040043563001 0.0776348497203766 0.002224214263839309 0.00162742037692436 0.000734327188672403 0.0012966822239708373 0.0005951025596157058 0.0005149021863756517 0.0004569115052869331 723444010.9120029 4.9157
23909.656 5543.224 1026.3066 132.45439 26438.096 205.40816 4.583280277541298 125.16739023804969 6.153939621348813 1.0516094052462774 0.8392399303728482 0.8669271692306855 0.0909736329033043 0.002633448354027025 0.0021329528926032786 0.0005142613786362932 0.0018367009482151149 0.00032807926208223005 0.0005158067262786115 0.0003763408648361929 723444318.4960024 4.8158
23153.094 5496.495 1026.3066 129.56165 26323.81 203.01021 4.688591716105707 124.77213964245942 6.760305648238325 0.905764045131846 0.8453590051215774 0.9056338446134578 0.11494694626106108 0.0026334255076652336 0.0017436065140574867 0.0005808414457383646 0.002855779350042429 0.0005899646744557739 0.000398240429611731 0.0003301739286558483 723444639.0400015 4.9778
23464.62 5537.3833 1026.3066 132.39876 26738.098 202.60204 5.098046459599267 121.81491738814553 6.204477259720139 0.9395800769220041 0.8966351089749316 0.8964051985588339 0.1084927607159329 0.003607616519950726 0.0022630468851815118 0.0011409299615817397 0.0014062966890633951 0.0008126608796161991 0.000431206703628068 0.000252253331183898 723444946.624001 4.939900000000001
23698.264 5484.813 1036.6909 130.50734 26166.668 196.37755 4.414236624808429 125.96202279966045 8.107904318865598 1.056532437829144 0.766307776121703 0.7716491854601817 0.08267135799687197 0.0016792240639169728 0.0021103413090874405 0.0009595515039473712 0.001655813185610496 0.0008282310438698935 0.0006422427451611696 0.0003437987263519961 723445255.0719992 4.880400000000001
23453.494 5476.0513 1029.7681 132.51001 26066.668 202.60204 4.491775478295605 123.1656793514106 7.461013980692978 0.7157138972712465 0.897663131784094 0.9844290301876137 0.10719963944670285 0.002095279396921459 0.0016895510883244806 0.0008324349660037743 0.0016743559703535963 0.0007269607743514304 0.0005051789191584811 0.0004288645204966441 723445562.6559987 4.9232000000000005
23331.107 5478.9717 1033.2295 130.64642 26909.523 194.79591 2.817246364833099 126.34684585654287 8.509044647913928 1.2971733723393422 0.7167793573306028 0.6961206244120424 0.06479176692383132 0.0015700201816822197 0.0010515764821141917 0.001066190684437619 0.0011856787152214566 0.000517643842158598 0.0004853881768345373 0.0003889790006098193 723445871.1039969 4.8552
23197.598 5467.2896 1025.4414 133.28883 26361.906 203.7755 3.4967001879428996 129.42558805305086 8.598687005316561 1.1468300306248382 0.7946389814674206 0.8798015194378467 0.08382726029260965 3.337266988453417e-05 0.0012602792895630133 0.0009371361092044922 0.0017541217890786965 0.0005307611636441759 0.0005191627817571081 0.0002851498606414678 723446178.6879964 4.9047
23464.62 5461.448 1027.172 133.17758 25461.906 201.93877 3.5765970474604685 129.1760148279124 8.962139203754527 1.0375958193843515 0.8706648761133806 0.7794973653719728 0.0858729877682915 0.001233431951861894 0.0012842196279805556 0.0005927577508918914 0.0012155524739874079 0.0009022762036580318 0.0005363161798538092 0.00023141892826698384 723446486.2720032 4.984
23442.367 5569.509 1028.9027 129.50601 26052.38 185.40816 4.688357901732331 129.4853512674095 7.801899997593706 1.1386313915427937 0.9079017019961364 0.9117690721191497 0.11689911389583738 0.004034235295850277 0.0016446031592938204 0.0006129375401279034 0.0017644615591069354 0.0004317407227565594 0.0005478208645912099 0.00033335276369022014 723446794.7200013 5.0378
23386.738 5435.1636 1022.8453 129.17223 26385.715 183.72449 3.8126494516545346 134.0300905347162 9.158069937584399 1.2819163001877512 0.8657596771938594 0.8944622875432383 0.09124094106679428 0.0019904842392960333 0.0013994375507676929 0.0008298469801047963 0.0017613430005308285 0.000689752345425095 0.0005074447451551812 0.0003805781742372849 723447102.3040009 4.7851
