json/2021_148.ecsv
# %ECSV 1.0
# ---
# datatype:
# - {name: p1, datatype: float32}
# - {name: p3, datatype: float32}
# - {name: p5, datatype: float32}
# - {name: p7, datatype: float32}
# - {name: de1, datatype: float32}
# - {name: de4, datatype: float32}
# - {name: hrc_shield, datatype: float64}
# - {name: gp1, datatype: float64}
# - {name: gp2a, datatype: float64}
# - {name: gp2b, datatype: float64}
# - {name: gp3, datatype: float64}
# - {name: gp4, datatype: float64}
# - {name: gp5, datatype: float64}
# - {name: gp6, datatype: float64}
# - {name: gp7, datatype: float64}
# - {name: gp8a, datatype: float64}
# - {name: gp8b, datatype: float64}
# - {name: gp8c, datatype: float64}
# - {name: gp9, datatype: float64}
# - {name: gp10, datatype: float64}
# - {name: times, datatype: float64}
# - {name: fi_rate, datatype: float64}
# meta: !!omap
# - __serialized_columns__:
#     times:
#       __class__: cxotime.cxotime.CxoTime
#       format: secs
#       in_subfmt: '*'
#       out_subfmt: '*'
#       precision: 3
#       scale: utc
#       value: !astropy.table.SerializedColumn {name: times}
# schema: astropy-2.0
p1 p3 p5 p7 de1 de4 hrc_shield gp1 gp2a gp2b gp3 gp4 gp5 gp6 gp7 gp8a gp8b gp8c gp9 gp10 times fi_rate
[from data line 1234]
4253.449 473.7149 47.377987 2.3923564 747.6191 31.520407 17.32853884247058 3.4792757368680034 0.15209742867859943 0.23518293010120322 0.0760501733072823 0.02947472788685136 0.016826651576431102 3.199213687538863e-06 0.0018860504095340735 0.0009483868652933033 0.001281572324071202 0.0010340187197632328 0.0003514280395691411 0.00018518434601930004 738924067.359997 nan
4042.0564 471.0864 45.508827 2.4299066 751.4286 34.90816 18.11864737284129 4.233396285062445 0.15451242236870263 0.08953837648639125 0.03282607738287603 0.029352314835065237 0.014386378212354509 0.0005262090273028461 0.002924530047404525 0.0009521492928049167 0.00196252944602311 0.0003127720223664231 0.00031875039125636647 0.0002249257153996254 738924372.3519969 nan
4007.5657 462.03268 45.361717 2.3873498 895.71436 32.214283 17.34419395945569 3.8752428685129914 0.38484802055253453 0.1754428524694364 0.05530734109392557 0.017688083940299526 0.014964546544370462 0.0005578502621631298 0.001691391730672256 0.0012755066437152346 0.001307026431776644 0.0005269842773897887 0.000405541591074493 0.00016528802199695326 738924678.2080009 nan
4146.64 478.97192 45.422295 2.396807 743.3334 34.90816 17.83938622410452 3.9108260845024425 0.5146420758311356 0.11814997457899372 0.08590889816179748 0.018789155617172662 0.03245101889185519 0.0015048559917563288 0.002078834561859024 0.0004054930340133879 0.0021437767881028738 0.0008330533689231206 0.0005244123008158991 0.00020506812530129664 738924983.2000009 nan
4174.455 484.521 47.308758 2.5511794 686.1905 34.2551 17.24273171684498 4.661293443667944 0.19067336201482446 0.12376529880985117 0.06381751077539163 0.039778078220093875 0.00959210287081227 6.668160591416515e-05 0.0017319517245507358 0.0013625020120684702 0.0016306517284026306 0.0009120698247783025 0.0003064372243027299 0.00020896646598423743 738925288.1920007 nan
4091.0103 480.14017 43.830048 2.4872053 788.0953 31.520407 17.938022560507772 4.9997773197365305 0.7240906323602214 0.20203992186467845 0.045202475936980374 0.019104251738440003 0.009976393532791599 0.0009682303491364408 0.0024677754830460925 0.0005216136847173655 0.001063692336703625 0.0006128804713886121 0.00038344872446591 0.0002633076507140547 738925593.1840007 nan
4148.865 478.97192 45.44825 2.2780375 750.95245 31.688776 17.354742446860026 4.553198231708122 0.3194023983484076 0.1594595419421984 0.06195362457252166 0.035966306878076976 0.014866434527824584 0.00010473558282495204 0.001888605237363567 0.0010551357322392744 0.002018810479058168 0.0005485464511414649 0.0003547376032117413 0.0002296566230448559 738925899.0399976 nan
4020.9167 474.5911 45.863625 2.202103 715.2381 33.42857 17.611508191896476 4.179725667084984 0.42989907583373677 0.24183128448590496 0.03512331669670672 0.038535762306733404 0.017792303877021756 0.0010524089354656836 0.0019129931264078434 0.0009759334967785661 0.0023478475474329225 0.0007680905551127887 0.0002303317609862721 0.00026420662414546427 738926204.0319974 nan
3970.8499 484.81308 45.733818 2.2123945 802.8572 37.27551 17.688698410107204 4.467852413201267 0.2484059860834699 0.06300503901552941 0.04856004053406342 0.01768925518261797 0.008468801295541025 0.0009126587101373471 0.0020984711536587205 0.0011382598195040848 0.001490427718877358 0.00035182625493023633 0.00023408477060785082 0.00024335869358729415 738926509.0239974 nan
4207.8325 478.38782 45.889584 2.3080776 925.2381 30.80102 17.503502283167016 3.983094951319726 0.3340189865173633 0.0841239515956043 0.014177122778243042 0.020385155623597467 0.017518035311221664 8.015135535988476e-05 0.00213041239960594 0.0007937274258932193 0.001785871468353435 0.0006369347208194152 0.0004542541912692098 0.00022869837073904886 738926814.8800014 nan
4157.7656 469.04202 45.327103 2.0455053 694.7619 33.515305 17.79746107341598 4.799959211557518 0.06321562708159714 0.06906484306199089 0.028930163858719788 0.03737393551633726 0.018748017681039817 0.0004372963493288509 0.0024501361632149887 0.0005927410686126664 0.0026718101168117362 0.0007421882813732864 0.0004316883275156488 0.0002356873417517167 738927119.8720014 nan
4054.2944 478.97192 46.071304 2.2307522 670.4762 29.862246 18.02448955188103 4.971176191009357 0.028239722908980774 0.1346261051360919 0.02095298397719631 0.042799917655043096 0.007467525452369132 nan 0.0029919169818888917 0.0006367463580262762 0.0014631695493736168 0.0008858654355508005 0.000269578509881395 0.0001807554408563949 738927424.8640013 nan
4125.501 464.3691 46.87608 2.4304628 930.47626 30.47449 17.515348027520744 5.399757419771403 0.16776053106339556 0.18862847374595715 0.054064524093065724 0.022380995812685028 0.019679422357563113 0.00021586806456497996 0.0020931052637418613 0.0008055239024569156 0.0021036540726976174 0.001096334408718843 0.0003444637527102376 0.00018087977117883498 738927730.7199981 nan
4080.997 477.2196 43.674282 2.2874944 785.7143 31.688776 17.227186902268897 5.5834811666780055 0.1944981256176469 0.1378342054309082 0.015689468566682113 0.017693659538638218 0.01999196611677352 0.0010524013129542484 0.0013056253015483017 0.0005798484631530438 0.0014118324615525076 0.0009087909852722197 0.00032899729705479795 0.00024153508159413127 738928035.7119981 nan
4091.0103 477.51166 45.863625 2.3161438 740.9524 35.52041 17.517345584736 5.381264738514061 0.14864253464307925 0.17160081117209963 0.02483332542584633 0.019099651708325005 0.012676560446880203 0.000926964451668992 0.0018191310844365683 0.0002033351979058452 0.001275805140582035 0.0008035395040461995 0.000376033609972306 0.00021579765621708698 738928340.703998 nan
4018.6914 471.9626 47.490482 2.3495216 901.90485 33.52041 18.12437494865581 5.970429213983231 0.3416296643651441 0.07416854418010486 nan 0.02359261738135153 0.009643742661390824 0.0009288336678496443 0.002777330529313303 0.0006858397037004097 0.0013748957062799467 0.0007246947628664324 0.000414317789391791 0.00017933125885516993 738928645.695998 nan
4128.8384 474.00696 42.826237 2.2404873 857.1429 32.566326 17.872198771590263 6.259194162444996 0.22827400838497333 0.1019699092280335 0.008953475180250903 0.023593865219733758 0.016792926841878095 0.0015269560281107942 0.0021354999393303695 0.001173847813399391 0.0010042580055560984 0.0006394189902258485 0.00045630062399941977 0.00022598858453613997 738928951.552002 nan
4143.3022 458.82007 43.39737 2.2980642 788.5715 34.15816 17.27243373873767 6.596009834890154 0.2061216517436057 0.041890084027530666 0.026279532956308582 0.025311573534212633 0.014696878794764185 0.00045969894165729584 0.0016176818766449174 0.0006572365955292349 0.0016045226703232237 0.0004744020487285639 0.00039535959216867116 0.0003418577119339163 738929256.5440018 nan
3920.7834 465.8294 42.70509 2.4109926 710.00006 35.52041 17.541002144361435 6.876326084590077 0.17561101501486434 0.04548441947867474 0.01421685477585271 0.027678048558114565 0.011072919668270583 0.0014166454723772912 0.0016627323888692908 0.00045606170921612887 0.0015833715245259614 0.0006530345645822256 0.0002226380059387584 0.00021926187284475592 738929561.5360018 nan
4149.9775 471.0864 45.162685 2.2404873 880.95245 29.954082 17.641426391259163 6.805713677360094 0.22829083664338512 0.1477593553298261 0.02174199565604543 0.029389396836929337 0.016750465842585886 0.001224684735065491 0.0018924106899368403 0.0010648136207770651 0.001507827820593589 0.0006908043980716293 0.00029446141210270107 0.00022520746750329817 738929867.3919986 nan
4102.136 466.70557 44.158882 2.183467 682.8572 29.775509 17.234382966172344 6.209059621955352 0.20212548508682077 0.11727271078422893 0.02174287194792844 0.037234960401228534 0.019116484443308393 0.0013976287345002117 0.001180201797179487 0.001181697012687292 0.0018067006944491165 0.00054993950233422 0.0004067357883142862 0.00023837087992575895 738930172.3839985 nan
4052.0693 445.9696 44.271378 2.1456387 687.6191 35.0 16.892486205119088 6.938975873220581 0.12476963037724292 0.048453417823746556 0.025664371793089794 0.035881450037761754 0.016991881637606017 0.000862656158722613 0.0008565889974642275 0.0009911444445064028 0.0019778704274684995 0.0004887865305935065 0.00036065288392125134 0.00018456118086759032 738930477.3759985 nan
4116.6 466.41354 46.40879 2.3478527 942.8572 30.071428 17.317680227182848 8.397243037253764 0.13397477657940945 0.040793515478738676 0.036749596933691876 0.04271379808566245 0.01977056512365534 0.0005262157095057806 0.0016579969523654132 0.0010669416543170277 0.0017549180061059504 0.0005818116957001893 0.0003751085977631929 0.0001767665976453711 738930783.2320025 nan
4076.5464 471.9626 42.70509 1.936471 687.6191 33.168365 17.887873613741995 8.504467935567101 0.2585207238528154 0.07084151556903723 0.04349080153623876 0.037742860262119565 0.017748771220144736 0.0009438277367818217 0.002391655954030269 0.0010199047051435179 0.0013960383980875669 0.0005176394337468049 0.00036222273068365734 0.00015591773164006908 738931088.2240025 nan
3977.5256 458.528 41.4936 1.9317424 731.9048 35.52041 18.349484046368833 8.094990911552152 0.30443810300920315 0.06423072363213041 0.025509683609562045 0.031544580839743944 0.018204692284922254 0.0009259817174096784 0.0031255557702963544 0.0008993743825046516 0.0016269984050760206 0.0005604403341057925 0.00029067715980737966 0.000202896295632619 738931393.2160023 nan
3847.3523 450.35043 44.072342 1.9559413 824.2857 31.17347 17.802112982976674 8.290711741710567 0.2389776356046583 0.029559473824915 0.004677158044701303 0.03038880358909421 0.016797668645159716 nan 0.002633388862039755 0.000676883009986632 0.0019157528402929719 0.0006656892911613531 0.00035349055747542436 0.0002606371907571354 738931698.2080023 nan
3953.0483 462.32474 42.16857 1.874722 863.8096 29.862246 17.6179125632366 8.646526230971308 0.18644844672762126 0.02956099582660226 0.03531917718862318 0.03924560062881892 0.010324415879845908 0.0002365919826674296 0.00225465513641936 0.0005807955149709549 0.0022706250881422384 0.000678146822081935 0.0002526344030028826 0.00021635547954072326 738932004.0639992 nan
4013.1287 472.25464 43.821392 2.0124056 798.5715 29.076529 18.045597308144806 8.187568761340597 0.15737923201273007 0.057129480525617386 0.0500353914592774 0.026753271851880388 0.010232333037556399 0.0005262257880349488 0.0028131004104174854 0.0006560228065095426 0.0016284121584902189 0.0006694374065683962 0.0003278200791126956 0.00020506815109911226 738932309.055999 nan
3881.8425 442.757 44.210804 2.1498108 782.381 34.387756 17.38899219960503 8.524885801289722 0.11287735885945013 0.060136674266834424 0.03262447572429847 0.023604017407052622 0.01688142261714468 0.0007803298689477353 0.0016716468084594204 0.0006499883860028487 0.0011478124108353503 0.0006747057924585409 0.0004349771234683456 0.00015555666083160637 738932614.047999 nan
3943.0352 459.98828 43.39737 1.9181131 847.6191 31.52551 17.79699831454515 9.333887920949566 0.19048761075348566 0.05926696745667301 0.02716106439046243 0.01470987299979322 0.018017458740558157 0.0010524546512897428 0.002204986078634277 0.000711291676634575 0.0011347664101549432 0.0006731766786666395 0.0004433812284646376 0.0001952580075205836 738932919.904003 nan
3938.585 465.53735 42.58394 1.9957165 730.0 34.69898 17.787714825090898 9.300528997632247 0.22838413590591541 0.0886888923053613 0.021750770090741656 0.008963896061529544 0.016618443120408853 0.0007793178244338486 0.0023004035601295503 0.0009574190699766992 0.0013202427940758182 0.0005634867645396609 0.00040828871969923535 0.000361603367720583 738933224.8960029 nan
3947.4856 450.35043 43.258915 2.0313196 710.00006 32.035713 17.737145272395384 9.566902833509257 0.18761882508781041 0.08869395313095135 0.015925532784925436 0.018125855601773946 0.014572999236435583 0.0005262212912021195 0.0023233668926652437 0.0008044641023220799 0.001347187129937851 0.00035865368919611853 0.00034117166518119455 0.0003976885568279211 738933529.8880029 nan
3969.7375 462.90887 43.033924 2.344793 967.1429 37.26531 17.56858186732671 10.054239414096367 0.2367977502186847 0.10511692134310363 0.01691479754318995 0.03671371695820309 0.020800131817120333 0.0002340638413171994 0.0021687315111940954 0.00047419547186109697 0.0016852090527996184 0.0007129315710833713 0.0003271558909835884 0.00024388340454553785 738933835.7439997 nan
4019.8044 448.014 43.856007 2.2972298 794.76196 31.688776 17.408071412518506 10.27582547222714 0.21746250608923734 0.10136642130846873 0.034193652117564324 0.047215775258369216 0.021258592515280447 nan 0.002008715441832883 0.0003386127699009907 0.0017165054596222098 0.0009760764631424048 0.0003250312289005057 0.00021390807630779018 738934140.7359996 nan
3985.3137 445.3855 42.11665 1.9178349 781.9048 33.086735 17.54289250701467 10.858222571885493 0.15228485652244989 0.08870682845824152 0.04350760510307964 0.022904186268466274 0.02061672729373054 0.0009290222642194834 0.0018515691606517412 0.0006556797982047957 0.0018482157343493182 0.0009317532236309494 0.00032771272944280875 0.00024245375614758235 738934445.7279996 nan
3817.3123 447.13785 42.618557 2.2730308 820.9524 32.882652 17.594851605289197 12.08809949554647 0.15228474783711696 0.03502780653070499 0.043509419185567264 0.013045713122473539 0.01579477644178521 0.0015786941239275202 0.0016788520828776897 0.00044623779801869175 0.0019102079620373375 0.0009317502861085904 0.00048645194023635616 0.00016353016911941417 738934750.7199994 nan
3968.6248 443.04904 39.63309 2.0221407 814.28577 29.94898 17.592744498218746 11.78069993167663 0.15229990792491493 0.05541475795472987 0.023127503504029787 0.03983234534522622 0.012003965084453967 0.0015787031057334483 0.0016788649141746435 0.0002666480196333637 0.0016867507901866506 0.0009317499722965583 0.0004183446202939903 0.000212706409884431 738935056.5760036 nan
4003.1152 438.08408 42.289722 1.9601135 714.28577 32.821426 17.59731058629196 11.464014528411292 0.05463653445345762 0.12665005769817123 0.02483184833006695 0.01905801495265297 0.019703206763548496 0.0005663124673473475 0.002082594474092626 0.00020359998513854108 0.0014495221238255912 0.0007325795973418814 0.00036078254845422873 0.00020083525713017795 738935361.5680034 nan
3858.478 463.2009 42.88681 1.927292 700.4762 31.260202 17.945053803465253 12.76142939706174 0.05010385776174704 0.05058349723341882 0.03263589492414991 0.007767421438374804 0.014531875406846792 0.0003462188159462409 0.0027226374683683445 0.00043053377330784883 0.0018972491410148696 0.000893620337680597 0.0003737820096762286 0.00019103830485506842 738935666.5600034 nan
3905.2068 441.58875 43.32814 1.803794 842.8572 35.872448 17.496463044281352 12.767836847797316 0.02456453678834629 0.060110570563560194 0.017898097776417758 0.019805983275100532 0.016110722817682444 0.0005262340782428528 0.001942853230459445 0.0006730560867260355 0.0020333432262784313 0.0009651474240236625 0.0005153941478281212 0.0001633919834764564 738935972.4160002 nan
3857.3652 448.014 42.16857 1.7846018 729.5238 33.34184 17.38139455184655 13.98640244911467 0.1585930841078726 0.06820205968669885 0.018432319348795047 0.02361662242910894 0.017542609232289116 0.0005262410003524593 0.0017603188964750737 0.0003821627924868135 0.0016280038584829098 0.0007880417978111887 0.00033008489455375444 0.0002289489854078387 738936277.4080001 nan
3847.3523 446.84576 40.134995 2.0455053 628.0953 30.469385 18.22144127814246 14.781800111878876 0.12023575723760416 0.03813423679293637 0.014028279522031655 0.01942042087512733 0.02022241904062906 0.002022283253661972 0.0024853302237229087 0.0007426256066799728 0.00147734858401236 0.0005775377954152707 0.0002531594587114667 0.0002520150278669271 738936582.4000001 nan
