json/2021_148.ecsv
# %ECSV 1.0
# ---
# datatype:
# - {name: p1, datatype: float32}
# - {name: p3, datatype: float32}
# - {name: p5, datatype: float32}
# - {name: p7, datatype: float32}
# - {name: de1, datatype: float32}
# - {name: de4, datatype: float32}
# - {name: hrc_shield, datatype: float64}
# - {name: gp1, datatype: float64}
# - {name: gp2a, datatype: float64}
# - {name: gp2b, datatype: float64}
# - {name: gp3, datatype: float64}
# - {name: gp4, datatype: float64}
# - {name: gp5, datatype: float64}
# - {name: gp6, datatype: float64}
# - {name: gp7, datatype: float64}
# - {name: gp8a, datatype: float64}
# - {name: gp8b, datatype: float64}
# - {name: gp8c, datatype: float64}
# - {name: gp9, datatype: float64}
# - {name: gp10, datatype: float64}
# - {name: times, datatype: float64}
# - {name: fi_rate, datatype: float64}
# meta: !!omap
# - __serialized_columns__:
#     times:
#       __class__: cxotime.cxotime.CxoTime
#       format: secs
#       in_subfmt: '*'
#       out_subfmt: '*'
#       precision: 3
#       scale: utc
#       value: !astropy.table.SerializedColumn {name: times}
# schema: astropy-2.0
p1 p3 p5 p7 de1 de4 hrc_shield gp1 gp2a gp2b gp3 gp4 gp5 gp6 gp7 gp8a gp8b gp8c gp9 gp10 times fi_rate
[from data line 1497]
3170.8945 268.57477 24.221184 1.025534 788.5715 35.704082 17.513635106212046 1.975117453212326 0.2034394613298201 0.11694675238546756 0.018212399555111232 0.029439473236558145 0.02326085643531279 nan 0.002173251805913872 0.0007112924547982513 0.00180796346159382 0.0009577521463757313 0.0003208908696161343 0.0001772447139167263 739004372.7040006 nan
3296.6177 250.70091 25.103844 1.2483312 854.28577 32.301018 17.4083708306998 1.6644712040341363 0.2278578931047842 0.04731519425007276 0.014128006724401083 0.017110469503427143 0.014642094368621683 0.00073446598197276 0.0017224162605672618 0.0009595029404613452 0.001665096997121032 0.0005079296574986905 0.0003560317501237697 0.0001354303221907671 739004678.5599974 nan
3247.6636 262.5292 24.861544 1.0914553 682.381 29.423468 17.808436149138416 1.710227177913439 0.44493045283630406 0.0716442460615753 0.010850056663907147 0.007568220476897324 0.02326594984371974 0.0014283516377338256 0.0020686378574700497 0.00089751936914798 0.0019277219377924855 0.000710016844774056 0.00030588054757706466 0.00018165455272149217 739004983.5519974 nan
3119.7153 251.69391 23.823122 1.1787939 724.7619 32.882652 17.900347202617677 1.8249410738193297 0.4205614817170906 0.06691409614909363 0.03464876578167968 0.014497122387458775 0.02172978548310436 0.0011938013759026254 0.002308219507540426 0.0008298434356220339 0.001780225964956241 0.0009039182122843347 0.0003043762503223543 0.00017507872754322158 739005288.5439973 nan
3170.8945 253.27101 22.914503 1.1392969 845.2381 32.214283 18.062030611789282 1.6815016762537356 0.15167566324321907 0.14755585060925042 0.027108624637541066 0.022081639752088912 0.017357877656424395 0.0014473748014672974 0.002465754962713746 0.00109682988862334 0.001896138481194356 0.0006985830500490435 0.0003053091855005687 0.0002256341178675103 739005594.4000014 nan
3286.6045 249.18222 23.182762 1.1295617 643.3333 35.867348 17.51705842063525 1.6273742865023029 0.25076860730920125 0.1995882678660809 0.005048251025100613 0.02354884955216931 0.02043400821359047 0.000771003082005098 0.001873983538877173 0.0009125751260970633 0.0017430634024639454 0.0008594910018561686 0.00035248959814274805 0.0002775546825421755 739005899.3920013 nan
3170.8945 252.51167 24.16061 1.1392969 583.3334 31.17347 17.226330506960036 1.4855099378846182 0.18468363153823297 0.09083522108483391 0.008505253350953448 0.042007612850916635 0.019670914398529533 0.0005261856886136371 0.0015141900859254166 0.0007368979563699608 0.0019059790031073977 0.0003635877617614369 0.0003680572417579232 0.0003353275467385684 739006204.3840011 nan
3285.492 258.2652 24.16061 1.0157989 731.4286 32.734695 17.618832472456027 1.6207478025132385 0.4569521129040989 0.05897956124626109 0.019564960669468653 0.018713216810686027 0.007610839721532222 0.0009489793978998285 0.0019746945300595335 0.0008065487852480102 0.0014158265426467192 0.0005398021990608494 0.0002873991477588955 0.0002003169953004983 739006510.2399981 nan
3235.425 266.53036 23.632746 1.2232977 715.71436 29.974487 17.395503881346535 1.989535683136675 0.15786448799593256 0.13153561050433266 0.0216962929978039 0.035912212437682306 0.006751510243583196 0.00018925687012682027 0.00192628790745891 0.0010243009664735857 0.002007361344208252 0.00036643825185074617 0.00026767654621835196 0.00024814957773759157 739006815.231998 nan
3182.0205 254.35161 24.06542 1.0488986 662.381 35.2551 17.886378121828685 1.576976160259703 0.33010850341587644 0.02406310285675571 0.012619275492418711 0.031352994033511855 0.0171989085852934 0.0017612625105841591 0.0020641379825251443 0.0009677384547548066 0.0016722814317562465 0.0005704760171411892 0.0002816759628477428 0.0002494270003482253 739007120.2239978 nan
3025.1448 253.53386 23.148148 1.0867268 640.9524 33.168365 18.10896457652508 1.48259346239246 0.25006932790010516 0.0755062068889996 0.02936517027011525 0.01938521955937222 0.0171098453406917 0.0007575417527813468 0.0028147225360151506 0.0014542533495300325 0.0013236737526154264 0.0004444570619303393 0.0002701296825533874 0.0003335877133060421 739007425.2159978 nan
3284.3792 258.382 24.844238 1.21996 876.19055 31.17347 17.078458325202494 1.545705580101932 0.22781088844872802 0.08847204107325018 0.023074085243392092 0.04335336168315117 0.010488902967760224 6.684667346191163e-05 0.0014723109946209118 0.0009201998868854216 0.001968193833378586 0.0006852357033116684 0.00023846820458794265 0.00018750125208746095 739007731.0720018 nan
3226.5242 261.0981 25.259605 1.0491767 640.47626 31.086735 17.04509826262006 1.522750656650776 0.3629178801732148 0.03600283503628436 0.0023952177600162702 0.02614558874601956 0.011706215461570687 0.0009361786073699012 0.0010723659932667764 0.0011462267067368793 0.0017178208711129638 0.000448397335885595 0.00032351363916503307 0.00016405379622028122 739008036.0640018 nan
3060.7478 252.54088 22.559711 1.2338674 708.5715 38.301018 17.306318882338243 2.2070416434105944 0.586171508202249 0.13640259899683663 0.009831362919869996 0.028883286546088904 0.020650585862976925 0.0005755131811219834 0.0016196857190899343 0.0005408857433793993 0.0022098583001653807 0.0007893904135845603 0.00028911150964346663 0.00038706431204108774 739008341.0560017 nan
3303.2935 254.7897 25.839392 1.0063418 777.6191 33.52041 17.819019800277964 2.3451729817787537 0.256013711309259 0.22936254097008849 0.010849325874292116 0.018534596013765142 0.010465654345271422 3.906349420698701e-05 0.002650032847062018 0.0008034351136288432 0.0013534865136100125 0.0006365425422900105 0.0003308707380285067 0.0003531840875251106 739008646.9119985 nan
3229.862 264.39838 23.797163 1.2007678 654.2857 32.642857 17.23521897194108 1.8735075296422707 0.4425516091841399 0.18035987680408325 0.031298433861802706 0.017661731841501216 0.018603528370477997 0.0009917654378414603 0.0013436561419338348 0.0013884426684812557 0.0022085364508796 0.0003284742408427525 0.0003503630295260636 0.0001360343606689349 739008951.9039985 nan
3170.8945 263.72662 24.221184 0.9707388 713.8095 32.42857 16.682582274964425 2.7114460445190414 0.09150082819061028 0.035534807281184216 0.02214244253056203 0.017660906920796818 0.012266656363870945 4.310560062484336e-05 0.0008565666296889823 0.0009678138798507941 0.0015096231756830476 0.0007077311606061274 0.000287148473677265 0.0002017086640143965 739009256.8959984 nan
3062.973 243.95442 25.051922 1.1774032 734.7619 33.959183 17.960026922796857 1.8992689526376683 0.15027859840723973 0.029494318279902024 0.03231551840377474 0.011900994126917532 0.004942995124848534 0.0005149075242559058 0.002687461681965864 0.0010643986986632434 0.0011882153861492613 0.0006233812338956835 0.0003990052956186223 0.00034553875834761425 739009562.7520025 nan
3196.4841 254.99414 25.017307 1.1963173 752.381 27.862246 17.199610178447955 2.672597274396068 0.1519045164342762 0.17626698675465016 0.010954019538392475 0.011776731969454507 0.016704544172999734 0.0010498591100146022 0.0012660882852946786 0.0009489538748211165 0.001181881765114677 0.0007241959885349926 0.0002683192239224467 0.00010371614389561212 739009867.7440023 nan
3167.5566 245.26868 22.26549 1.1106476 640.47626 33.780613 17.456465727133356 1.958972709972602 0.45571688090447104 0.08848546705909002 0.010849581894872496 0.018080796729403156 0.009521680819973984 0.001566117281988415 0.0014713782664380621 0.0005969529483051061 0.0017716543859649847 0.00021563470236360809 0.00028500211258972917 0.00012474077886780535 739010172.7360022 nan
3030.7075 254.84811 22.11838 1.1201047 607.6191 29.94898 17.33400742817287 2.441878592198192 0.4470592176352124 0.08596775427558441 0.011776750251611963 0.05181615806364257 0.005062035643684347 0.0005411856248202509 0.0016906972433807857 0.0009213837490449485 0.00167432237511103 0.0009287994110260627 0.00033459796149144084 0.0002619164128209844 739010477.7280022 nan
3226.5242 250.99298 22.654898 1.233311 832.8572 32.433674 17.74642461865214 1.877594894352924 0.1664917877056044 0.002831730100883474 0.04444515276031888 0.011775925922847418 0.01425295956921988 0.0010271257978139645 0.0021387185579377146 6.828381893084661e-05 0.0016601523557788803 0.0007984098963110502 0.00033539925533665243 0.00010844066269709341 739010783.583999 nan
3288.8296 249.18222 22.654898 0.95877844 661.42865 34.214287 18.065783613622816 2.5599019224718784 0.4262698022005008 0.05899449257179523 0.060896660207359773 0.01329849422791041 0.012592652773883906 0.0005602045804548966 0.002829287293383508 0.0013612760593733303 0.0013788552122423383 0.00026059141472937683 0.00035457086238894434 0.0002229244330868619 739011088.575999 nan
3058.5225 251.43108 23.537558 0.90704274 720.95245 31.102041 17.231067406079752 2.971825570638439 0.006174438402984188 0.058996371042436734 0.0052920990035565385 0.032935920024969846 0.021747577232025157 0.001137934287257643 0.0012761192733992922 0.00048383012442119533 0.0014028724078682185 0.0009763792307959142 0.00039607664362568924 0.00019622857482403885 739011393.5679989 nan
3169.782 250.99298 23.71928 0.9493214 890.47626 28.72959 17.580230542938818 3.0383929460492864 0.08668317499852016 0.05899886158873066 0.06204650819615196 0.005057614629971104 0.02361017307017135 0.001956281655091686 0.0014985200606503037 0.0006596592171821436 0.001590935571043837 0.0003982400034336457 0.00035820607529384133 0.00031653332341815865 739011711.5200033 nan
3208.723 255.54906 22.680859 0.93958616 643.3333 39.173466 17.422062920501755 3.0041376312258414 0.1279493254399074 0.05899605508430092 0.039980867388807524 0.005573828500343668 0.020042932955374942 0.0009693938692089647 0.0016456438136117726 0.0009547252858838351 0.0011766141774764791 0.0008174224649068577 0.0004913384398086788 0.00023314104116031975 739012016.5120032 nan
3144.1924 250.5549 21.910696 0.93958616 695.7143 39.173466 17.40261437110732 2.8403105959527144 0.013247027743499857 0.07443242431469008 0.0198096957518494 0.03327711943270712 0.012392316011087466 0.0005261989220345237 0.0017982961262682216 0.0004176722535779153 0.0015884412275330706 0.00036955288438854936 0.00041746862069926363 0.00016763164152224736 739012321.5040032 nan
3008.4558 248.21843 23.684666 0.95877844 791.4286 33.086735 18.212845096365996 2.9089346728477348 0.12015460351875243 0.14750040817074478 0.01085216298117302 0.022412124365819706 0.014834186547369996 0.0008323364125449028 0.0029505754365594244 0.0006883028254928052 0.0013919695203696513 0.0010183471818910868 0.00033459662766290423 0.00019251524158776797 739012627.36 nan
3200.9346 242.28969 24.125996 0.9493214 701.9048 30.642857 17.657810979981214 2.9510890170371256 0.2558825076988368 0.12265723211234128 0.013138031110880386 0.016426317876087556 0.01575694731887264 0.0018832342751975578 0.0016567462348903244 0.0005428215688684822 0.0019956673435080593 0.0006266327995047259 0.00033107500965194294 0.00022125759696359557 739012932.3519999 nan
3143.0796 242.08525 23.251991 1.2060525 639.04767 35.362244 18.106309933548722 3.494720931616913 0.1166142390390444 0.029502958670491033 0.0158986383524996 0.016504443753398233 0.010693857953638758 0.0007708701707982463 0.0028108767618471153 0.000514217317704727 0.0009848975309068894 0.0009521905701845202 0.00030891562288182803 0.00019409730764507224 739013249.4400002 nan
3008.4558 243.98364 23.831776 1.0155207 711.9048 32.035713 17.325085270238223 3.7681772126773025 0.227923117144786 0.046442961127553764 nan 0.03282798624372145 0.009248450398949597 0.0001510432116904818 0.0018283810672626508 0.000914363616338782 0.0012958727318991483 0.0007841276823907995 0.00034683536568565714 0.0001758270186476728 739013555.295997 nan
3198.7095 259.17053 24.16061 1.158211 801.4286 33.607143 17.409893513882142 3.986211426050439 0.22793429780291058 0.09747947189248012 nan 0.037651425872998266 0.016554834189140985 0.000845808810225282 0.0016787755915720585 0.0008658439309085254 0.002008471950695421 0.0010260663844529928 0.0004663322630140286 0.00019884023972833797 739013860.287997 nan
3040.721 244.2757 23.122187 1.04417 689.04767 28.20408 17.51194709575846 4.159600251578872 0.2766099031085865 0.09912056276935957 0.010430629596722512 0.027562022256321858 0.020024092173682173 0.0010729636159761723 0.0017459985401203915 0.0008344664097941339 0.0017766634434555272 0.001076521766465998 0.00042229849884358746 0.00018456097329361197 739014165.2799969 nan
3117.49 250.96379 22.031845 0.97769254 631.9048 33.42857 17.283162064944893 5.241896124225742 0.30244225294712135 0.04898651877951747 0.025185780469163154 0.02556203102921522 0.015140473884667778 nan 0.001817325010678966 0.0006733167635209311 0.0016762534898375732 0.0007950597536549421 0.000416613019954372 0.00019153107754693813 739014471.136001 nan
3169.782 251.02219 24.991346 0.97797066 777.1429 31.17347 17.298425970635726 5.805628867734629 0.15197675731036517 0.041220215091030694 0.010855251461912341 0.027115396687339182 0.011027769374297242 0.0008352093421326594 0.0015122629769621669 0.0007357576522711135 0.0018713134999416045 0.0008495868163884799 0.00031069459367863374 0.0002376167548817725 739014788.2240012 nan
3180.908 252.30724 22.481829 1.1014687 666.6667 31.693878 17.348073174338953 5.634866914345682 0.12056269959131219 0.07122529665142546 0.015344468555258301 0.021126969642134542 0.00958310195273825 0.0012346279833792024 0.0014326267048000222 0.0005927423075627391 0.001708433127457501 0.0006390891589368213 0.0004291848413495591 0.0002447031525320657 739015093.2160012 nan
3054.0723 242.6986 25.484596 1.2530597 692.381 32.55612 17.19148941810038 6.0298016631274525 0.07598972375966077 0.08853884014067262 0.021712445831508255 0.03042566696767957 0.008545899957470572 0.0002278290047922132 0.0015879513444358112 0.0006440695890018814 0.0015626340393511992 0.0005624611165835008 0.0004104897848887579 0.00020231863659963574 739015399.071998 nan
3105.2515 241.61797 22.949118 1.1676681 720.0 30.647959 17.193060646308908 6.443230582802695 0.041826722354164174 0.06200126126736569 0.011950536009723546 0.02593988226041919 0.011496817951271216 0.000526213164630454 0.001468960909733253 0.0007112906611837323 0.00163004780054802 0.0007142559178268874 0.0003345977337176073 0.0002255759551644543 739015704.063998 nan
3244.3257 241.88081 24.004847 1.04417 721.4286 28.556122 17.44249911465591 6.656350381148979 0.07085960138717058 0.029513134995939536 0.01012361230071287 0.013733291928372826 0.013420736070365638 0.0007715589762494057 0.0017624776043162758 0.0006007469711429079 0.0012084816561009624 0.0008764904057878445 0.0003345972307397458 0.00023513738031138154 739016009.0559978 nan
3179.7954 240.39134 23.831776 1.0914553 619.0476 32.382652 17.660055559843155 6.484234622449697 0.18891183774803727 0.08686821465343879 0.016439814734648818 0.023732931648464947 0.009584473057770123 0.0007968167408261278 0.002098515870311589 0.0004741940358690057 0.0017926176481292105 0.0007808832228816353 0.00041586465400896255 0.00029588979284090623 739016314.9120018 nan
3056.297 243.92523 23.269297 1.04417 679.52386 33.433674 17.659902389187167 6.661245922352401 0.18982502455432956 0.08826872831655413 0.010857667602255799 0.01767576516141245 0.011992785340329628 0.0005262127759124344 0.0022039572975676327 0.0009506646281486664 0.0024108804999721832 0.0006731799186030018 0.0004010350323944744 0.00032801170116446526 739016619.9040018 nan
3125.278 243.04904 22.377985 1.0157989 887.14294 32.627552 17.379724921854688 7.320640231529054 0.11255941788447021 0.060156705129397275 0.010858232269529691 0.014618183837892675 0.010646444302566057 0.0005262223674072688 0.0017637645293272321 0.0009918625842750912 0.0017653183522382864 0.0005634880269155011 0.00022298617135873465 0.00023309616124191518 739016924.8960017 nan
