json/2021_301.ecsv
# %ECSV 1.0
# ---
# datatype:
# - {name: p1, datatype: float32}
# - {name: p3, datatype: float32}
# - {name: p5, datatype: float32}
# - {name: p7, datatype: float32}
# - {name: de1, datatype: float32}
# - {name: de4, datatype: float32}
# - {name: hrc_shield, datatype: float64}
# - {name: gp1, datatype: float64}
# - {name: gp2a, datatype: float64}
# - {name: gp2b, datatype: float64}
# - {name: gp3, datatype: float64}
# - {name: gp4, datatype: float64}
# - {name: gp5, datatype: float64}
# - {name: gp6, datatype: float64}
# - {name: gp7, datatype: float64}
# - {name: gp8a, datatype: float64}
# - {name: gp8b, datatype: float64}
# - {name: gp8c, datatype: float64}
# - {name: gp9, datatype: float64}
# - {name: gp10, datatype: float64}
# - {name: times, datatype: float64}
# - {name: fi_rate, datatype: float64}
# meta: !!omap
# - comments: [idx = 572]
# - __serialized_columns__:
#     times:
#       __class__: cxotime.cxotime.CxoTime
#       format: secs
#       in_subfmt: '*'
#       out_subfmt: '*'
#       precision: 3
#       scale: utc
#       value: !astropy.table.SerializedColumn {name: times}
# schema: astropy-2.0
p1 p3 p5 p7 de1 de4 hrc_shield gp1 gp2a gp2b gp3 gp4 gp5 gp6 gp7 gp8a gp8b gp8c gp9 gp10 times fi_rate
[from data line 1306]
31686.691 11168.224 2141.7446 147.53004 8990.477 257.19388 48.489529298754405 226.0641099415003 56.40266807124022 22.184496848317977 4.772940165370012 1.873075174811241 0.3048342489185981 0.08093177071707923 0.018481691210753465 0.005003767263833206 0.002610342529260736 0.0012207343380850782 0.000545101979885199 0.0002503606804668419 752049431.7760011 0.0
31475.3 11185.747 2185.8777 126.919235 7852.3813 221.83673 47.90899918561267 220.98346576956538 57.959658064839125 21.8577000257483 4.429212737543508 1.870784112879051 0.30052352396513027 0.07365782885666514 0.020468714212282968 0.005044858669473001 0.0038084862569866206 0.0012308988466959987 0.0005037410446060358 0.00026202718139735207 752049735.9039968 0.0
31809.078 11241.237 2148.6675 167.69583 9676.19 281.93878 49.96395703259914 218.56687895376407 60.69467308980376 22.52390918531369 4.375372135120912 1.8031939898785647 0.29198088442882236 0.07832179995264121 0.021855469361176404 0.00505406845197533 0.0044518059163123555 0.0016253662647611419 0.0004399979398564659 0.0002987028196989795 752050039.1680028 0.0
32465.508 11372.663 2199.7231 133.40009 8390.477 226.83673 50.04674674125434 212.09210362444577 56.65206557394125 21.42731649776354 4.359229150831704 1.8255295576034172 0.27583288183896276 0.0783374925518594 0.021993849240551765 0.005400865560220093 0.0034013439992938185 0.0016359966694407162 0.000442362729335492 0.00040656481029983184 752050342.4320017 0.0
32854.918 11536.215 2202.319 146.50089 9280.953 244.18365 46.43542654755853 216.0388302236683 58.88664180159644 20.832899577076567 4.418110342509596 1.7624514177429218 0.2890202784367274 0.06745657383241538 0.020627892185444287 0.004686241237815771 0.0033314730394306343 0.001010958430013774 0.0005389457832819195 0.00024167797855172602 752050645.6960006 0.0
32888.297 11544.976 2183.2815 134.59613 8309.524 240.05101 47.99214941624298 218.80633970693623 57.98014630969184 22.280148443579424 4.10993716437353 1.5830004425929136 0.29892756765124445 0.06891021897329103 0.022492439324889455 0.005121547536934551 0.004484410859646424 0.0012973908622416733 0.00048729424080997866 0.00031044357728800774 752050948.9599994 0.0
32710.281 11448.598 2189.3389 141.49422 9300.001 240.81631 49.47354259799613 214.85612638653774 54.268689742219436 22.04151607988991 4.0656811417686844 1.6741871509757824 0.3629090699562906 0.07711239386350073 0.021502284570615978 0.004993101941083849 0.004436194414525864 0.0013625210024945894 0.0005200374127871776 0.00022227412996978643 752051253.0880023 0.0
31297.285 11115.654 2152.1287 142.63463 8676.19 245.40816 48.510355430481646 210.03730237811206 50.89278761150091 21.16161773980033 4.170476068724869 1.6116722492479751 0.3233936694150315 0.07527497474296069 0.020751696135916816 0.005300224664797039 0.003825124458001998 0.001078637730596161 0.00039507488025116686 0.0002725460829408872 752051556.3520012 0.0
30551.848 11068.925 2165.9744 132.87161 8209.524 228.0612 51.9013336639314 198.87692540066655 49.67682492707104 20.532238465555622 4.170145163646606 1.6574244340192872 0.25740861202279447 0.08461734164866677 0.022429922296518818 0.005037450047157942 0.0036643915834967725 0.0009629540802921477 0.0005018937138447654 0.0002376423287163046 752051859.616 0.0
34067.65 12193.341 2250.7788 136.04251 8776.191 251.22447 47.164486411767164 195.7336235853412 49.39504721737751 20.380471635923506 3.9802906037076435 1.671485873259376 0.28987132507436086 0.06849378323004918 0.021362458897755985 0.004993644980760612 0.0037857884493611056 0.0009382740288529744 0.0004653185850739451 0.00014225486285210988 752052162.8799989 0.0
33722.742 11682.242 2224.8184 140.74321 9561.905 246.17346 46.17228637664174 199.01941407446145 51.83582726361063 19.974670055047188 4.089708164283121 1.6372860929455983 0.29074487199080207 0.0713664995540543 0.018654222009139618 0.005578977776636615 0.003510798044140893 0.0007581503267918365 0.00043885725727843035 0.0001978169719426238 752052466.1439977 0.0
33233.203 11457.359 2146.9368 132.20406 8547.62 246.73468 46.681912624644994 198.43812533312166 51.02034396635479 19.707209960614136 4.243817862137627 1.7243895618932206 0.31247985741356765 0.07278775621199539 0.018871734719835217 0.0048978572405910525 0.0038432494089456573 0.0010724117599785585 0.0005802708575728147 0.0002324849053086313 752052770.2720007 0.0
33923.008 11839.952 2223.953 129.97887 8166.667 231.58163 45.95770639747652 203.89830704083977 50.25972686340694 20.054582689208157 4.2066735202807575 1.8136775876609006 0.34097445739058596 0.07436624460536831 0.017076960998644978 0.0048759732612670475 0.004337837152671993 0.0013368445864488415 0.0005659019625020412 0.00021754949478138477 752053073.5359995 0.0
32465.508 11512.851 2209.242 150.84001 9509.523 263.4694 46.85535662643754 202.22889577396893 52.65261061441665 21.533807537374475 4.360657734386334 1.670396441140114 0.3142529450295735 0.07244460536999797 0.01928010992145382 0.0053591385953617775 0.004035897901621569 0.0010060220296656793 0.0005009895599799388 0.00021554808132492523 752053376.7999984 0.0
30707.611 10917.056 2120.1108 114.73632 7242.8574 198.9796 47.26368508642957 198.86655005932198 52.04189759562041 21.323877415646564 4.423782085326522 1.7395175734204926 0.3082027262507947 0.06995144739851744 0.020921901422029376 0.005373361446672671 0.003588491908251626 0.0011770646835046472 0.0006004513353265965 0.0003151809921688245 752053680.0639973 0.0
30685.357 10724.299 2078.574 118.602585 7985.715 211.83673 46.854849899749524 204.14106821353164 53.638132077562155 21.42884346437681 4.185347365287305 1.748970979444531 0.2959483164692165 0.07400603911751816 0.018673382386332052 0.005234067119001885 0.003883870841184954 0.0012423278416098967 0.0005433513204723063 0.0002500830375769441 752053983.3280032 0.0
30663.107 11089.369 2202.319 145.13797 9333.334 246.73468 47.33364323941554 203.32488942515448 57.12169356022517 20.32654324636799 4.015840685540804 1.5984165941764137 0.30752372308320364 0.07483569055857317 0.01908694404177453 0.004800087373075485 0.003306983343207619 0.0015280295443407766 0.0004755118807996912 0.0001472940878282891 752054287.455999 0.0
30718.736 10919.976 2113.188 128.72719 8619.048 225.81633 47.47673879986756 210.54200676319724 57.04169755748052 20.608685882971464 4.265509546555616 1.5548876413488502 0.2727500102564811 0.07430988960235896 0.019552433760326792 0.005492141949226531 0.003864824738559128 0.0016314935116614536 0.00044853004928744776 0.0002427148530870181 752054590.7199979 0.0
30996.885 11133.178 2140.8792 137.21074 8728.572 234.03061 48.83738015313946 222.04524015171887 58.13097945872962 22.46800866418072 4.32238679685677 1.7034778803057073 0.2716025645406518 0.076594911346818 0.020786614453118895 0.004554152974907034 0.0042106322867193685 0.00113880196204262 0.00046147574057638145 0.00031957779151115315 752054893.9839967 0.0
30529.594 10870.327 2154.7249 140.99355 9038.096 233.57143 49.304445652594964 223.36981263746904 60.503913448047385 22.651655861082038 4.255048613249576 1.7264567643830473 0.30413306822567365 0.07516469873868492 0.022063535222688863 0.004471568268575225 0.00437442861070658 0.0013155800251636713 0.0005231213817547293 0.0002550784325729649 752055197.2480028 0.0
30896.752 11214.953 2225.6838 158.23877 10180.952 257.19388 47.488052963693704 213.13294225631034 55.32922646114752 21.296178090021513 4.337917444313755 1.680003123442082 0.31991643058660135 0.06997201763077787 0.02125685383065387 0.003800683101924387 0.00417927450082305 0.001552912682745901 0.0005823838765358068 0.00024740060309225197 752055500.5120015 0.0
33366.71 12058.994 2323.4683 144.2757 9200.0 225.61224 45.666011510268916 209.62116641460824 53.314821032495345 21.216187017825025 4.223653552536368 1.5907268392995835 0.29687583555936503 0.06689142906322579 0.019634031983315852 0.004530443748633362 0.0034812094980548234 0.0013206774247983585 0.0005428588138624016 0.00023610682711066954 752055803.7760004 0.0
33489.098 12041.471 2320.8723 135.81999 8500.001 221.78572 45.92080405911962 210.8678746831051 54.78453997375652 21.157197825146888 4.173132335760339 1.614917987364665 0.2796284328442177 0.0698951449830618 0.01885398650702713 0.005177819776210432 0.0038718275737447076 0.0011310174411434106 0.000497932474131702 0.00017045159428569136 752056107.9040034 nan
32053.85 11834.112 2316.5457 147.91945 9438.096 232.80612 47.56939261311478 218.79247966449174 56.17433027411866 21.45176962175269 4.051633012232512 1.634803288482975 0.296335554402351 0.0742690439289781 0.019693911933809195 0.0037262129365154984 0.004389488939883092 0.0014018444168855107 0.0005638613759783098 0.00019397710712008598 752056423.2640026 nan
30396.086 10873.247 2196.2617 142.82933 8919.048 231.07141 46.51864378538029 224.3970192316805 59.47003017887648 21.499564783021476 4.141508126608302 1.5295399544989963 0.3063669727339135 0.06823388011984817 0.020434062956571634 0.004494895939162525 0.0039574882888812266 0.0013357210924881428 0.0005718547237431124 0.00021783181022398722 752056726.5280014 nan
32977.3 11559.578 2313.084 154.40031 9295.238 252.65306 46.29225126876937 218.2773573486761 56.840050713920306 20.93616702870992 3.9828900234874003 1.4429576104634263 0.2949867785925825 0.06448457902380274 0.0215810623588399 0.004564696372823252 0.0030322817854511147 0.0013050727522540694 0.0004415650808903361 0.0002446315047228742 752057029.7920003 nan
31820.205 11804.906 2358.0825 158.26659 9090.477 237.90816 47.45890199670842 215.98620511748396 52.798710646702645 21.340007634632208 3.7537788845139963 1.528382024069652 0.2759167930281792 0.07126972090606296 0.02073267664218099 0.003923050629776344 0.0031881030517846693 0.001166627531337374 0.0004913529342428821 0.00016956603956374942 752057333.055999 nan
30607.479 11439.836 2340.7754 139.85313 8785.715 208.26529 46.174066727186506 216.00501474892428 51.6918563750659 20.635024595451274 3.8529807146575425 1.6157330392693827 0.2668084075171699 0.0768978894147809 0.016474520260611695 0.0034995379546270814 0.0034904781653207918 0.000873771238485502 0.0005427153427042336 0.0001804594894670729 752057637.184002 nan
31553.184 11469.042 2269.8164 140.74321 8723.81 216.93877 47.32594700278349 214.1856644345441 52.52016019731137 19.837435363952363 4.0252213737652065 1.630279028536581 0.2836965766826763 0.0821474781424069 0.01618295056929825 0.003962053907600363 0.003278460329668939 0.0013010315769402614 0.0005735562959843495 0.00015533318969798064 752057940.4480009 nan
31797.951 11530.373 2314.815 149.4771 9552.381 229.2347 47.442411222215924 207.83880320474987 51.653431901037955 18.510625707518418 3.821765943754077 1.6237856453840578 0.267763392310155 0.07805789274078502 0.018009631996147708 0.004485453580755045 0.0033235548953768758 0.0013552958005836864 0.0005341429959149163 0.00013832369742258202 752058243.7119998 nan
30629.727 11293.809 2262.0283 140.10347 9671.429 238.7755 44.39366293607405 207.39378999100188 51.202029954608726 18.342601626618887 3.5247208780768036 1.60228074115034 0.24944026380671025 0.0689800068779949 0.01683935921136558 0.0036837183817379055 0.0031552859856830407 0.0012615070468254613 0.00040584501558718877 0.00020051320613497317 752058546.9759985 nan
32098.354 11507.009 2308.7573 147.22408 9438.096 216.68369 46.35440992361535 206.68255749133297 51.3018813391709 18.870419161318132 3.652688915626206 1.5169117375788221 0.23891299104765218 0.07179821611704552 0.018814753193688947 0.003987803616690504 0.0027763623715565833 0.0012833775470036668 0.0004724860355018877 0.000225575046870277 752058850.2399974 nan
33500.223 12394.859 2454.1365 163.5514 9861.904 249.2347 47.23517652157397 201.25404675337012 52.76659825930952 18.525293856760165 3.9157119114678354 1.6527287241297846 0.24419129649353882 0.07641110581243815 0.01835994994639389 0.004651182842793817 0.0032671743288538047 0.0012423329126613637 0.0005107743365702336 0.00026355016217537446 752059154.3680004 nan
37027.145 13306.074 2574.4202 151.28505 9080.953 222.55101 45.14989636687672 200.1288015762662 55.231796812394066 18.34834157988358 3.8028465662196598 1.7371050457954431 0.27285778699941854 0.06921255515698414 0.0179174327597716 0.0042951269222830145 0.003520383239728658 0.0013723918727760016 0.00040109088769286523 0.00018404258550397707 752059457.6319993 nan
38106.363 13942.756 2662.6863 157.37651 8457.144 208.36736 42.997387833654464 196.3320897571817 50.837902351591396 18.72778242949938 3.6613020817006534 1.6542222633188413 0.27372132417137446 0.06471295030321954 0.016318280418013045 0.0037276174636765784 0.00369888944200647 0.0012509073443625388 0.0004796182338993343 0.00020166846745767184 752059760.8959981 nan
36882.51 13601.051 2697.3003 172.20183 8480.952 209.94896 45.42316732118873 185.24150719829578 47.31897855401839 18.8723592844925 3.4384332115022165 1.6427805152316155 0.2614695413109957 0.06813231335088568 0.018788289517905322 0.003479406613267018 0.003841096530813842 0.001138798438842083 0.0004650991123291777 0.0002460807593706764 752060064.1599969 nan
37772.586 14570.677 2857.3904 181.24167 8852.382 201.53061 44.963340484343654 182.6182924806247 46.85056133053072 18.549746741600654 3.5036181241104756 1.6455409173099227 0.2881321809409043 0.06684525018916611 0.01855317962752648 0.003359561190475392 0.003125196921793737 0.0012756187594080556 0.0004956300833619685 0.0001783259777732996 752060367.4240029 nan
36582.11 12783.294 2494.8079 162.88385 8857.144 206.88774 43.849535331192556 179.99593033732884 47.13179878961814 17.58588649668962 3.5589588481262826 1.6435411927969923 0.31482430388526167 0.0641744021882634 0.01783907400059017 0.0040390619798123615 0.003089899542545364 0.0012061837451728193 0.0004337861089941607 0.00014354694321354702 752060671.5519987 nan
47251.895 14299.064 2535.4795 143.07967 7523.81 194.59183 45.93428877163481 169.83402948216371 43.25146629443894 16.143746975465945 3.704650829826445 1.613237491479405 0.29241956394273905 0.07339761209416186 0.017468676755440442 0.004386289271060355 0.003250165172212266 0.00099687652920006 0.0003962530316147726 0.00015760312184604 752060974.8159976 nan
44937.695 14112.149 2522.4993 153.78839 8247.619 219.48979 44.03469530370319 167.8200597875832 41.67077828475177 15.922491529349685 3.755682899854893 1.5854671817310706 0.25499018076565666 0.062363544431196516 0.01890481685186134 0.004997581629505958 0.003758016959751661 0.0010842711370288773 0.0004261620825430597 0.0002546900599247656 752061290.1759968 nan
48375.61 14445.093 2555.3823 135.23587 7033.334 185.86734 47.80502065246361 173.87680897263974 43.86836513977482 17.44638106214915 3.593385809018013 1.4666361605357345 0.2747696784055711 0.07137280320651396 0.021237873844099482 0.003975480720425217 0.0035714739577959592 0.0010614073494286205 0.00048499796791726747 0.00025643622007152125 752061593.4400028 nan
46595.46 14147.195 2534.614 151.31287 8338.096 224.33672 48.71463237962619 171.62327322387233 45.15226360380655 16.76880511395764 3.508637141198353 1.4681928801465982 0.280804275089684 0.07429268610148342 0.02150229817549396 0.004905050756453928 0.0035218344359195905 0.001113790135265001 0.0004384535239243478 0.00021497700304462552 752061896.7040017 nan
44348.02 13983.644 2491.3464 147.36316 7880.952 211.9898 49.618749955180654 404.38137644140386 118.29392607641942 37.52326903525015 5.1294132215013395 1.7851768363497234 0.27782615510947894 0.07528216988803807 0.022535021901687845 0.004602368017066658 0.0036977218557404734 0.0009789242380873182 0.0004440802935811143 0.00017339800325676002 752062200.8319974 nan
