json/2021_301.ecsv
# %ECSV 1.0
# ---
# datatype:
# - {name: p1, datatype: float32}
# - {name: p3, datatype: float32}
# - {name: p5, datatype: float32}
# - {name: p7, datatype: float32}
# - {name: de1, datatype: float32}
# - {name: de4, datatype: float32}
# - {name: hrc_shield, datatype: float64}
# - {name: gp1, datatype: float64}
# - {name: gp2a, datatype: float64}
# - {name: gp2b, datatype: float64}
# - {name: gp3, datatype: float64}
# - {name: gp4, datatype: float64}
# - {name: gp5, datatype: float64}
# - {name: gp6, datatype: float64}
# - {name: gp7, datatype: float64}
# - {name: gp8a, datatype: float64}
# - {name: gp8b, datatype: float64}
# - {name: gp8c, datatype: float64}
# - {name: gp9, datatype: float64}
# - {name: gp10, datatype: float64}
# - {name: times, datatype: float64}
# - {name: fi_rate, datatype: float64}
# meta: !!omap
# - comments: [idx = 572]
# - __serialized_columns__:
#     times:
#       __class__: cxotime.cxotime.CxoTime
#       format: secs
#       in_subfmt: '*'
#       out_subfmt: '*'
#       precision: 3
#       scale: utc
#       value: !astropy.table.SerializedColumn {name: times}
# schema: astropy-2.0
p1 p3 p5 p7 de1 de4 hrc_shield gp1 gp2a gp2b gp3 gp4 gp5 gp6 gp7 gp8a gp8b gp8c gp9 gp10 times fi_rate
[from data line 1395]
89931.016 24129.672 3317.757 170.06009 10909.524 181.42857 35.71424724965752 206.4538353685756 51.07200836346496 17.294597492032956 2.5631702415697792 1.09850123733191 0.16355319524152998 0.04738399749720267 0.011845259893657912 0.0034033674453669257 0.002404865475463971 0.0005320454649392566 0.00032019283378558074 0.00024037116067107946 752076498.3040026 nan
87906.09 23636.096 3245.9329 166.27727 10823.81 188.11224 32.34531227452167 208.17135998245817 53.86109826552959 18.263537520063885 2.602080357609027 1.064478842243279 0.16810972310450745 0.03210847932932823 0.012619436429965554 0.0030438506247204744 0.0018509664216476921 0.0005511595074494497 0.00027898637449224055 0.00025089597196348615 752076801.5680015 nan
88117.49 23469.625 3239.01 150.70094 9700.001 163.77551 32.78236525749483 198.844826244832 50.757946103256955 17.27901754192412 2.7133176112406963 1.1423454329099532 0.167666752102352 0.03778906871210416 0.011045324328998131 0.0026843380578896845 0.0017539604137338067 0.000911929494128052 0.00034928352456207367 0.00020506598493284583 752077104.8320004 nan
87416.555 23510.514 3226.895 154.20561 10557.144 178.5204 35.562164386000774 195.05054560440354 46.83146240036319 15.811836689253555 2.8061024064940217 1.134776902083955 0.19564993721188864 0.046902717940586466 0.011769163950384368 0.0021601456175073704 0.002106600326407188 0.0009470452808776036 0.00038322008250569643 0.00018607559585816886 752077408.0959992 nan
82298.625 22123.246 3001.0383 130.0623 9757.144 161.68367 34.8016588213618 203.61422959643878 51.48952444343492 15.64612402078942 2.6188556402475798 1.0394656168656489 0.19596139205090854 0.042780638219150645 0.012212973275738994 0.002115310284565993 0.002545312148512303 0.0005774943599388932 0.00037161950149540364 0.00016405288332861843 752077711.359998 0.0
85068.98 22754.088 3076.324 146.38963 11447.62 173.01021 33.904222539813766 220.149076314605 57.48012665461746 17.228766345926847 2.553116487443121 0.9445047659913411 0.16743552663527356 0.04202507027968343 0.011125311160378657 0.0022004378534299695 0.0025679977575519823 0.0006665470159962451 0.0005010660406776903 0.00022405726726818697 752078015.488001 0.0
83889.63 22298.48 3033.0564 140.43726 10757.144 160.81631 35.17728135501749 235.7597929384795 56.0358199873491 17.344849819324537 2.621262281893044 1.019338052603533 0.16373384727969495 0.04629426997102785 0.011433319819938344 0.0024286930365028606 0.0024616564239919743 0.0008801261932065189 0.000476964281486985 0.0002461977552849624 752078318.7519999 0.0
83678.234 21872.078 2928.3489 128.3656 9719.048 155.10204 35.44433704677687 232.3348364478141 53.09948805811304 17.028695118711838 2.743386166910452 1.1100894096183673 0.17466620883572606 0.04144448456679135 0.013776437489470682 0.00260133134333384 0.0029602547075020403 0.0007754721155388516 0.0004608567909901888 0.0001423850412844178 752078622.0159987 0.0
83322.21 22389.018 3019.2107 155.37384 11042.857 177.04082 34.29366758627196 225.11567711081287 55.76650788055466 18.01981476407096 2.85701629976538 1.0234945772132131 0.17285185289675334 0.038808961368765965 0.013015270582629548 0.0023140812568574346 0.0027376827601936922 0.0007246897659205897 0.0004322532913551971 0.00012470682609247492 752078925.2799975 0.0
75845.57 20140.186 2785.566 114.04095 9076.19 142.95918 35.20141048851182 231.02377918380648 58.602911967047255 18.182055262923047 2.86834479112232 1.0192806971469488 0.15872413770848018 0.04628195061632829 0.011480647453105145 0.0028117612616896694 0.0026314699589160303 0.0009446619163722774 0.0004036011539950667 0.00012048069086758647 752079228.5440035 0.0
66121.49 17827.104 2509.5188 124.63841 11938.096 167.44897 38.47209038563262 233.01056317661605 56.830628339272195 18.327236268901142 2.818165887662745 1.115587976260308 0.18012600136400575 0.05399569399498794 0.013541268777449118 0.002360945204455353 0.003008345622215128 0.0010823740782670943 0.0004258561276053024 0.00010437703149163171 752079532.6719993 0.0
66188.26 17870.91 2529.4219 120.911224 11376.19 159.2347 37.2852780574061 236.16731382802078 59.015159323471714 18.435157574687793 2.8395545813905976 1.1323135180431088 0.207939583152275 0.05044701109490945 0.013060873314931479 0.0025784232804352716 0.003229309306530458 0.0011587015918681752 0.0004182433801634075 0.0001474905153368159 752079848.0319985 0.0
71773.48 18793.807 2625.4758 129.25568 11352.382 177.24489 34.57871356402723 253.90793481816402 62.88405722520104 19.301792147218862 2.8353307085690616 1.0754044279015675 0.1765062050086058 0.04289827859577837 0.011832014555498241 0.0034166742460426357 0.0030497012059949773 0.0010537841054595347 0.0004791764402316066 0.0002636412234244167 752080151.2959974 0.0
71428.57 18951.518 2636.7256 115.18136 9347.619 148.06122 34.7209094926138 262.0906271505046 58.2976866531486 17.900834080312233 2.657171392353233 0.9905827027827177 0.1884835062176643 0.041037572167115614 0.012786740972679463 0.0031901703831021667 0.0030387584509162487 0.000547912491678957 0.0004669319928983459 0.00027742115157931743 752080454.5600034 0.0
69993.32 18741.238 2599.5154 133.67825 11328.572 169.13266 36.478982982145176 257.0763652738024 54.76655416321284 16.918932324991555 2.38786813687322 1.0855219398677969 0.21041682260123387 0.045669107596002324 0.01369190701976671 0.003112780443512437 0.002284630778036651 0.001091754325032246 0.0005086094749149309 0.00025897472129978247 752080757.8240023 0.0
71829.1 19354.555 2660.09 132.89943 11461.905 177.70409 36.92560079746393 240.79066753345657 49.75893372927702 16.42006776849094 2.156852468301504 1.0280658601324482 0.2073391016709586 0.047050963348210274 0.013847691131813684 0.00297225949579375 0.0022158016106334174 0.0010207251824351816 0.00036933340329181467 0.0002270562664629636 752081061.951998 0.0
70605.25 18732.477 2549.3252 126.89141 10685.715 167.55101 34.7323892444886 234.0930216362452 48.709552837836625 15.359827428256185 2.197350379677437 1.002429093043753 0.20252394653255645 0.04114193829971485 0.012750893329977451 0.0028451407987448996 0.0028483636812321566 0.0007246850863339444 0.0004535165683343011 0.00023186619847450187 752081365.2159969 0.0
72530.05 19007.008 2564.9014 120.29929 10309.524 156.88776 34.55587805538615 267.3920322655935 57.42880885998185 16.81679239569844 2.5711031766401495 1.0838882293995673 0.20409481582196445 0.04330018939033699 0.011611652335403084 0.0030026472042749323 0.002333448909544014 0.0009310066868792783 0.00046316914812882657 0.0002460799631171556 752081668.4800029 0.0
71617.71 18875.582 2607.3035 126.19604 10823.81 170.81633 33.99887064488286 285.10220924379627 61.94987121709929 18.236989231199182 2.9512059733424194 0.9766813549788025 0.1782735281141248 0.04506226915375452 0.010054931171926598 0.0030822364245978186 0.0023687809416049416 0.001105167901966355 0.0003052837191159463 0.00014915700952711057 752081971.7440017 0.0
71862.484 18872.662 2540.6716 133.31665 11828.572 179.84694 33.257187243802115 264.67977620027506 56.962369385666406 16.43414183738486 2.513915938145054 0.9117107766120442 0.19296831151427252 0.044720469387248066 0.009009764122181692 0.00259423941995415 0.00391214489617535 0.0008546868220536012 0.0004345917760735855 0.0002010170092138348 752082275.0080005 0.0
68346.69 18162.967 2537.2102 121.57877 10776.19 165.91837 38.802304190366556 237.55099718119368 49.927163899741345 14.837102672210918 2.4546662873834535 0.8991918628827422 0.16887334430048195 0.05134808934798618 0.015126109204571803 0.0022050249135799165 0.0031519625769613896 0.0011594047527980697 0.00046008130003743174 0.00010256532583322324 752082579.1360035 0.0
63940.812 17149.531 2367.6013 117.57343 10633.334 172.80612 37.288693020675396 208.86382913198958 43.572660333735136 13.274957210967775 2.119793379909265 1.0609513007976317 0.20913999552581114 0.04783393356476806 0.01410618259633092 0.0020496016602019776 0.002980703603933784 0.0008308006852634306 0.00042308199130837914 0.0001430343922072667 752082882.4000024 0.0
66822.43 17739.486 2447.2136 124.721855 11204.763 170.71428 34.03430838236726 197.53540688426938 41.027801718000504 13.392339426866 2.3961467056324715 1.0653081182553827 0.20262556490372105 0.04296863428206689 0.010923381089519332 0.0030418305784357742 0.0032227141757513456 0.001069388597313532 0.0003820258066091045 0.0002141552168559964 752083185.6640012 0.0
67701.38 17873.83 2467.1167 122.02381 10342.857 164.18367 34.38303157423596 196.01930692179403 41.45547992850936 12.322634952499888 2.536418607298325 0.9718576225955018 0.20883307049201386 0.04286057967836125 0.011510321200617193 0.0031773707780478723 0.0025287239316468587 0.0006356700798328533 0.00040481606476915603 0.0002405936639714178 752083488.9280001 0.0
67189.586 18101.635 2510.3843 118.79729 9385.714 159.48979 35.323078614569965 186.11355859167202 38.77880619765268 11.883145148835784 2.2907403092509524 1.0207586778148026 0.1920835292209601 0.04627079227570112 0.011647405497104548 0.0031703565102080373 0.0021188229959524527 0.0008758535030238028 0.0005052960992318785 0.00021559207715358855 752083792.1919988 0.0
67211.836 17882.592 2480.9624 119.29796 11052.381 170.76529 34.52508004097673 186.94817534003533 39.08663565626113 13.83805670658733 2.3741170565568637 0.9840941504230656 0.20039677903587172 0.04376589910855041 0.01138086197100752 0.0038290699391941912 0.0022174125277868526 0.0008785007518006757 0.00040868667809335996 0.0002826962220169082 752084096.3200018 0.0
66889.19 17835.863 2508.6536 122.802635 11366.668 178.16327 35.021075786484275 194.4475457852967 39.102947055068675 13.39736594685717 2.301961391789623 1.0408683863908688 0.2019483379443591 0.04261590572423323 0.012618985780366885 0.003757488265454215 0.0027947262058178376 0.0011462480670610443 0.00044514306910456176 0.00027610143742646935 752084399.5840007 0.0
69414.78 18644.86 2601.246 124.249 10723.811 164.64285 35.46422683877675 192.12192528467045 40.28142023614399 13.50950376666733 2.441570166033002 0.991747913920013 0.1636118106273367 0.045632772058763565 0.01214898731895575 0.004063431735791029 0.002470580096159061 0.001157513617953418 0.00035879213807052266 0.00019938996541778137 752084714.9439999 0.0
69781.93 18863.902 2648.8406 130.00668 10009.524 164.48979 37.508009814632864 184.96286723914412 39.87609174841171 13.067300967320985 2.687507618213157 1.0001830282315605 0.17524026755426203 0.04891898779499686 0.014049252160938105 0.0026731146962893143 0.0027725048614603343 0.001052857464928011 0.00030682041126496346 0.00021860389413650563 752085018.2079988 0.0
68747.22 18014.018 2513.8457 120.3271 10633.334 174.64285 35.23063509082549 178.79946143024287 40.43622228551706 13.328772896276812 2.1923788924161878 1.0348433429909856 0.1772955503551941 0.04060647925153187 0.013771312056643564 0.0023709588233032626 0.0025248838542941405 0.0008611405257931282 0.0004558938021578713 0.0002255729977014188 752085321.4719976 0.0
76969.29 21311.332 3009.692 137.54451 10547.619 173.21428 32.78851536691125 176.60351623771243 38.81769687440265 12.719007186794368 2.3221316520779935 0.949990806594599 0.17895148830873658 0.03848325911474956 0.01076853415298282 0.0017629976059238665 0.0027147718112661653 0.0010051856520734606 0.0004708629089147853 0.00022557254433649998 752085625.6000005 0.0
67445.484 18051.984 2560.5747 124.52715 10528.572 184.43877 34.998806971827086 174.65651238396873 37.3359819382196 13.341733154300828 2.117545863477562 0.898931758846791 0.1854939086207976 0.0411392545259307 0.01318664592692692 0.0023779573755998112 0.0030134530236844 0.0006768164809584378 0.00041050581140466945 0.00024332294365309333 752085928.8639994 0.0
68413.445 18174.648 2493.0774 113.70717 10314.286 165.20407 36.55874106516824 167.14803292890537 33.69766264038499 12.166458095711386 2.2886089913540033 1.0634417805469376 0.18436465614495998 0.04340810360999223 0.01474120645734386 0.0023855865042918495 0.0024489001197286874 0.0007118974502224912 0.0003428599715490653 0.00017418590655855743 752086232.1279982 0.0
67857.15 18428.738 2559.7092 113.70717 10152.381 168.16327 35.056028533510016 183.31245892772188 38.79798621732609 12.717083426736952 2.241296618825654 1.040525677903981 0.16074930294353457 0.041333705504619386 0.01322109921109867 0.0028969147447647143 0.0021889353871170913 0.0010002815161354779 0.0003197480209554014 0.00010946286898394368 752086535.3919971 0.0
63273.254 17187.5 2445.483 125.05563 12690.477 186.07143 34.97492730188618 177.40344286664438 39.77644923877734 12.385807333174796 2.23138860545863 0.9500140652942524 0.17924865124772557 0.04529068435782291 0.011500695413665411 0.00253776449881906 0.0031398909624096834 0.0010352717469141511 0.0004380826102003561 0.00012095307767427807 752086838.6560031 0.0
62683.582 16699.766 2338.1794 114.12439 11071.429 182.34692 34.526102832290505 164.80744954357496 35.34091550690851 12.978409181793738 1.9859846755302228 0.967085967577929 0.21201146976597454 0.03719020851509898 0.01399184619574386 0.002811793536799011 0.002357588493233596 0.0006599886165063653 0.0004062194496132683 0.0002159598670921321 752087141.0559978 0.0
57153.984 15227.804 2140.8792 106.86471 11842.858 188.46939 35.68457906016627 176.76926735476354 35.71247160650755 12.041166496656444 2.089930065311383 0.9535249601626696 0.1843422184831231 0.04259469949641204 0.013688167417376423 0.002408887165763148 0.0026276871003872103 0.0010973857127800773 0.00032455616044964477 0.0001123770115804829 752087445.1840007 0.0
55618.6 14918.224 2146.0713 104.41701 11900.0 183.2653 34.80973381992609 148.1418711345694 30.13972065460611 10.775575867571657 2.202050767538716 0.9028893512107663 0.20169285774022164 0.03971354846890887 0.013442503790431088 0.002591654786916665 0.0030259226171215404 0.0003678263714671892 0.0003801579093372476 0.0001216218303884819 752087748.4479996 0.0
60981.305 16533.293 2285.393 111.84357 11590.477 172.34694 34.98043489201289 140.58231516439588 30.360888817367737 9.883269802880324 2.290976263582228 1.0043178096599434 0.19416089555548346 0.04837758598604735 0.01026650357051249 0.00283133549514862 0.0024038914938891535 0.0006030710574056867 0.00047931743768350244 0.00012303996052196012 752088051.7119985 0.0
57521.14 15251.168 2135.6873 104.63952 12123.81 177.04082 34.61533062718109 155.96236609472385 35.59890909434329 12.890107578810749 2.2959294059880424 1.0779628595730888 0.19131787485262935 0.04241358191195306 0.01206975612220187 0.0030710044575112936 0.0026452182198870543 0.0006211617873486586 0.00034172449495830043 0.00025978890563839273 752088354.9759973 0.0
58744.992 15540.303 2140.8792 100.05007 11314.286 165.40817 35.099624110799155 155.1438599688197 30.678359718225828 10.746795558696407 1.9102640949062923 0.9399599104286344 0.17282353608169443 0.041582747471961674 0.01317993969948646 0.003082239551440656 0.002089826747526935 0.0007209166757132796 0.0004796682128824539 0.0002270692599214426 752088658.2400033 0.0
57754.78 15438.083 2145.206 97.24077 10252.382 160.96938 33.5668638806963 156.26003256681022 35.206629178745494 12.925066590028006 2.0115193297013154 1.0146707749100403 0.1837511155184019 0.04515202089902344 0.009333800282933711 0.0020426182744543676 0.0018763415372624482 0.0009264392553428656 0.00045255784884379796 0.00016562818191800092 752088961.5040021 0.0
54083.223 14220.209 1949.6366 91.42746 11276.191 160.81631 32.46644253184869 161.06701807498058 31.059365009126445 11.674969174778075 2.2499626345122987 1.1096627667013317 0.1675168251005444 0.0358882182838788 0.011305023887893548 0.002718159247340488 0.0024552261705974394 0.0005225337202548275 0.00048476536620534097 0.0002451084018612118 752089265.631998 0.0
