json/2021_148.ecsv
# %ECSV 1.0
# ---
# datatype:
# - {name: p1, datatype: float32}
# - {name: p3, datatype: float32}
# - {name: p5, datatype: float32}
# - {name: p7, datatype: float32}
# - {name: de1, datatype: float32}
# - {name: de4, datatype: float32}
# - {name: hrc_shield, datatype: float64}
# - {name: gp1, datatype: float64}
# - {name: gp2a, datatype: float64}
# - {name: gp2b, datatype: float64}
# - {name: gp3, datatype: float64}
# - {name: gp4, datatype: float64}
# - {name: gp5, datatype: float64}
# - {name: gp6, datatype: float64}
# - {name: gp7, datatype: float64}
# - {name: gp8a, datatype: float64}
# - {name: gp8b, datatype: float64}
# - {name: gp8c, datatype: float64}
# - {name: gp9, datatype: float64}
# - {name: gp10, datatype: float64}
# - {name: times, datatype: float64}
# - {name: fi_rate, datatype: float64}
# meta: !!omap
# - __serialized_columns__:
#     times:
#       __class__: cxotime.cxotime.CxoTime
#       format: secs
#       in_subfmt: '*'
#       out_subfmt: '*'
#       precision: 3
#       scale: utc
#       value: !astropy.table.SerializedColumn {name: times}
# schema: astropy-2.0
p1 p3 p5 p7 de1 de4 hrc_shield gp1 gp2a gp2b gp3 gp4 gp5 gp6 gp7 gp8a gp8b gp8c gp9 gp10 times fi_rate
[from data line 1364]
3800.623 365.36215 34.99481 1.6232755 726.1905 28.72959 18.326152122006846 18.39833053861009 0.05947717018663198 0.05916759817629376 0.006634764757940402 0.03413873951596221 0.015875437062787 0.0005262570497505012 0.00325009031627966 0.0008818138228300333 0.0017343750398676294 0.0004949476039149446 0.0005716818315361744 0.00030858799499962667 738963786.3039976 nan
3890.7434 368.28268 33.194878 1.4997776 724.7619 37.78061 17.483621098702056 17.6758855829107 0.18357089337119875 0.05916742040660268 nan 0.024392488710836324 0.011456804725980027 0.00031054328551796115 0.002012644084637698 0.0007871299578036632 0.0019569467174862082 0.0007484836696170542 0.0005405567013766393 0.000288114385556496 738964092.1600016 nan
3698.2646 382.00934 34.934235 1.6327326 788.0953 31.341837 17.32672351616421 16.525610174354128 0.13103927976037066 0.03392957091847955 nan 0.00755618364179354 0.012327382131541394 0.0008979134749967669 0.0015307177129865943 0.0015220554105748363 0.002027674366720086 0.0010642344653844632 0.000530207782996059 0.00034861810967412463 738964397.1520015 nan
3846.2395 378.50467 33.722744 1.659713 924.28577 27.535713 17.38630967301394 15.668120576143922 0.13503540177044931 nan nan 0.028182919933845196 0.01389084195267089 0.002105006904457651 0.0011423337676475021 0.0018186381781300485 0.001575849793698562 0.0009211473728093543 0.0005838342527291751 0.0003486170117867013 738964702.1440015 nan
3832.8884 384.34576 31.801662 1.760681 710.95245 28.642857 17.458246310152745 15.22126477253953 0.26943194340841803 0.02737525390775599 nan 0.03860152020990708 0.009426319008015625 0.001130975400622784 0.0016476170351400797 0.0009288952456571178 0.0017581403578590129 0.0006613500982010933 0.000510886432114851 0.0003581059489201109 738965007.9999983 nan
3533.6003 371.78735 34.90827 1.6088119 680.9524 30.209185 17.58699707282963 14.948514628812216 0.1919829615635224 0.04498052500436611 nan 0.029765820379296967 0.010855222335098462 0.0002522688943012229 0.0021992404551933356 0.0008670986885814176 0.0017809581341019058 0.0011259859772666581 0.00042170084712389133 0.00032980268572559184 738965312.9919982 nan
3682.688 380.54904 34.588093 1.5047842 832.8572 33.260204 17.394424876063557 14.502370104098366 0.15232472610654268 0.02957727399190232 nan 0.020687665811900707 0.00960490043507988 0.0010483095251568506 0.0015798517305341381 0.0011285919399490123 0.0015758496729176513 0.0010899449952157991 0.00040098322742730636 0.00024641002646777287 738965617.9839982 nan
3684.913 370.61914 34.761166 1.5898978 652.381 29.336733 16.99255853707317 14.696148654340268 0.15232845119201813 0.029576767903047883 nan 0.023765030538024676 0.013297416815585014 0.0007694329157367742 0.0010546254379073588 0.0009513918258263107 0.0013738888563660046 0.0007777711927810977 0.0005627793658099565 0.0003312207510745077 738965922.975998 nan
3660.4363 375.29205 35.773624 1.4716846 850.9524 31.698978 17.138755060201557 13.69065288602323 0.15231995043334523 0.09253486592382794 0.011579906773187095 0.02637763199709546 0.010418979538862543 0.0005600969007396379 0.0013708613776650489 0.0008776784893967078 0.0013391226658547963 0.0009935054486819935 0.0006257586118271694 0.00035293581424162575 738966228.8320022 nan
3580.3293 375.87616 35.28903 1.4474856 826.1905 32.387756 17.248610603942293 12.646305071938782 0.06872373186333082 0.06672483895432803 0.009818200894659531 0.01713467724267702 0.0034845390989104805 0.001052500163314144 0.0013538615423860914 0.0009064703719767779 0.0013152033922059982 0.0006842793724371288 0.000510463975357352 0.0003341144975887923 738966533.824002 nan
3734.98 362.73364 33.367947 1.5757121 843.3334 29.59694 17.414027903506145 11.851244739418846 0.04305769160996804 nan 0.006151435203997796 0.018482033291915997 0.0024009861288482293 0.0004573755339336898 0.001852485923296814 0.0007317776297565975 0.0015160307891374705 0.000778895347174422 0.00044443671268015213 0.00027367638334891483 738966838.816002 nan
3751.669 365.94623 33.895813 1.683912 733.3334 32.341835 17.199431045624014 12.331408914357858 0.16524346631661557 0.01729858923941832 0.004515230016881339 0.02706632936774018 0.005209865478719077 0.0012313204547131043 0.001203631354844921 0.0006128902221414552 0.0019456657312796818 0.000836009062981842 0.00038320235462061317 0.0002445412310819635 738967144.6719989 nan
3570.316 364.1939 34.55348 1.6516467 640.47626 34.47449 17.16776850078716 10.996819534923505 0.13682784722600572 0.011781588609352404 nan 0.022412301173546187 0.012979734218354057 0.0011552046190235585 0.0011772376085778392 0.0008539314825403555 0.0019497894632267468 0.0008703005218546594 0.0004151153356052699 0.0003611189006435505 738967449.6639987 nan
3758.3442 365.36215 33.999653 1.538162 837.1429 33.785713 17.738685594022616 11.098625938049423 0.029070059628324325 0.018278977732676033 nan 0.017707074431238437 0.012352196440898806 0.00020089768884971014 0.0024573485948000927 0.0010216821624194255 0.0020539865283199493 0.0007792618477341269 0.0005408385455106346 0.0003974604300295495 738967754.6559987 nan
3677.125 373.5397 32.51125 1.566255 861.4286 37.260204 18.077207656674528 10.657017154982348 nan 0.010710042664041939 nan 0.010178396952145287 0.011133215061268414 0.00033560699716918166 0.002938042426831048 0.0006889109783909499 0.002229592683808132 0.0009512938439599661 0.0005108592503664919 0.0003634736526741444 738968060.5120027 nan
3590.3428 357.47662 33.515057 1.6040832 695.7143 34.127552 17.78060741888998 9.341309123957977 0.049825783734214646 0.01935131125083035 0.0071179803281565136 0.0213525119502804 0.018286375599879175 0.0008706038707982807 0.0022513731524403126 0.0006293530496995867 0.0020719204494820654 0.0010033082345767266 0.0004246450349666119 0.0003083581594398634 738968365.5040026 nan
3659.3235 369.74298 34.025616 1.6494215 874.28577 32.617344 17.680353579046443 9.295364321565154 0.025046896671795257 0.009727700339823599 0.010876721006347557 0.0295110044331391 0.008717898090951234 0.0014056058032458235 0.0018887280287889952 0.0013476970358782688 0.001507174067758429 0.0010012204090922541 0.000491329390575416 0.0003421402637227317 738968670.4960026 nan
3585.8923 355.43222 33.46314 1.5284268 726.6667 33.780613 17.176762366112143 8.777670588979362 nan nan 0.0033969579882987856 0.013274910736478567 0.01230354590764675 0.0004930655345461341 0.0014557809426446438 0.0010074909597672275 0.0016190284082943178 0.0007505012115971743 0.0005698719682934543 0.00025630666469571956 738968975.4880024 nan
3538.0508 370.03503 33.16892 1.6377393 695.7143 35.265305 17.01914262197156 7.7648887853332695 0.053830807582515995 0.020906899335828733 nan 0.014247865874874303 0.008313843974000566 0.0003721556811398125 0.0012591552078447328 0.000627455312883525 0.0021907439522497914 0.0010604588791426502 0.0005973774799295838 0.0002775815243182193 738969281.3439993 nan
3457.9438 347.25467 32.77951 1.4191145 756.6667 35.0 17.445613657163708 7.310170511263647 0.02102080884005235 0.029561805531270084 nan 0.026246371854391857 0.011749302052018755 0.0009071252608054696 0.0017148485948521323 0.0006785584908608804 0.0017934376540949533 0.0008676447716525781 0.00038430128130507204 0.00032244692902396924 738969586.3359993 nan
3625.9458 351.92755 36.03323 1.3620939 800.4762 34.387756 18.08820147922231 6.229762363843694 nan 0.007671769180104399 nan 0.01639608440878424 0.016176646254103956 0.0018317634440312802 0.0023548913352012366 0.0006235105899497049 0.0017946367214836533 0.0007246930622568413 0.00037546756644478636 0.0003129245584729369 738969891.3279991 nan
3647.085 360.10513 33.61025 1.6374611 699.5238 37.69388 17.451506227537653 6.367625582507203 nan nan nan 0.007316722122039656 0.0167985225561927 0.0017049884616360512 0.0014018390972259875 0.0007729405481740887 0.0023204293365515325 0.0009607367370915996 0.0005286658388045483 0.00035435821994335887 738970197.1840032 nan
3465.7322 361.5654 32.900658 1.7089454 761.4286 30.301022 18.022390338794413 6.6644512013293635 0.05910411100817146 0.0688695011204754 nan 0.0013179294519466145 0.014933309436367951 0.0015786777715399256 0.0023531338845451987 0.0010139838247771244 0.0016973404977311196 0.0007940663771754562 0.0005558243973163772 0.0002735649081383796 738970502.1760031 nan
3533.6003 359.81305 31.69782 1.6663885 954.2857 30.739796 17.412920157509163 6.129759027103354 0.01573187198918636 0.018331147480361437 nan 0.014040979839555733 0.010589732568307437 0.00032634283024397456 0.0018957351861219264 0.0009728965087446194 0.002258661310944349 0.0008889511008305841 0.00045918559380296305 0.0003436902668937328 738970807.1680031 nan
3491.3218 356.60046 33.46314 1.4558301 726.6667 33.158165 17.30456269296329 5.950316867242737 nan nan nan 0.01769866923859852 0.01739874756329371 0.0008554159187669336 0.001508274285393788 0.0007556752300611924 0.0017417771769749784 0.0005951606034889389 0.0004349773327248837 0.0003357874030488372 738971113.0239999 nan
3514.6863 359.81305 32.65836 1.7654095 708.5715 35.34184 18.10119475111372 5.73285151708975 nan nan 0.018035460396465808 0.017698731919517433 0.015214430345269685 0.0027983212183727455 0.0019911539565596395 0.0007112915094148765 0.0024744518522870516 0.0005176366327214067 0.0005598652729512687 0.0003111006254918068 738971418.0159998 nan
3528.0374 357.47662 33.281414 1.556798 947.6191 33.607143 18.028957247807757 4.769344999906017 nan 0.02500166813133737 0.03093784850627609 0.022687465969928256 0.00424529815780378 0.0018216786268875856 0.002276078562842815 0.0006109897305242843 0.0019925881772776353 0.0010431952295761086 0.0005855461302962796 0.0001861501649136083 738971723.0079998 nan
3587.0051 367.99066 33.16892 1.5284268 669.52386 37.959183 17.874234306673447 5.574291308195468 nan 0.00397152099392524 0.00438283544099647 0.013383452020376519 0.006552503031318823 0.0006676789300195774 0.0024900327743965795 0.0005927422085733327 0.0019565669699442446 0.000869965250839581 0.0005276207476813527 0.0002883109865854915 738972028.8639966 nan
3696.0393 356.60046 32.96123 1.5854473 736.1905 29.081633 17.385446777395295 5.021876837593415 0.0671348981766384 0.05213836031196687 0.009590723467415081 0.017001821352114158 0.005080740960950597 0.0005262187492554636 0.0017776774847941892 0.0009065098906142531 0.0017091254437928932 0.0009195594368813698 0.0005186276939821134 0.00034378787055177115 738972333.8559965 nan
3518.0242 351.34344 32.814125 1.4708501 697.6191 31.70408 17.444674722538853 4.4066891941353905 0.07608926859227415 0.03253921127138737 0.0010992633333070465 0.022997474630468608 0.009110758991845904 0.0005262146410678205 0.0018674367373352429 0.0006287103249967365 0.0017628669001727585 0.0007456304877340684 0.0006238941728404579 0.00023801714455863585 738972638.8479965 nan
3713.8408 348.42288 32.009346 1.2814308 801.9048 32.734695 17.58283374268163 4.712839765694059 0.006427956943956051 0.029549892931224956 nan 0.02899351444059039 0.013987753004748242 0.0005262227904132651 0.002080788766136695 0.000809814569911243 0.002854857239083861 0.000819479468026358 0.0006663691302366399 0.00035699685444191175 738972943.8400035 nan
3680.4631 341.4135 32.51125 1.4663997 770.9524 31.94898 16.970144180923267 4.06879790318624 nan 0.0019195513783957542 0.010162264442467987 0.007430574042280577 0.012149749333873403 0.0010182599432224217 0.0009211986336252968 0.0011623885113981889 0.0015733154882120216 0.0007314220039301822 0.0006066220235440611 0.00027324986135142165 738973249.6960005 nan
3514.6863 344.3341 31.074768 1.2864375 732.381 32.392857 16.796315702845693 4.3663976820528845 nan nan 0.0005251546529744348 0.04518795152202138 0.005145268681158861 0.0005516492591865177 0.0008394103367027167 0.0008470217899238957 0.0013836237539449087 0.000527645675108659 0.00047490451191137045 0.0003056212838837533 738973554.6880003 nan
3609.2566 325.6425 31.429562 1.6046395 894.28577 34.224487 17.82175498707169 3.611838186823622 0.0736628770096968 nan nan 0.03576020781909357 0.0047974136231641006 1.6670721079907577e-05 0.0026682503147655084 0.0010594278485299069 0.0014742337395560932 0.0006178861633313959 0.0005332360573555594 0.00034731668134159894 738973859.6800002 nan
3635.9592 340.82944 31.862236 1.4096574 763.8096 26.897959 17.33164754911873 3.7295253642250077 0.0009250467685102126 0.08755611482475302 nan 0.012081471576988391 0.009535201234608019 0.0005198163228110899 0.0016915563809833663 0.0013011576226491825 0.0017692288548821391 0.00031436011601623586 0.0005849353431343597 0.00032836007361325425 738974165.5359972 nan
3677.125 345.21027 32.65836 1.452214 710.00006 28.72959 17.59131304120625 4.085834393466317 0.0003408018626567533 0.029411196322340714 0.02173374441391946 0.023642452574287112 0.011991429211921359 4.714746423891292e-06 0.0023036592161318438 0.0013024445433149556 0.0011827627828054754 0.0005199557039046711 0.0005354299219981077 0.00022658601430171764 738974470.527997 nan
3640.4097 331.48364 31.368986 1.4335781 953.33344 32.821426 17.19311041765714 2.433834341916605 0.0744653738809587 nan 0.021506362969304145 0.03488393450925051 0.011839435927810503 0.00103017440242861 0.0012679720446640277 0.000950897906450519 0.0013851053129251504 0.0010352745300405122 0.0005520882494602337 0.0004472508848622028 738974775.519997 nan
3576.9917 331.48364 30.754585 1.3868492 718.0953 35.158165 17.211046350379863 2.7940977209584124 0.0030914746441132283 nan 0.010425710730307715 0.012272865982683678 0.004698722889428109 2.1385674608587917e-05 0.0017043874497476772 0.0010717620147516168 0.001686341374394781 0.0010100409771050145 0.0005548056991589105 0.00026325638711462704 738975081.376001 nan
3610.3694 344.62616 29.629631 1.5570762 742.8572 32.392857 17.728889179192873 3.750508330686807 0.0717124688053975 nan nan 0.022910439214387575 0.0032228355485240476 0.0005865045267614743 0.002296333247201329 0.0011719124744027664 0.0019528786406588672 0.00042004282817507596 0.0006170879251256294 0.00019161033837297348 738975386.3680009 nan
3487.9841 345.21027 30.745934 1.5473409 798.0953 32.90816 17.84171295644524 3.463978117126417 nan nan nan 0.01135733845998929 0.016078738504851545 0.0015008408779658604 0.002098506633556097 0.0009133348380886725 0.0016816096187366163 0.0005252924824128431 0.0005855442699976323 0.0003151814284530942 738975691.3600008 nan
3711.6155 334.69626 30.477674 1.3289943 1020.4762 31.341837 17.590525420158343 3.2895899567554188 nan nan 0.002952202781058462 0.01016812386344838 0.0076289035532227855 0.0005262138754005943 0.0020985049105365482 0.0004956649421425405 0.0017995783872502011 0.0006961657331694827 0.0005900913737135952 0.00039899359644113785 738975996.3520007 nan
3652.6482 341.7056 29.326757 1.5757121 645.23816 29.770409 17.621825604975584 3.2116139601869405 nan 0.0032514720694042185 0.0325992160686437 0.049172825433390646 0.011198391440055062 0.0005841481363729876 0.002121592583891616 0.000750447217433609 0.001938192950395303 0.0014493923186455447 0.0006265274706243695 0.00029838223542128547 738976302.2079976 nan
3319.9822 319.2173 30.356525 1.3520806 709.0476 32.341835 17.787518225807638 3.064395178857877 nan 0.02579438378100918 0.029843781124516376 0.017688948485874986 0.004491981069544879 0.001052434791417936 0.0022019617180209614 0.0010669370878167693 0.0009612985911629632 0.0013837977633446277 0.000530885715411461 0.0003740398068423898 738976607.1999975 nan
3518.0242 326.51868 30.39114 1.6093681 921.4286 31.086735 17.3409223502738 2.7008741390463102 nan nan 0.009308099695586936 0.019380268271202032 0.0037731840948014156 0.0009769931165890052 0.0015291097256256566 0.000947971544198519 0.0015197103851619157 0.0008872286916329189 0.0003895846695289771 0.00024601029996233325 738976912.1919974 nan
