json/2021_301.ecsv
# %ECSV 1.0
# ---
# datatype:
# - {name: p1, datatype: float32}
# - {name: p3, datatype: float32}
# - {name: p5, datatype: float32}
# - {name: p7, datatype: float32}
# - {name: de1, datatype: float32}
# - {name: de4, datatype: float32}
# - {name: hrc_shield, datatype: float64}
# - {name: gp1, datatype: float64}
# - {name: gp2a, datatype: float64}
# - {name: gp2b, datatype: float64}
# - {name: gp3, datatype: float64}
# - {name: gp4, datatype: float64}
# - {name: gp5, datatype: float64}
# - {name: gp6, datatype: float64}
# - {name: gp7, datatype: float64}
# - {name: gp8a, datatype: float64}
# - {name: gp8b, datatype: float64}
# - {name: gp8c, datatype: float64}
# - {name: gp9, datatype: float64}
# - {name: gp10, datatype: float64}
# - {name: times, datatype: float64}
# - {name: fi_rate, datatype: float64}
# meta: !!omap
# - comments: [idx = 572]
# - __serialized_columns__:
#     times:
#       __class__: cxotime.cxotime.CxoTime
#       format: secs
#       in_subfmt: '*'
#       out_subfmt: '*'
#       precision: 3
#       scale: utc
#       value: !astropy.table.SerializedColumn {name: times}
# schema: astropy-2.0
p1 p3 p5 p7 de1 de4 hrc_shield gp1 gp2a gp2b gp3 gp4 gp5 gp6 gp7 gp8a gp8b gp8c gp9 gp10 times fi_rate
[from data line 857]
4272.3633 159.75465 53.04604 13.072986 13347.62 889.2857 135.29702361526077 4.2461064001801745 0.2813985743315769 0.3831369735021141 0.6423355826233891 1.0201470993185784 0.464154688126085 0.21944432377148415 0.09991247834089033 0.03352642282338802 0.024939700795355537 0.00691474232831531 0.0026446210536662206 0.0006604094792210569 751912781.5360007 nan
4359.1455 167.757 54.759434 13.935248 14466.667 944.38776 135.56860149376504 4.788304827893021 0.46719996961513777 0.4466781698883696 0.661329114176368 1.0140757315478632 0.4138562123947701 0.21941048044762085 0.10039804843428397 0.03688974584103928 0.02198655177847815 0.006428925635987542 0.0024139934939476438 0.0007088219003373767 751913084.7999996 nan
4386.9604 159.43341 54.101765 13.178683 13604.763 864.79596 134.4269410142428 4.739793227737127 1.0295066662216048 0.428527206464862 0.6533947433951196 1.019932150457771 0.44519312440153175 0.21914233259735133 0.09867879729958712 0.034510485581465 0.023271530320060633 0.0067884307826571325 0.0023319378435045844 0.0005027644605756354 751913388.0639983 nan
4493.7695 160.16354 53.78159 12.452716 12295.238 819.89795 132.68648100289153 4.266415559780946 0.621653620386228 0.45858596307156263 0.6081119424299651 0.9697157092861887 0.39553774387840196 0.2210705142534425 0.09521254292253319 0.03458462730970785 0.023230550209650015 0.007444579121779287 0.002385210257224372 0.00041466074151547003 751913703.4239976 nan
4395.861 161.94508 53.807545 13.665443 13514.286 895.4081 137.25397241193716 4.67050639453638 0.6956117508363341 0.49484703407352215 0.7335539843585879 0.9063906304011832 0.37561397780651595 0.21736723309224937 0.1039007058410728 0.03516212955761844 0.02333972365349154 0.007394106857567147 0.002524996586303613 0.0005400543011988444 751914006.6879964 nan
4431.4644 163.63902 52.48356 14.861483 14557.144 961.2245 140.37240288691066 5.212024459847165 1.1242587872745542 0.4063894292072632 0.7174838950143677 0.993285966028571 0.3756166042480662 0.23020781949031763 0.1036979055812281 0.03616297049112129 0.022730871593732715 0.006021497893129376 0.0025329955563454867 0.0005248554749968054 751914309.9520024 nan
4346.907 149.70793 49.376945 14.291278 13380.953 873.97955 145.0917208722612 6.344389389483682 1.0283154476754959 0.5755626590499143 0.8019944816534809 1.003279316305305 0.43225877618677083 0.23363748527596834 0.10971627960068012 0.03446142740658541 0.023922717043966438 0.006708646817991017 0.002540045199395592 0.00032855308878931345 751914614.0799983 nan
4136.6265 157.41821 52.076847 13.440143 12719.048 838.7755 137.45497134146723 7.204268232119023 0.8609280436975877 0.5213485059526288 0.6893713232919347 0.9854115793324972 0.43113793104295584 0.2166613497190218 0.10444969373967838 0.03461430217617291 0.021948893650966663 0.007536363882820153 0.002446234062920165 0.00028711609215861626 751914917.3439971 nan
4485.9814 155.43224 52.327797 13.351136 12433.334 807.1428 137.91033133541188 6.668837584766443 0.7074861174474436 0.5009519035179705 0.7702512932513852 0.9133026931236119 0.47032910461682387 0.2307549995327008 0.0995179877551906 0.036028910926295815 0.02411389906040419 0.006012962489217112 0.002383935638631875 0.00045899299658077003 751915220.6080031 nan
4464.8423 174.64952 59.64867 13.576436 13142.858 838.7755 140.80330187578613 6.662794262029381 0.876157666150882 0.5259706527342999 0.7729163333540089 0.9748742831786582 0.4256563422674848 0.236843958092991 0.10168900811810683 0.032856327533260614 0.023620782222909968 0.0075402448508520604 0.002276376134756721 0.0005270195269088268 751915523.8720019 nan
4233.4224 199.32826 69.64348 15.003339 13157.143 823.46936 140.00769799216528 7.461516585186083 0.9105552132241893 0.6064432601754339 0.7696494986117032 1.1247807360245896 0.46152350420028904 0.23189180593317396 0.10237691820185134 0.03530566448870518 0.02217184282883687 0.007601564931356551 0.00251763444824399 0.00042740987812752454 751915827.1360008 nan
4443.7026 202.77452 70.54345 16.341234 13304.763 865.306 140.1633418926621 6.672383406767263 0.9105294902812661 0.6960326409155295 0.9116574293129467 1.0288034337143641 0.48768981465808364 0.24065961704121785 0.09910620345842298 0.03414701767445531 0.023169379703490988 0.006834448744452149 0.0018144168609770866 0.0005176616005521685 751916131.2639966 nan
4361.3706 232.62265 92.24645 20.705385 13942.858 903.0612 138.77430471782594 6.763346498566834 0.6420597183243891 0.7593014969947659 0.8267165884265978 0.985646353741606 0.44384110270926164 0.24345207498847588 0.09584414202315045 0.03317316259119032 0.021688455853778984 0.007553936110138947 0.0023132931583932084 0.0005876309861626094 751916434.5280026 nan
4502.6704 281.22076 109.89962 21.965399 12861.905 827.55096 138.61771557648072 7.115609446893634 1.014540301110356 0.6605437250616526 1.0360918506717312 1.0664436536049149 0.4912785240678241 0.2360951865191394 0.098486521484024 0.029043577814044347 0.020237612661665377 0.006178354097384378 0.0022277487301180787 0.0004111149053411898 751916737.7920015 nan
4384.7354 265.33295 105.57286 21.473076 12538.096 812.2449 143.05577923059965 7.120514811102103 1.0621451950073046 0.5413829657884914 0.8657124502875744 1.0975845812803993 0.4433313475301989 0.24189019405351314 0.10321156713762877 0.029968847791850023 0.020985915269834475 0.006192660482925032 0.002678518065889263 0.00029672876548673564 751917041.0560002 nan
4603.9165 238.46378 91.813774 21.83745 13795.238 882.653 138.77559949218573 6.122803761694862 0.7142172502394821 0.8005057548672709 0.9844875888922116 1.1536673723601678 0.4771858868551043 0.22665388668139028 0.10250882478815683 0.02956963453331932 0.019271575568906855 0.006781794249539791 0.0024969841785450345 0.0003999645737955584 751917344.3199991 nan
4379.1724 239.39835 87.22742 18.4496 11995.239 774.99994 132.2840517690382 6.5033452139147645 0.753343837136075 0.7700364095904535 0.9364689614571096 1.2296283351349115 0.5029852273857329 0.22227462978235885 0.09400434068186993 0.02974128675462654 0.01929166864274979 0.007700680954803458 0.002990136236602207 0.0006010697998198852 751917648.4480021 nan
4226.747 238.14252 92.67913 16.969849 12342.857 789.7959 137.9983886057069 5.857674938385027 1.3997435769782036 0.8204048067673435 0.9817688390798402 1.2057053854078783 0.5444923558682413 0.23840883436528082 0.09654234612493316 0.03009256004177509 0.019027002001176043 0.009520158408644636 0.0032488924857318655 0.0005379896224022867 751917951.712001 nan
4452.6035 262.85046 94.15023 19.425903 13414.286 845.91833 138.35500595069854 5.91873900819834 0.8620363846195618 1.076015278430187 0.9951584713424461 1.254250516242171 0.5014502609071206 0.23490786255814608 0.09853671536124949 0.029096760117010744 0.02069871231094626 0.010812263282917609 0.002609047592231997 0.0006895060315930257 751918254.9759997 nan
4610.592 333.528 131.5334 26.710613 14309.524 896.4285 145.63138433952997 5.815982305847203 0.8344969886465659 1.2046554839974368 1.0714285308495164 1.2395415479134955 0.4468619378974316 0.23264551451210805 0.11094875736325335 0.028815112228706453 0.01822937990403866 0.009218518532900871 0.0024921380789039702 0.0005736755045726181 751918570.335999 nan
4385.8477 393.69156 159.05157 33.016243 14661.906 882.1429 140.52282273787287 5.988809084698734 1.1352484504988543 0.790453660039585 1.0714285308495164 1.342336955941651 0.5042812608428288 0.24993495867052182 0.09596283835071345 0.030299742118470405 0.020139523380679623 0.010228543525869844 0.0022958263712685874 0.0004321798376095215 751918873.5999978 nan
4556.0747 472.54672 182.84874 35.547398 14980.952 856.6327 143.01501065672286 5.546725975280146 1.0670788251663248 0.5421358819086478 1.074819006470366 1.1787175348320853 0.5243045330343377 0.2486071114048842 0.10040023384983691 0.02698651726597732 0.016766432403857594 0.008871172773709095 0.0025435719669309725 0.000532627022461398 751919177.7280008 nan
4608.3667 455.60745 179.56041 38.41233 15747.619 940.3061 137.97873895644662 6.254126889667355 1.2670061129317816 0.9766636900185977 1.1879202798478594 1.316730271804678 0.48673737860608357 0.22116728184664453 0.10343082511628313 0.029445775486078817 0.020776521554755675 0.01127706607743249 0.0025657542862111494 0.0005127025401816345 751919480.9919996 nan
4734.09 550.5257 210.88614 40.136852 16423.81 939.7959 135.57833078305396 6.37108108040269 0.7804121518155843 1.116497831940999 1.1277160542123228 1.212750812209792 0.5340663031523707 0.2257658996523971 0.09777575082252324 0.02759967589991614 0.01834050126279591 0.01108854034024643 0.0027104030547343495 0.0005188853396549642 751919784.2559985 nan
4619.4927 615.3621 224.90482 38.495773 14709.524 819.3877 137.94720292063957 5.868771459753473 1.2260121353918392 1.1083353680971983 1.1787532193837473 1.3811568237328373 0.5558865045738338 0.23468476663454796 0.09793526202358269 0.027272502311947035 0.02048938056748301 0.011297856022841371 0.002666430323624765 0.0006407690097197593 751920087.5199972 nan
4987.7617 599.5911 220.49152 39.024254 14871.429 869.38776 135.27530511916538 4.486152851261904 1.401212242288193 1.3909973125771264 1.3249351438090269 1.3905098995579162 0.48151334830181985 0.2129392432020101 0.10245445355704409 0.02910499836992807 0.019101909550242314 0.011432627963728912 0.0020295216184990483 0.0007222134893082938 751920390.7840033 nan
4761.905 615.6542 216.85704 38.356697 15476.191 888.26526 135.75415861814088 4.550685982932747 0.9279272235885263 1.1130990707463913 1.2463825847612255 1.3002960272334538 0.5885767078562799 0.2446334486510818 0.090488403053733 0.028433099249561583 0.020135075635860294 0.010569606795178339 0.0025166548300102906 0.0007657103682068765 751920694.0480021 nan
4509.3457 606.8925 229.31812 43.0296 17185.715 1005.6122 141.67416705058397 4.138784186036054 1.1363636003807187 1.1103123539389497 1.2777385088518256 1.3397116129616085 0.5520351873858055 0.24440431888286962 0.0999378415268091 0.02929126111193161 0.018656721134434055 0.009775260893640482 0.0024351179565526813 0.0006033515284991503 751920998.175998 nan
4737.4277 620.61914 225.94324 35.185802 14995.238 810.7143 140.1750795377301 3.90729178513676 1.1363636128976928 1.5444164788379005 1.3631723500582849 1.4387447634614974 0.5938534707738452 0.24706316157252234 0.09648025821640133 0.027429759272813135 0.02098704633889866 0.011846275363177235 0.002696730809709494 0.0004921947017828992 751921301.4399968 nan
4874.277 631.7172 226.72206 38.24544 15842.858 871.4285 140.74625457215782 3.1165125033524532 1.0735758241565534 1.1803000154781187 1.1937489211187946 1.3184120673450896 0.5551581469131588 0.24878809475220134 0.0967269307245673 0.03002415646049389 0.021644498591672622 0.00976348777200195 0.002799566827911241 0.0004994762038349517 751921604.7040027 nan
4675.1226 622.37146 221.78955 36.82688 15209.524 833.16327 143.43776947727878 3.4151176348149757 0.6256484861128107 1.1758092444963568 1.2511307161557708 1.4999671927207032 0.6159136609792872 0.24469264009403024 0.10254503675736745 0.031550283380574536 0.020020137052513157 0.010459683792918128 0.0024245153913418156 0.0005537162860673769 751921907.9680016 nan
4716.2886 637.2663 232.69298 34.267914 13480.953 759.18365 149.21868036393943 3.01858048928161 0.8319030015016143 1.0121094126990173 0.9732086939861829 1.3886437954146615 0.6054647944893503 0.2506444351343045 0.10929006040326089 0.028038043929426104 0.019984618666436953 0.00861844577524774 0.002893680937809945 0.0005824637181848782 751922211.2320005 nan
4853.137 739.48596 248.00969 39.663998 15157.144 817.3469 146.67870549461603 2.869255898290357 1.29953935546532 1.2379076180387572 1.255421723556105 1.3755828883259513 0.5633132843660432 0.25964836091869514 0.10173889552815528 0.02565370235424384 0.01853231166815763 0.010090605490635576 0.0024066859515578824 0.0007082938198924534 751922515.3600035 nan
4890.966 692.1729 239.96193 39.691814 15238.096 860.2041 141.19213344347827 3.648105420728946 1.3761212973200305 1.107949379624899 1.392294381279041 1.6100822832889954 0.6201318449504913 0.23300001302091422 0.10366174865237728 0.027259859196351766 0.017921841005699435 0.010319264653515082 0.002595850623944754 0.0004441877626033344 751922818.6240023 nan
4630.6187 728.9719 254.9325 36.99377 13133.334 722.95917 141.55816621017536 2.9276201092928607 1.4393939636647701 1.2062371242791414 1.4788813414770912 1.6026065869353234 0.6596022053849915 0.2380183519087977 0.10220445751554161 0.03088701390438756 0.020086528175529587 0.010455534287772243 0.002667218615360967 0.0005307157117038321 751923121.8880011 nan
5038.941 699.4743 243.0772 39.302406 13942.858 780.10205 140.0353776718762 2.2153827501173815 1.3545939360423973 1.2281917981921557 1.4388294299204198 1.5247939934064965 0.6812282933454827 0.23770771017900263 0.09991027535450375 0.030605058087469484 0.02039160193827149 0.011597343402457886 0.002599271935913224 0.0005999390534630017 751923425.152 nan
4847.5747 695.67755 247.57703 43.05741 15300.001 861.2244 137.8700432700988 2.822421272001356 1.0745938425974406 1.3006836236127841 1.3505385536088248 1.5130148880066225 0.6469361071254778 0.233713944824568 0.0981203400127594 0.028987226877986303 0.01846951653638768 0.01000454307098926 0.002814510596382706 0.0005129637378563658 751923728.4159988 nan
4797.508 790.0116 261.5957 42.4733 15252.381 878.57135 139.30962499887218 3.103138943420474 1.5513939583870495 1.2994408948784275 1.3921385880647734 1.7972939501233385 0.7483289937272044 0.2376920457506804 0.09871416446140574 0.03182659469432255 0.021244558932453764 0.009247978044298617 0.0026371297199435646 0.0004566563751385244 751924032.5440018 nan
4991.099 774.2406 260.47076 41.777927 15357.144 851.53064 142.5762158670746 2.936494179095277 1.9528727015210823 1.5364706322706034 1.4706251825654082 1.740265968543735 0.7035529010528974 0.23718770554995938 0.10410046161796416 0.028927595249260696 0.021844234315032407 0.010284285835487628 0.0023851014516089626 0.0005673794622488215 751924335.8080006 nan
5071.2065 912.3831 291.27725 42.167336 14523.811 805.61224 147.41547571128345 2.700867812931427 2.0351272125280415 1.195372736909511 1.5776866833697882 1.779989583948077 0.6111879404215622 0.24500470506241107 0.10869110064476732 0.030087543191813313 0.02107921543757687 0.010912247745099255 0.002265315986755845 0.0006104656813149129 751924639.0719994 nan
5586.3374 1611.2732 481.2219 60.02448 14861.905 863.2653 143.16532959063284 2.167128647573735 2.27832723475216 1.4107301514151704 1.3520139089610346 1.8806746642690912 0.6927585812964157 0.24577645018862487 0.10161646759032292 0.03315526300478671 0.018548505221064278 0.011590685558824688 0.0022607235033024605 0.0006497412312265981 751924942.3359983 nan
5676.4575 1613.0256 498.0097 62.13841 14114.286 792.8571 144.07134011191908 2.1130677486480813 1.6487999684733432 1.566220570375288 1.4584866145518898 2.159928724731075 0.8184978180723248 0.24168924863327573 0.10456133228298166 0.03191159457101239 0.018105579708275817 0.011689550051421752 0.002195214068109681 0.0007628605921294162 751925245.5999972 nan
5819.9824 1606.0164 491.3465 64.33578 16323.81 930.61224 149.33878179601746 2.255288462696058 1.8383029386946053 1.5160694413509208 1.5344242287870364 2.4078930331410278 0.7947225027465574 0.24332411702287512 0.11222895378025798 0.03320311766061022 0.018945069428964397 0.009348844240920497 0.0026816423553845895 0.0005729447246704102 751925548.8640032 nan
5408.3223 1285.6307 395.5521 52.125057 15357.144 851.0204 143.417483400586 2.4330526837194455 1.6275393665977647 1.5404718301271962 1.7501437702904148 2.3431995326280606 0.8013673756428682 0.23513122056332567 0.1061589197809576 0.029722490511504274 0.01759196418312713 0.008434632735429154 0.002461488394592861 0.00047336260448243667 751925865.0879993 nan
