json/2021_148.ecsv
# %ECSV 1.0
# ---
# datatype:
# - {name: p1, datatype: float32}
# - {name: p3, datatype: float32}
# - {name: p5, datatype: float32}
# - {name: p7, datatype: float32}
# - {name: de1, datatype: float32}
# - {name: de4, datatype: float32}
# - {name: hrc_shield, datatype: float64}
# - {name: gp1, datatype: float64}
# - {name: gp2a, datatype: float64}
# - {name: gp2b, datatype: float64}
# - {name: gp3, datatype: float64}
# - {name: gp4, datatype: float64}
# - {name: gp5, datatype: float64}
# - {name: gp6, datatype: float64}
# - {name: gp7, datatype: float64}
# - {name: gp8a, datatype: float64}
# - {name: gp8b, datatype: float64}
# - {name: gp8c, datatype: float64}
# - {name: gp9, datatype: float64}
# - {name: gp10, datatype: float64}
# - {name: times, datatype: float64}
# - {name: fi_rate, datatype: float64}
# meta: !!omap
# - __serialized_columns__:
#     times:
#       __class__: cxotime.cxotime.CxoTime
#       format: secs
#       in_subfmt: '*'
#       out_subfmt: '*'
#       precision: 3
#       scale: utc
#       value: !astropy.table.SerializedColumn {name: times}
# schema: astropy-2.0
p1 p3 p5 p7 de1 de4 hrc_shield gp1 gp2a gp2b gp3 gp4 gp5 gp6 gp7 gp8a gp8b gp8c gp9 gp10 times fi_rate
[from data line 1670]
2286.3818 100.99298 11.05919 0.49037609 726.6667 32.15816 18.851852261957017 1.77224779897977 0.1483057719163657 0.11520220465290865 0.01034762234322322 0.013101375261683958 0.011853548623033675 0.0010044791924984384 0.0038912719463643506 0.0006304450152111249 0.002350318979659779 0.0009223335952498243 0.0005201427109582713 0.00033276669366295267 739057255.5520033 nan
2188.4736 101.75233 10.8688135 0.56964844 689.04767 33.42857 17.109911278832485 1.279267423564597 0.07805866037202774 0.032015289312997214 0.021367464033118903 0.02890344449823567 0.0049914284300853606 3.0306099134760857e-05 0.001541254465215395 0.0011684089773228883 0.001502875738410174 0.0006301063979259718 0.00040488782266363414 0.0003281080433225778 739057560.5440031 nan
2343.124 101.16822 10.989962 0.55045617 879.04767 32.734695 17.320425768435822 1.5144292904089511 0.2257839434197578 0.02946518214706477 0.010971047993928857 0.017788206085842112 0.007147277407885961 0.0005197427177272898 0.0016760089350482362 0.0007170559197554363 0.0026448551261795566 0.0006211616891960148 0.0005337240968577943 0.0004699090771097181 739057865.5360031 nan
2250.7788 104.43925 11.483212 0.5980196 697.1429 32.734695 17.589773039391254 1.1558549630336235 0.15061917219314694 0.14645060341475302 0.02151804992281048 0.01777403788199422 0.011942140180185622 0.0005222619240036333 0.00209509848682962 0.0008289634883877008 0.00137667910183145 0.0010360343908350966 0.0005354772874094202 0.00034725617868608887 739058171.392 nan
2347.5747 131.36682 12.668744 0.48397863 653.3334 32.035713 17.208097753166633 1.111205662364743 nan 0.029460987585481376 nan 0.03472051883767988 0.009853991192031687 1.2627323150993604e-05 0.0016986950335315728 0.0007112904004316108 0.0010952015105938325 0.0011288550879630555 0.0005476665859338445 0.0001655298769555831 739058476.3839998 nan
3149.7551 181.19157 13.836967 0.5646418 863.8096 35.34184 17.842468581430065 0.7717862367250484 0.006165351288050433 0.031853539890250776 0.0008808011464511632 0.011999736752496302 0.02094128857701809 0.0005261380858428377 0.002483715732920769 0.000706468119378692 0.0015798269834024637 0.0007288982602599193 0.0003694136435520901 0.00021973994245524976 739058781.3759998 nan
2691.3665 136.4778 11.015923 0.55073434 665.7143 35.357143 17.34777724543236 1.0857813804281682 0.14714303589628205 0.08482645814166058 0.020369394030421664 0.01728634939304746 0.0073182366027282775 0.0005261284082372033 0.001716402363644404 0.0005927379321110601 0.0016683987150943676 0.0008219890317694334 0.0003954750430111969 9.559715424512291e-05 739059087.2319967 nan
2269.6929 110.74766 10.695743 0.49844235 672.8572 35.964287 17.663281324969198 1.133543922698943 0.07002594595438799 0.033977383189542555 0.0008321739402116192 0.012210693901508494 0.00974906477185013 0.0005261223782326355 0.002211290682795705 0.0006200506779752053 0.0015758326549985796 0.0007326393677193191 0.00032169370649268956 0.00030287750477155675 739059392.2239965 nan
2274.1433 103.154205 11.163033 0.4366934 846.6667 35.081635 16.98858310467692 1.2731105126739388 nan 0.08284875205976554 0.009823121502930916 0.015987939776173094 0.011284754072400486 0.0006244490953922362 0.001107891876726471 0.0009262290328036747 0.001566625251496137 0.0008282124946527085 0.0005703735136600423 0.00025374472828329535 739059697.2159965 nan
2336.4487 101.86915 10.53998 0.44615045 804.28577 32.301018 17.528716018169337 1.027440568816426 nan 0.02945077882614555 0.0012237482510929487 0.0013282222541623663 0.005591984430826831 0.0014595191191773757 0.0016311208771449305 0.0007648494219834994 0.0014328379196149276 0.0008048225812940188 0.0005949908196541351 0.00033042394911417136 739060003.0720005 nan
2386.5154 101.28504 10.444791 0.51985985 695.23816 34.520405 17.128797617848004 1.1088263756501304 nan 0.02945362288446323 0.009429448127463252 0.012520197034401206 0.011644925695750376 0.0005943106481120503 0.0013404663429255651 0.00110866202373878 0.001083382067554337 0.0006614123901612029 0.0006756947266574878 0.0003486136518859003 739060308.0640005 nan
2174.01 104.96495 10.687089 0.4464286 718.5714 30.755102 17.669282753890663 0.8103369297741918 nan 0.03806468756959093 nan 0.01763614734808835 0.009914015332239515 0.0012061371048351088 0.0019496986364153977 0.0006447457835736765 0.00122741177577626 0.0009317450104390392 0.0006802338113900384 0.0003336201244687719 739060613.0560004 nan
2258.567 98.77336 10.721703 0.47952828 858.0953 32.82653 18.10234710592818 0.9206061635994977 nan 0.07858314627427905 0.0017954704656224702 0.016657779349354744 0.01076421065062513 0.0018428687747392648 0.0023775141580597795 0.0009680325762169127 0.0020192990222945894 0.0008630991855299331 0.0004572484493607017 0.00025287902819098786 739060918.9119972 nan
2389.853 100.58411 9.986155 0.40109035 706.19055 32.795918 18.037804773877887 0.9516595837593552 0.013830063032302647 0.04018787050426544 0.00885603735991328 0.012827551414139549 0.006525058575708688 0.0005261276761303079 0.002804125936057898 0.00104530425108404 0.001647062180524527 0.0005365215858776338 0.0004790595696680082 0.00029083413004365625 739061223.9039972 nan
2249.6663 92.11448 10.514019 0.3607588 807.6191 29.433674 18.101165228089485 0.7220273017530595 0.06073096489339243 0.07662104406209921 nan 0.015296256562191347 0.014821021449378016 0.0005261241901462408 0.002896641115670039 0.0008304044844111212 0.001122596667717069 0.0006623774221842697 0.00047168196974614726 0.0003239273258511994 739061528.895997 nan
2301.9583 102.16121 10.038075 0.3607588 1062.8573 35.872448 17.373944032234135 0.8977380167135419 nan 0.02945349998543115 nan 0.008413954075582987 0.013126697404077427 0.0006395962590486315 0.0017073097560374483 0.00043234889019955815 0.0012591191545263257 0.0008505421594489221 0.0005304305044026425 0.00035424428392997646 739061833.887997 nan
2316.4219 105.84112 10.53998 0.5980196 728.0953 34.127552 17.02214274247297 0.9089722517187495 nan 0.022523744252223088 nan 0.019017283446278507 0.000562384641762678 0.0009284988830054587 0.001049069015607525 0.0006834037607029213 0.0012976916352573319 0.0008343402676096195 0.0004280937234183081 0.0002641593346749487 739062139.744001 nan
2280.8188 95.67757 9.536172 0.56937027 695.7143 36.214287 17.05591084322232 0.5686661415414663 nan 0.007414119680412384 nan 0.022033710509034878 0.002992760768127031 0.0005261200713357699 0.0012604242940028715 0.000592737791921537 0.001649509737692176 0.0007001394148191569 0.0003976709611139943 0.0003896270902259866 739062444.7360009 nan
2186.2483 92.46494 8.722742 0.4111037 710.4762 27.709183 17.384008439322084 0.6190867173049668 nan 0.037345242034465646 nan 0.020787063571723163 0.004780352327654293 0.0003848703396342197 0.0018319856868179978 0.0005290838086595645 0.0016022731472839008 0.0011589411471654614 0.0005263693336874343 0.00035108775093743055 739062749.7280009 nan
2333.1108 100.87616 9.92558 0.3607588 865.23816 34.739796 17.11480587478922 0.7887908929798604 nan 0.041926103482149285 nan 0.022616364212089193 0.008911522370621382 0.00015152437443842481 0.0014972251395012261 0.000389787479439822 0.0017594153955737858 0.0009317449739682936 0.0005163468363925615 0.00026970406526006835 739063055.5839977 nan
2339.7864 105.549065 9.804431 0.41777927 771.90485 35.954082 17.37466523470428 0.6969667196342466 0.023095914686272787 0.008969029066661341 0.0032992580589197703 0.009458128082242046 0.014754063659418785 0.00036584719800393723 0.001816068755279037 0.000582534436034725 0.001669746195794425 0.0010894376118638998 0.0005418891857309851 0.00032186040581310034 739063360.5759976 nan
2209.6128 95.29789 9.631361 0.41777927 738.0953 32.045918 18.003239799483755 0.6292381773726186 0.05145634131944952 0.019982469940127263 0.0073505531643491395 0.011966067081313689 0.005548474724543273 nan 0.0029601301915770676 0.0009440977152180334 0.0009216062766443653 0.001249812437959789 0.0004917476886550443 0.00038666084493250215 739063665.5679976 nan
2346.462 101.48948 9.4236765 0.45087898 882.8572 30.999998 17.144688533131315 0.5316629576607621 0.02583757074140513 0.020069045355676107 nan 0.006008725632234855 0.006356400634048055 0.00017930011172812737 0.001535483637782789 0.0009026717538360384 0.0013585208187289646 0.0006518090077787163 0.0004406742651059213 0.0004628266271779635 739063971.4240016 nan
2270.8054 100.350464 9.094843 0.55045617 715.71436 32.90816 17.105964012467652 0.6317255252173699 0.04871534351379972 0.05888730828299993 0.00774258162675419 0.01973209392857752 0.009052384413433097 0.0003380606722791067 0.0014088608007051654 0.0005251371871069954 0.001969373237336344 0.000606619574358613 0.0004756217441522016 0.0003090816272814827 739064276.4160016 nan
2278.5938 104.147194 9.5707855 0.5173565 738.5715 32.122448 17.194272581107512 0.49633446336130915 nan 0.03685791703716636 0.01760949946805549 0.030103271291651336 0.014049121388346438 0.000590435876895563 0.0014430394055969028 0.0010072196606837032 0.0012307527804227263 0.0009838871416683159 0.0004622967408278984 0.00033327028391651496 739064581.4080014 nan
2377.6147 101.25584 10.4274845 0.54572767 815.71436 30.469385 17.294700355861128 0.5697124684224328 nan 0.011503206905087453 0.006598552815677235 0.03654455626519437 0.007692694938252537 0.000961667995680723 0.001458950635487525 0.0010261103416567112 0.0017467106309011465 0.0006842390056518371 0.00043995694262636425 0.0003156121506477351 739064886.4000014 nan
2255.2292 90.68341 9.536172 0.5590788 707.1429 30.387754 17.619966661721367 0.5840616072856781 nan 0.017363153386962538 0.008885325221068587 0.022149993911057705 0.005760553091614818 0.0004316717745741756 0.002184192110803888 0.000690003953067756 0.002085953346315043 0.0006211632182203468 0.00048344892858953077 0.0003196940703604755 739065192.2559983 nan
nan nan nan nan nan nan 17.85574204342035 0.5710275626016617 nan 0.02411553005319184 0.012787383058011354 0.009345595714383904 0.0061909550254205074 0.000836741574950295 0.0023938689915254416 0.0007812761207984416 0.0019697815048857394 0.0007483736952066243 0.0004396030302284432 0.0002992006690401856 739065492.064002 nan
2126.1682 100.17523 9.215992 0.6358478 724.7619 32.90816 17.637736250192678 0.5914900005860464 nan 0.05285630199944988 nan 0.007077880719670955 0.0057570850822981625 0.00041853726761013546 0.002217420702452305 0.0007355289192784108 0.0018892231631854545 0.0008258935390625776 0.0004946751299464969 0.00028289979526685956 739065730.528 nan
2334.2234 96.20326 9.094843 0.47479975 902.381 35.0051 16.996022768291805 0.5211070428332132 nan 0.029437874048606785 nan 0.011752332663454391 0.010081060080457302 0.0003444617392019358 0.0012322111505414701 0.0009591928327068093 0.0015973178319444769 0.0005722602582620196 0.0004088153538994741 0.0002844873383099409 739066034.656003 nan
2398.754 92.69859 9.631361 0.64558303 814.28577 32.739796 17.725010264939222 0.5521106282582087 0.01780345410811735 0.02943756409509586 nan 0.017272462529514147 0.010826639309256493 0.0013312100972124202 0.0019868591066728994 0.0012555078416120829 0.0016280529132783363 0.0010415319301665122 0.0004781979594196476 0.00031971392861655963 739066339.6480029 nan
2349.7998 96.17406 9.2765665 0.47452158 739.5238 34.127552 17.587342297815823 0.46002347240174934 0.05651504966224703 0.021946416796092317 0.0027543549170244244 0.030769599424563393 0.006560802179840797 0.00039227096475628886 0.002147789888389534 0.0007716058396316054 0.0016026161962592645 0.0007773658343179866 0.0006147443036013224 0.0002673086237487133 739066645.5039997 nan
2478.8608 100.087616 10.929388 0.56964844 984.76196 30.821428 17.18996307096252 0.5602426446046029 nan 0.007977460697194252 0.010826817800116453 0.01603321838152716 0.006074110642194769 nan 0.0016784834210920988 0.0011411696598608444 0.001969783741878936 0.0008756230944926648 0.0005614597100678597 0.0003673939093883919 739066950.4959997 nan
2561.1929 93.7792 10.3063345 0.41777927 739.5238 33.60204 17.454359543484127 0.6773250230434487 nan 0.03908475479459289 0.007275532902845999 0.011749977064027936 0.010341258122745093 0.00034512998709765736 0.0019537504576207236 0.0012319458809215097 0.0018405597993791385 0.0006567744826662356 0.00046267657580490443 0.0002672432239121474 739067267.584 nan
2500.0 98.77336 9.890966 0.51262796 708.5715 29.94898 17.80553922284876 0.3544505162745881 nan 0.03840466815789406 0.0037621853844379645 0.01583190985537004 0.009455503330629226 0.0010522294029941546 0.0022260649025074137 0.0008088167000711605 0.0017127305184960286 0.0006255651667415642 0.0005258592178111164 0.0002273200273179892 739067573.4399968 nan
2307.5212 100.5549 10.133265 0.55045617 773.3334 31.163265 17.261915272047002 0.587127764705294 nan 0.02143153495373098 0.010825321169119249 0.025634757366853434 0.005647977688608882 0.0006690541302788148 0.001525672579604143 0.0015733261697078763 0.0017187233457379367 0.0007528137838320789 0.0005657169931678487 0.0002851971397074665 739067878.4319967 nan
2474.4104 98.27686 9.77847 0.42723635 850.0 30.301022 17.026600341972568 0.5824486362846296 0.02885513384577569 0.047646697989463575 0.006702510463257163 0.027132134882821804 0.00898607707287723 0.00020034584247894652 0.0013387568959303037 0.0016031420084033799 0.0013928722899398131 0.0006605828160328935 0.0005210033315850108 0.00030855050581413444 739068183.4239967 nan
2463.2844 104.38083 10.098651 0.53182024 731.4286 34.132652 17.404302801155357 0.5777664306728927 0.04565900811404021 0.06450997643291198 0.004302066160186135 0.02582939926331305 0.010994979416942621 0.0005261162884744993 0.0018022185086974925 0.0014727187724787236 0.0017323990449574576 0.0007246851116542294 0.0004988884928562119 0.00039383255149972246 739068488.4159966 nan
2288.607 94.889015 10.3063345 0.51262796 720.0 33.433674 17.890047756775115 0.4991388067688758 nan 0.10543140379572287 0.00631108272319391 0.02691909819315246 0.007563313583129398 0.0003067450623499793 0.0026578419743738912 0.0008298314347666687 0.0016412563496378747 0.0006815212729556295 0.0003973161549033518 0.0003605704283297755 739068794.2720007 nan
2266.3552 94.59696 8.653514 0.5980196 887.14294 32.734695 17.774915821122853 0.509918532302383 nan 0.04999927874727539 nan 0.028587701197808724 0.004777595151972624 0.0004562454036244162 0.002419364568234093 0.0007784287242195042 0.001224577327764213 0.0005762724950753041 0.0003825621148860013 0.0003041559561140104 739069099.2640005 nan
2235.2026 91.41355 9.458291 0.5151313 768.0953 33.974487 17.62142901729032 0.5665200606713061 nan 0.013248189334851569 nan 0.027307703911920053 0.003702105467377958 0.0008153492542796117 0.0020354595078362755 0.0008180362878501679 0.0015464243184327487 0.00047102083246879567 0.0004768368854053295 0.00024607984376416223 739069404.2560004 nan
2153.9832 82.41822 8.740048 0.4366934 622.381 30.989796 17.801749477480538 0.4821441468275739 nan 0.015602167754794775 0.00508477149867679 0.02038002941285113 0.0068775150932381315 0.0002789662890686137 0.002530412368573031 0.0007813153563922797 0.002102628469127405 0.0007059017503694555 0.0004902207485833206 0.0002364465408018984 739069710.1119974 nan
2222.9639 84.22897 8.5661125 0.45588565 805.2381 27.515306 17.3963070699095 0.2701120769050149 0.03685390972049731 0.014312357927413847 0.005559304193660135 0.026351161168040114 0.008458328611906703 0.00076770652657724 0.0016956111121982243 0.0008233865091463347 0.0018367845949407537 0.0009849124028338046 0.0004910244921318646 0.000295394986878768 739070015.1039972 nan
2138.4067 81.62967 9.302527 0.49844235 796.19055 37.17347 17.457021783479604 0.4701379418587319 0.03765402892332384 0.029424984289800636 nan 0.03823112746082197 0.0047775906245814785 0.0007843738690304089 0.0017878562849030651 0.0007687605617728281 0.0015776205460258468 0.0008796637729235818 0.000568708113263264 0.00040006765470794513 739070320.0959972 nan
