json/2021_301.ecsv
# %ECSV 1.0
# ---
# datatype:
# - {name: p1, datatype: float32}
# - {name: p3, datatype: float32}
# - {name: p5, datatype: float32}
# - {name: p7, datatype: float32}
# - {name: de1, datatype: float32}
# - {name: de4, datatype: float32}
# - {name: hrc_shield, datatype: float64}
# - {name: gp1, datatype: float64}
# - {name: gp2a, datatype: float64}
# - {name: gp2b, datatype: float64}
# - {name: gp3, datatype: float64}
# - {name: gp4, datatype: float64}
# - {name: gp5, datatype: float64}
# - {name: gp6, datatype: float64}
# - {name: gp7, datatype: float64}
# - {name: gp8a, datatype: float64}
# - {name: gp8b, datatype: float64}
# - {name: gp8c, datatype: float64}
# - {name: gp9, datatype: float64}
# - {name: gp10, datatype: float64}
# - {name: times, datatype: float64}
# - {name: fi_rate, datatype: float64}
# meta: !!omap
# - comments: [idx = 572]
# - __serialized_columns__:
#     times:
#       __class__: cxotime.cxotime.CxoTime
#       format: secs
#       in_subfmt: '*'
#       out_subfmt: '*'
#       precision: 3
#       scale: utc
#       value: !astropy.table.SerializedColumn {name: times}
# schema: astropy-2.0
p1 p3 p5 p7 de1 de4 hrc_shield gp1 gp2a gp2b gp3 gp4 gp5 gp6 gp7 gp8a gp8b gp8c gp9 gp10 times fi_rate
[from data line 206]
nan nan nan nan nan nan 17.519881381669514 0.25277242931539523 0.009657432341612315 nan 0.0013797513581223584 0.030778441864487457 0.02864463595099846 nan 0.002178354209202194 0.0005474434611878428 0.001121009445747028 0.0006983163133869011 0.00034706259873280826 0.0001513812802728226 751715430.9759982 nan
nan nan nan nan nan nan 16.996466251622557 0.22127983521239294 nan 0.025679236394748256 0.009446585074944286 0.009640869793627969 0.0144019482473796 nan 0.001366332616325648 0.0005927398956373636 0.0014269071587372033 0.0009955131274166492 0.00020544114119356048 0.00021507354320472353 751715730.784002 nan
nan nan nan nan nan nan 17.504863628609186 0.1537281839604685 nan 0.003788276443040507 0.0013935880006894687 0.021244930068964833 0.007787374095853963 nan 0.002173050025711481 0.001005928281145141 0.001992252971489001 0.0007646387595207973 0.00028606888367350226 0.00018983559632784443 751716030.5919987 nan
nan nan nan nan nan nan 16.776874596309238 0.14444109217728746 nan nan nan 0.01324279510721114 0.009261048459259567 nan 0.0010249257975169478 0.0007562409767351431 0.0017241105211711764 0.0007246834560646719 0.00033036456541791923 0.00013081616582414 751716331.2639995 nan
nan nan nan nan nan nan 17.366138130333884 0.14444234145806248 nan 0.025707507252711436 nan 0.027151965475498807 0.02626004279873594 nan 0.0019382552859620009 0.0005043135629872078 0.0018462599753346267 0.0006343110709978754 0.00023236361080531786 0.00026625202015457736 751716631.0720034 nan
nan nan nan nan nan nan 17.343511446883632 0.11294333383216368 nan 0.029450044250697725 nan 0.029393076112028158 0.012005619601808466 nan 0.001915154160174462 0.0010946552044677374 0.001785379773216144 0.0005308522921110114 0.00034883028058079455 0.0003407581328115015 751716930.88 nan
nan nan nan nan nan nan 17.68018792026765 0.20277708139211675 0.06610299553015678 0.00377905589732817 nan 0.02426974897684422 0.02206855635178895 0.0009172483701224616 0.002071268447403001 0.0009788011478682386 0.0016869532553577685 0.00042738931193601106 0.000295139862212227 0.00022348719954645745 751717230.6879967 nan
nan nan nan nan nan nan 17.028356895087494 0.24823599963108653 0.009561153556901639 nan 0.009467506343285505 0.01837781008234744 0.013462018422402309 0.0005924802242490029 0.0011813686455836034 0.0008447778417103795 0.0015882423714938293 0.0008664772683085675 0.00034288754611751324 0.00011546036323226674 751717531.3599975 nan
nan nan nan nan nan nan 17.159396818100006 0.2527940524090376 nan nan 0.0013728057158089706 0.022770599949330242 0.011955133440498764 0.0005261393861655628 0.0014155551507339741 0.0005192592506297765 0.002177886062211331 0.00047970062601745397 0.0003951526157444861 0.00015625682990524196 751717831.1680014 nan
nan nan nan nan nan nan 17.427938932192447 0.18976731434425562 nan nan nan 0.03377664737127586 0.01612836253713774 0.0005261303931366155 0.0018349305031080722 0.0003707406299204119 0.001405795336864254 0.0004141075137613251 0.0003139190950379955 0.00011036840056199976 751718130.975998 nan
nan nan nan nan nan nan 17.80702391514899 0.14908451633568692 nan nan nan 0.014768379436243071 0.010482648399584758 0.0009849300492751488 0.0022543103413865785 0.0005623960516260833 0.0010227104111515482 0.0005043826583757867 0.0003157225868275463 0.00029923359815855804 751718430.784002 nan
nan nan nan nan nan nan 16.705454451018106 0.23887068329594469 nan nan nan 0.011758449004846062 0.024149391695478997 0.00013536491280900515 0.0008453876663656692 0.0006960382744684306 0.0016714458021734003 0.00033721502698549693 0.00034701963195733456 0.00032810651479849473 751718730.5919986 nan
nan nan nan nan nan nan 17.113513004627208 0.3159128673905447 nan 0.025729424097056072 nan 0.006622140548205772 0.020036124614254476 0.00045962722445747604 0.0013626584788640286 0.0007112848735232603 0.0015146806417751485 0.000581901174764771 0.000380553296083391 0.0001489601959890213 751719031.2639995 nan
nan nan nan nan nan nan 17.542605972731074 0.19894203982314942 nan 0.0037416045869509973 0.009459143788806386 0.026410752137050124 0.012867716290241549 6.683955788635079e-05 0.0022014091030503943 0.00019384943045491797 0.0014773387434616544 0.0008019113986585909 0.0003117614254185756 0.00017674463886424276 751719331.0720032 nan
nan nan nan nan nan nan 17.5940466124884 0.27511806135273775 nan nan 0.0013835037856145798 0.008882748028087271 0.014043074482892211 nan 0.0023080383566411906 0.00042878410230186596 0.0011336837033276575 0.00046698123646856006 0.00033032035185673905 0.0003455553436846942 751719630.88 nan
nan nan nan nan nan nan 17.35956699204712 0.2259921320026974 nan nan 0.018891281797172515 0.016131073008720832 0.010179598423319464 0.00045862547313320074 0.0017593487677907197 0.0006808609771676991 0.0017701863180377714 0.0005945905151547594 0.0003929258000141088 0.00015461705034507394 751719930.6879966 nan
nan nan nan nan nan nan 17.20979448552503 0.2798668473794747 nan 0.0257434029536892 0.0027324396539549246 0.007363205607485622 0.011656254058294107 0.0005261382884964543 0.0014952118608251314 0.0007112866359602582 0.0022155845884699165 0.0004402091384785937 0.00028454998328782545 0.0002664087362920686 751720231.3599975 nan
nan nan nan nan nan nan 16.84294641203314 0.257436493779238 nan 0.029458545895182577 nan 0.02128590395161587 0.009869375124390619 0.0009856285675288858 0.0007358255969540092 0.0009183338098512447 0.002093233685624646 0.0005045144401858672 0.0002822854113841585 0.00012592080922554238 751720531.1680013 nan
nan nan nan nan nan nan 17.37001399321945 0.31590050285711047 0.06618958082734817 0.0037518619411548854 nan 0.02865323265759116 0.0033054385093369996 0.00013402148965048705 0.0019111696339211162 0.0007414838901721855 0.001896375937924992 0.0005176325039065074 0.00035739974624054516 0.00026358829587625995 751720830.975998 nan
nan nan nan nan nan nan 17.810815630095412 0.3880947381251726 0.07584975648205686 nan nan 0.014018577140753552 0.016989585541968118 0.0004587905261577645 0.0024641586996678407 0.0006079112664891965 0.0013560025907440906 0.0010592818429326916 0.0003388780364850303 0.00023344713435067887 751721130.784002 nan
nan nan nan nan nan nan 17.631149648260585 0.3973528110235307 0.009757311959212561 0.025670047875248486 nan 0.011760751827967432 0.019132656292057106 6.768212734930721e-05 0.0023350465188431493 0.0011092216356662823 0.0019669174485962247 0.0007779548115856289 0.00043663755615193535 0.0001719666105912078 751721430.5919986 nan
nan nan nan nan nan nan 17.823411096723852 0.4604676542402937 0.0662655751452133 0.029459422946093362 0.009468049748492158 0.01689815215147831 0.00868657898558095 0.0013789162356262143 0.002124751735050603 0.0006676578519560461 0.0017241121859102812 0.0005438062120626814 0.0002617061548252408 0.0002177973738755845 751721731.2639995 nan
nan nan nan nan nan nan 17.164749215641436 0.5326743291368023 0.009636421669797307 0.0037425187568146147 0.01083663601106484 0.033042978622455504 0.017614137800815777 0.00020052369974462702 0.001548724496013188 0.0006962243570737232 0.0018462701866628 0.0006983821247842141 0.0003364468513758574 0.0002076711892525244 751722031.0720032 nan
nan nan nan nan nan nan 17.179948804896306 0.5418672458454956 nan nan 0.0013835969172900139 0.025024865539365483 0.019133663752581895 0.0013769010052457292 0.0011026919963031123 0.0008146982732353521 0.0020431214044452114 0.00036345235636908507 0.0003513230881344499 0.000133513793235598 751722330.88 nan
nan nan nan nan nan nan 17.428185014713176 0.5733519119972946 nan nan nan 0.008144402954749348 0.017048998923518303 0.0006611795230052183 0.0017807077749004546 0.0006231606117628598 0.001639023929780812 0.0004910626660948474 0.0004388214471992583 0.0003196684564890353 751722630.6879966 nan
nan nan nan nan nan nan 17.814694307213102 0.42015196358676926 nan nan nan 0.021299190070987364 0.023013257774924457 0.0014457763331133051 0.0020717773516608783 0.0009035445688602217 0.0017479675983050889 0.00042716003810728366 0.00037860065492874485 0.00024108718216150367 751722931.3599975 nan
nan nan nan nan nan nan 17.16322840864828 0.3342857618623285 nan nan 0.009463846195062683 0.028659217157441224 0.01556304474619236 0.0006595002896644851 0.0013652886216605925 0.0012589572563110126 0.0016007841031721337 0.000233291415920129 0.0003242239154631079 0.00026138907659717695 751723231.1680013 nan
nan nan nan nan nan nan 17.407669997824915 0.3566386323750495 0.06619959366020868 nan 0.0013802165487639892 0.01913948859366852 0.010176114835486864 0.0005261447683552158 0.001808232208288504 0.0010971253277538718 0.0014039290599458859 0.0006587605234110604 0.00036166212149272566 0.0001950076682829659 751723530.975998 nan
nan nan nan nan nan nan 18.043340853468482 0.3927267535908122 0.07586022821487125 nan 0.009449900142470677 0.017641374710365428 0.017908365887276324 0.0014437319750760925 0.002437279108726348 0.0008601794656219105 0.0014647259391986874 0.0007246850909723355 0.0002659356902970866 0.00014879623811577675 751723830.7840018 nan
nan nan nan nan nan nan 17.198685550619313 0.36587576636664515 0.009758640113729095 nan 0.0013940770541379013 0.017641863023161092 0.014964848589963296 0.0006615026409476205 0.0014208742478109143 0.000519938946803933 0.0013915240955603217 0.0003638536223321921 0.0002946778450909419 0.0001614154039834016 751724130.5919986 nan
nan nan nan nan nan nan 17.064807889746376 0.266544751926154 nan 0.051468204609795266 0.009466457496908397 0.03305174485552354 0.020616874670596884 0.0005261374678411784 0.0012589244595801628 0.00047419242059731085 0.0013788524654955929 0.0005819043238577149 0.000301134810115398 0.00023571215738036065 751724431.2639993 nan
nan nan nan nan nan nan 17.52561228614911 0.2528495680820764 nan 0.007484569798815281 0.0013766239257866943 0.019881795255753447 0.013173060605800039 0.000985446543535363 0.001808419182499925 0.0005776765330241387 0.001292869273778677 0.0006211626383083216 0.0003887603544520151 0.00021027750741674825 751724731.0720032 nan
nan nan nan nan nan nan 17.8226361206351 0.2843739794026975 nan 0.02569794061157764 nan 0.03816032601534611 0.007785498087360614 0.0010522865987877606 0.0022544450375297453 0.0005927384171263827 0.0017958443667325263 0.0011630135987825427 0.0002263888786841991 0.0002587316256391262 751725030.8799999 nan
nan nan nan nan nan nan 17.62422956828853 0.3519726155544232 0.06612608149623243 0.003780218304479898 0.00944661285708051 0.030912301903746248 0.007175221016508705 0.0005936541171612331 0.002125132965999318 0.00090274453419822 0.0016137425200125413 0.0006106252756237139 0.00028825491013601673 0.0001593347836191428 751725330.6879966 nan
nan nan nan nan nan nan 17.00924347731145 0.2981078488644123 0.009564492751226006 0.02574616734542701 0.0013663604155998987 0.02426370953812503 0.009264802268926115 0.0005261451853947898 0.001181378274238868 0.001155579700171309 0.001059399555053539 0.00024620898414594674 0.00038885697106237014 0.00010770409115762889 751725631.3599974 nan
nan nan nan nan nan nan 17.974480479112476 0.3205406269294434 nan 0.0037332413137432137 nan 0.008115998326275487 0.013744468114478527 0.0009856152867961081 0.002514967424238125 0.0009784244056106374 0.0015869529982150319 0.00038786876720269 0.00025541524284185995 0.0002637055542573369 751725931.1680013 nan
nan nan nan nan nan nan 17.428173797993228 0.451238305008634 nan nan nan 0.01614488887204079 0.012263853080005544 0.0010522860998026012 0.0016290936510679947 0.0005345844058620413 0.0015883695487305853 0.000775474372519302 0.0003364092066228836 0.00023340904324989752 751726230.9759979 nan
nan nan nan nan nan nan 16.744588113041125 0.46964448061771075 nan nan nan 0.04841242038886243 0.009873809147500209 0.00013469257920568402 0.0009198663058848516 0.0008876813627912777 0.002348768268244911 0.0006476631502891459 0.0003221478891899087 0.00017192816161827425 751726530.7840018 nan
nan nan nan nan nan nan 16.88899288306055 0.280754178742231 nan nan 0.009443046733999247 0.03243010250258161 0.0053990729336019705 nan 0.0012049482208793315 0.0007417855638170796 0.001260756536276045 0.0008015795868033654 0.0004053307781915153 0.0002533961745982841 751726830.5919985 nan
nan nan nan nan nan nan 17.393009070579872 0.37911069682077947 nan nan 0.0013698140096533896 0.03454200968690817 0.013141573681445983 nan 0.0019921299469677902 0.0009184126628640668 0.001771706155940093 0.0009186576157343461 0.0003305521545347345 0.000284502001977184 751727131.2639993 nan
nan nan nan nan nan nan 17.343469134181525 0.33431855073731154 nan nan 0.009461227909824423 0.019883974302615695 0.012263203253618033 0.0004593041040778718 0.0017318853647297601 0.000327454940497983 0.0017853220586740261 0.0005702447819735903 0.0004346984747243764 0.0002512914604107105 751727431.0720031 nan
nan nan nan nan nan nan 16.86407145589298 0.26210863672756607 nan nan 0.0013838086161656604 0.03816394870532807 0.01613187384802504 6.717827566580652e-05 0.0011294818469479821 0.0006507396952774949 0.0015150685831675024 0.0005176316276265451 0.0002473908249153478 0.00021030385791248564 751727730.8799999 nan
nan nan nan nan nan nan 16.91097796968344 0.3788450944566638 nan nan nan 0.0257882486030546 0.014657733598756644 0.0013758907880608944 0.0006833136610987504 0.0005046153446062694 0.0015631925686589527 0.0006078747335493258 0.00042164886629342637 0.00022294214417462033 751728030.6879965 nan
nan nan nan nan nan nan 17.160889389092105 0.5552749674241425 nan nan 0.009471867547057892 0.023525335588481605 0.014351506542000117 0.0006588153965624465 0.0013629428450165405 0.0003705898136103267 0.0014897553819419537 0.0009830582305750365 0.00024701590527193636 0.00022557321736258316 751728331.3599974 nan
nan nan nan nan nan nan 17.312110416793413 0.451853886664406 nan 0.02572957974496399 0.0013734381032546508 0.023525593660306682 0.01644076373050947 6.667274117162423e-05 0.001835223393542858 0.0008732695714554605 0.0019073828243455614 0.0005832299869814787 0.0002905351631234922 0.00035092948810672343 751728631.1680013 nan
nan nan nan nan nan nan 17.09427263876862 0.5281286413678967 nan 0.0037524269874618134 0.009458191281736684 0.0132612499570304 0.012568914629387695 0.0004591353315198726 0.0013391153357793914 0.0005345824817714554 0.0015400584026546466 0.00042729390166021375 0.0005201204625312637 0.00024385505052104898 751728930.9759979 nan
nan nan nan nan nan nan 18.220257891390485 0.19538200802410932 0.06615682335526563 0.025693451537951023 0.01083898101933568 0.0066344772612326255 0.009874057192170816 0.0005261492506179193 0.0030885953037197694 0.0009910588559581598 0.0014773382808925658 0.0002335571423372625 0.00034784343410553214 0.00018980966226775665 751729230.7840018 nan
nan nan nan nan nan nan 17.580496779433478 0.42786490409395644 0.00975964912947802 0.0037903735278983983 0.020284324837457166 0.005881659631413518 0.013737419902361743 0.0005261523733315548 0.002077355602253435 0.0009636290619497767 0.0016489763176975444 0.0003874726679152338 0.00041990852269151765 0.00018455968621310795 751729530.5919985 nan
nan nan nan nan nan nan 17.463243233482117 0.6590993514082165 0.06628591520004927 nan 0.01221041380586686 0.031573385696112066 0.018532466745283215 0.0005261527462607773 0.001888422193405841 0.0007412556738783946 0.0020184779940147788 0.0005949892194983392 0.00040574276557204115 0.00023830357085753812 751729831.2639993 nan
nan nan nan nan nan nan 17.231160130765304 0.4026319358491488 0.009639379580194299 nan 0.001377171137939866 0.014752701537725826 0.019138047086900003 6.684243942896583e-05 0.001705258342197093 0.0007112885186325143 0.0021542527055889347 0.00035003469370975857 0.0003869104587459101 0.00021027813150104011 751730131.0720031 nan
