json/2022_203.ecsv
# %ECSV 1.0
# ---
# datatype:
# - {name: p1, datatype: float32}
# - {name: p3, datatype: float32}
# - {name: p5, datatype: float32}
# - {name: p7, datatype: float32}
# - {name: de1, datatype: float32}
# - {name: de4, datatype: float32}
# - {name: hrc_shield, datatype: float64}
# - {name: gp1, datatype: float64}
# - {name: gp2a, datatype: float64}
# - {name: gp2b, datatype: float64}
# - {name: gp3, datatype: float64}
# - {name: gp4, datatype: float64}
# - {name: gp5, datatype: float64}
# - {name: gp6, datatype: float64}
# - {name: gp7, datatype: float64}
# - {name: gp8a, datatype: float64}
# - {name: gp8b, datatype: float64}
# - {name: gp8c, datatype: float64}
# - {name: gp9, datatype: float64}
# - {name: gp10, datatype: float64}
# - {name: times, datatype: float64}
# - {name: fi_rate, datatype: float64}
# meta: !!omap
# - __serialized_columns__:
#     times:
#       __class__: cxotime.cxotime.CxoTime
#       format: secs
#       in_subfmt: '*'
#       out_subfmt: '*'
#       precision: 3
#       scale: utc
#       value: !astropy.table.SerializedColumn {name: times}
# schema: astropy-2.0
p1 p3 p5 p7 de1 de4 hrc_shield gp1 gp2a gp2b gp3 gp4 gp5 gp6 gp7 gp8a gp8b gp8c gp9 gp10 times fi_rate
[from data line 86]
81252.78 18230.14 1652.821 42.556744 1125.2382 22.678572 17.314479142247418 48.067370643622 7.946929767416371 1.4182295987904299 0.01190003037719813 0.017618689301306376 0.01480673459693135 0.0010522208211842217 0.001447774689062822 0.0005095743623046375 0.0014180265185566962 0.0005073211118872027 0.00023587551988083378 0.00012915963487023066 774943899.0399969 3.5312
80930.13 17885.514 1602.6306 40.665333 911.42865 24.239796 17.165735078122328 49.568050136048505 8.675334393707233 1.2336246094203587 0.02164592030632783 0.01625437725941473 0.01855350010370347 0.0009299905186173421 0.0012588492864234135 0.0008160496420685796 0.0017384486122242948 0.0004501775138604054 0.00023539397264079533 0.00017502918588676515 774944204.0319968 3.7134
83589.23 18203.854 1618.207 40.80441 885.2381 23.367346 16.92748360742898 50.54606207645698 9.427703677093522 1.380497313070704 0.023052055472047223 0.008162039643669648 0.013090001442589353 6.835147957326692e-05 0.0012315866909382103 0.0007728817527651065 0.001438925066095948 0.000670872765436488 0.0001301472797757907 9.720590657084513e-05 774944508.1599997 3.6346
86982.64 18933.994 1675.3203 42.556744 937.6191 20.234694 16.89833087721554 53.24393749232907 8.4811426990933 0.9654340288964075 0.034492125232151206 0.02458977125430996 0.005670003648868887 0.0005261060296834334 0.001009832570663942 0.0009860707323232232 0.0012002560924191006 0.00036861516499078864 0.00022998716903436872 6.535096190945152e-05 774944825.248 3.4564
84846.46 18349.883 1619.0724 41.49978 877.61914 22.5 16.792454730773766 51.815070930762765 7.973372106089199 0.9295701551634873 0.03448327422923099 0.024584666900784834 0.010040840752726505 0.0006331860945183205 0.0007965377647673451 0.00011854424335069778 0.0012402452423376697 0.0005579407896461936 0.0002707797962388243 9.037197239344087e-05 774945130.24 3.5082
78771.695 16512.85 1429.5604 38.356697 843.3334 22.32653 16.822986704597874 50.66237375356968 8.770328119112047 1.0122201479438162 0.004765657697864667 0.008459036945427083 0.012468843372520879 0.0011680453058650958 0.0006294245393291936 0.0003273362437829883 0.0011050440418594494 0.00037895167899418275 0.00021748228095930277 0.00012755239695651886 774945435.2319999 3.4976
79027.59 16784.463 1455.521 37.16066 929.52386 21.97449 17.145858589600998 52.077048516926155 9.508725508555695 1.436683541661119 0.024177951344322494 0.017618956895893035 0.014331482832202397 0.0015783231871319124 0.0009729725879468622 0.0008727960755610725 0.0010896955945741587 0.0005727147428657643 0.00022922218785070578 0.00013395022766427895 774945739.3600029 3.5381
76546.51 16466.121 1425.2336 37.49444 901.90485 24.071428 17.626239065593836 48.83810554042662 9.961599254967362 1.346091543120037 0.029757052558780535 0.014675792941694462 0.013732881109596706 0.0011828592330120516 0.001887803192311718 0.00035590131694799025 0.0008619321375867085 0.0004919159608119944 0.0002676714237531862 0.00011280868342922591 774946044.3520027 3.5006
66533.16 14500.583 1290.2389 33.989765 830.4762 21.62755 16.966996230260616 47.30771117272907 8.689144928586158 1.2674719176143519 0.03495874943284079 0.00948498623578531 0.010473672271370402 nan 0.0013233642030209016 0.0006748142732312362 0.0008713517341437047 0.0006291661692011439 0.00025738104699430037 0.00018138046312998402 774946361.440003 3.5358
74187.805 15917.056 1401.0038 35.57521 792.8572 21.102041 17.05780986475493 45.34895160570906 8.317415888071 0.8651910343841444 0.0473955433169103 0.015714914576914207 0.007939903458746799 nan 0.0014686558517132467 0.0005927262845034775 0.0008089817406162873 0.00034698259090817853 0.0002613268624691129 0.0002466395425236768 774946666.4320029 3.5321
86548.734 18355.723 1563.6898 39.96996 989.52386 27.55612 17.059612870728486 44.202976316483166 6.960556460598754 0.7657685500765363 0.010822960575751495 0.009761197412462081 0.011168448232001105 nan 0.001468655160206246 0.0004725511648833011 0.001341473153192592 0.00020704991112325072 0.0003008994070865963 0.00020506344757905093 774946970.5599988 3.5419
80218.07 17023.95 1465.0399 37.605698 844.76196 26.510202 17.060857545073972 42.88135113285089 6.465838085424052 0.9660984790517047 0.026172589826407702 0.003790593251082052 0.013484461105049092 0.00018653915134608703 0.0013942652965820833 0.0004472466309914138 0.0008989287379226249 0.0004272832026143808 0.00023208018822063633 0.00017598014347720793 774947275.5519986 3.4604000000000004
75200.27 15803.152 1368.9858 35.463955 874.28577 21.280613 16.959050898723106 44.0620398611532 7.890232952234621 1.0197537557611274 0.04608094807803306 0.0021801290465332207 0.008396432064173731 0.0005261121485091578 0.0011030853944048037 0.0006978036577910783 0.0014631281258007704 0.0007513394134318085 0.00015487371897385385 0.0001687090811504953 774947580.5439986 3.5808999999999997
98653.766 20911.215 1765.3168 44.615047 973.3333 20.229591 17.132122660352938 43.70432200627918 7.717753078964284 0.8281381917142173 0.02320316365959209 0.010903617236754287 0.005457403717133189 0.0003008497041964873 0.0014680568854406337 0.0005249375846360211 0.0014354253231343215 0.0006654720996953636 0.00015532337070838713 0.00027241523636601484 774947897.6319989 nan
93591.46 19602.803 1660.6091 42.4733 935.71436 25.459185 17.297643541151867 42.948919004020084 7.974243862793067 0.833739621564664 0.015610474550257979 0.012431381089636031 0.010613634884166915 0.0004650150044476224 0.0016588711448171567 0.0005927288529528552 0.00102840075414543 0.0006331726990010008 0.00017662995403214783 0.00024415894248006113 774948201.7600018 nan
81441.92 17044.39 1448.5981 36.93814 900.47626 22.15306 16.92793186541771 41.07265265589639 7.701649968558126 0.7617986737599622 0.021658320428155284 0.011267815990511543 0.014144996397605431 0.0008110084156680108 0.0009355082012772558 0.0005383671333956063 0.0011736866139665273 0.0006600413377679678 0.0002133226761113672 0.0001358403160257496 774948506.7520018 nan
79850.914 16401.867 1381.9661 33.79506 945.7143 24.591835 16.991469533996245 41.78198452131394 7.66549565804253 0.5902201777863993 0.026800719922052497 0.009254258170983192 0.014460144608615107 0.0005261359819085518 0.0011488102447753067 0.00041784646195968723 0.0012803338115191026 0.0008773949552155766 0.0002517709819834272 8.304268739742955e-05 774948811.7440016 nan
78382.29 16048.48 1323.1222 34.184467 924.76196 21.80102 17.058541106693927 48.37094579291084 9.333864140985673 0.961955930060733 0.03247635435426559 nan 0.009608912220862555 0.0007833593602509986 0.0011562679954594153 0.00035563392238143035 0.0012803342035477038 0.000779865990999321 0.00020967173824114636 5.14923572958431e-05 774949115.8719975 nan
80462.84 16471.96 1383.6968 35.130177 854.7619 22.84694 16.76789528352193 58.7697593940616 11.080812563397435 1.3834836002000486 0.026573940794251585 0.009623881304668106 0.00977929197880978 0.0004777907748997921 0.0008199842136745419 0.0004850680019005692 0.001334101135462938 0.0006776654045727766 0.00017489110546417853 0.00011937630265988068 774949432.9599978 nan
85781.04 17619.742 1450.3289 36.18714 910.00006 20.581633 16.75130476758658 62.517410423208794 11.344541327677927 1.2680000108787095 0.02776443002881388 0.007711515921410825 0.010606522066267034 0.00029600671490248717 0.0008655389381085532 0.0005260373211358114 0.0014342267925002022 0.0004917172015924232 0.0001578832344382889 0.00019609301480278646 774949737.9519976 nan
86582.11 17780.373 1478.0201 37.244106 994.76196 22.15306 16.84999748444523 59.61098544756409 9.919684333110178 1.2978231201189918 0.03251869194195924 0.003405962834595096 0.012335817556192785 0.0002214157240961914 0.0010492066272477993 0.0006801665970942444 0.0013061810597646704 0.00037053667996745266 0.000237772368886066 0.00015755446749573046 774950042.9439976 3.4791000000000003
85491.77 17397.78 1437.3486 35.074543 841.4286 22.84694 16.949226826979235 57.52508658648594 8.761939072174414 1.2105841596853633 0.03253091996071378 0.012857912620473273 0.007262188748974561 nan 0.0012981974383285502 0.00047835554072596376 0.0010066585002198314 0.00041410076040847055 0.0003011303935545583 0.000147357413987625 774950347.0720005 3.6395999999999997
89919.9 18113.316 1451.1942 36.687805 849.52386 26.683674 17.05800529450594 54.92572084666642 8.53410824525757 1.0551520288930853 0.012701418665265595 0.014068286879993362 0.008233586000797613 0.0009624528614327646 0.0010852877096210738 0.0005984228321954288 0.0009464352527815264 0.0002878841169074597 0.00021954461378158655 0.00013905005242035448 774950652.0640005 3.6248000000000005
87138.41 17581.775 1437.3486 36.048065 957.1429 21.454082 17.32389562629426 53.83163920787724 8.201046210249638 0.9928633806269236 0.007230904659844676 0.003926593980344258 0.007183584439675623 0.0008772066822629923 0.0015390383161140596 0.000513749633421379 0.001247475937371923 0.0005520819209050866 0.00018959791052964358 0.00015037652894141936 774950969.1520008 3.5773
90987.984 18510.514 1484.0775 35.90899 852.8572 22.147959 17.276671467565112 50.94966201427492 7.013790615425914 0.9532131350913614 0.010855695065425483 0.02816310889303613 0.009698532854151115 0.0005262860034237717 0.0016022294834551372 0.0006795996746424613 0.001042400736383031 0.0005124953765317699 0.00020075472775715828 0.00012202181603198133 774951274.1440006 3.6628
90264.8 18145.443 1453.7903 35.519585 866.1905 24.938774 17.472128523431866 42.998451777806736 7.328412236766361 1.0469839810015054 0.018421935886112982 0.033015917292305436 0.01197708287361144 0.0008932227543063029 0.0017619563981375965 0.0002514692684752079 0.0010236809343958932 0.00048625643054542615 0.00025905420177126413 0.00010253249734659997 774951578.2719965 3.5639
77002.67 16258.762 1385.4276 35.547398 921.4286 20.755102 17.305187816508774 49.064211037285645 8.594743926977248 0.7548130950748639 0.044939745568236336 0.016840638148074877 0.006848027647892364 0.0006771195240140564 0.001589572316710105 0.0006767577565963695 0.0016456171301859612 0.00029599948458420764 0.00022471150607725128 8.789899836706311e-05 774951883.2640035 3.7022000000000004
76824.66 15960.863 1337.8333 34.406986 944.28577 24.42347 16.706112420002167 44.2624955407111 7.910181365832978 0.6195826045238733 0.03048521336307352 0.01608340350651802 0.010036687022139517 0.00014199074410440238 0.0008562034182613322 0.001034937096913921 0.0013678320736993767 0.00035825119209560816 0.00022518827310452177 0.00015689916277701756 774952188.2560035 3.6257
84345.79 17137.85 1415.7148 35.04673 768.5715 24.066326 16.316691039122897 43.0320287309849 7.343532833096256 0.8984948342421386 0.004618072564352392 0.01767267450632286 0.010092126579730364 nan 0.0002992506809917256 0.0006936390119026712 0.0009492688937641218 0.0004141041063576671 0.00018153601234286294 0.00020070058702701773 774952505.3439965 3.5775
83477.97 17815.42 1471.9626 36.326214 773.3334 23.719387 16.47303008217536 41.85776983721961 8.452759842006763 1.2577114378470169 0.03479060407047308 0.012955282483599579 0.009583775222998591 0.00042159261969227724 0.00037803241848782994 0.0006876873920804707 0.0011230492261076644 0.0004141046205404538 0.0002476941701934415 0.00023791478513563499 774952809.4719995 3.6183
73898.53 15546.144 1308.4113 32.849358 1010.9524 19.709183 17.180481873071173 54.83788968489089 10.54124331462694 1.3038533280293356 0.06118453128865628 0.01178222702437979 0.011541789491564276 0.0013869283251463362 0.0011062177637340598 0.0006143584126870374 0.0012623817839762734 0.0008373132111182343 0.00018560450633213244 0.0001622473421636985 774953114.4639994 3.6618
66789.055 14129.672 1198.5116 30.318201 805.71436 19.188776 16.666504193244037 56.0531800029392 9.422788200098928 0.8800947852527474 0.05608534273100749 0.03144667885411224 0.02397388621770649 0.0007007786863799984 0.0005589353997875366 0.0009883181157112927 0.0016911567102246032 0.0008453659734215324 0.00026498980936134203 0.0001264372918769076 774953419.4559994 3.5044
64797.51 13592.289 1167.3589 30.985762 901.90485 22.321428 16.64082943254541 43.641679665760776 7.053151390581792 0.9228399377027601 0.026580577647981274 0.010286550505679157 0.012089381435679093 0.0005263946337797032 0.000598417386447757 0.00046170698238136667 0.0015213860213049073 0.0005639476698194054 0.00024169880324987988 0.00012303912886181588 774953724.4479992 3.565
59735.207 12207.943 1043.6138 27.347574 910.00006 23.198978 17.384137352461984 42.12060339170258 8.41159852474718 1.1052705585865572 0.011898245472770203 0.005895065115634876 0.011759537246178052 5.003017128008013e-05 0.0019594393721776822 0.0004629226570368843 0.0010316836571092624 0.00042394235062301393 0.000249353640434172 0.0001230396367054738 774954040.6720026 3.5724
68380.06 14296.145 1221.8761 30.902313 851.4286 22.84694 17.09175417690958 48.718488001847106 10.413124977273082 0.904367331291454 0.010861294415327138 0.005894459781113404 0.011985832544435873 nan 0.001518569245469358 0.0006926870187652074 0.0008033468440580247 0.00041410527283008085 0.00011218097561869987 8.524138474588655e-05 774954345.6640025 3.6764
68880.73 14281.541 1199.3771 30.707611 920.00006 24.418367 16.681663236438506 40.19587347914525 6.291553202065338 0.8587174487234916 0.021061307165431496 0.01696932781624876 0.005241550927016097 nan 0.0008784729500365815 0.0003776032070060702 0.0007879060799678168 0.0007054987942839005 0.00014746710726203322 0.00013974568280737736 774954650.6560024 3.5965
66522.03 13720.793 1182.07 29.316868 841.4286 22.15306 17.549898931727718 35.64579649038269 7.098302339828324 0.9694729256444582 0.03210812838720234 0.012058237693742107 0.009375968746664527 nan 0.002242597846167949 0.0005820340142874044 0.001352172741275992 0.0003292607553719539 0.00013459085232136366 0.00010438281537847769 774954955.6480024 3.525
64619.492 13268.106 1143.1292 28.176458 857.6191 21.97449 17.851493865437376 40.574827387267476 7.737883363991438 0.7743647775118129 0.03259569333402337 0.0003697887774801144 0.011913245940483805 0.0005098623194272755 0.0025123618876182014 0.0005927301371411983 0.0013788377761375008 0.0004108601211457106 0.0001500412584332634 6.280574542920748e-05 774955259.7759981 3.5189999999999997
64842.01 13390.7705 1138.8025 29.205608 789.52386 25.112244 18.236383817181054 41.37505039746344 7.738763802438093 0.5936652343940596 0.00027805784504397746 0.02297680393172876 0.019119226843498545 0.0005263972424475916 0.0031057647646420567 0.0003647454333183112 0.0009015193580398922 0.00041675467254398933 0.00032988071464442426 6.309461845262497e-05 774955576.8639984 3.5331
60580.773 12526.284 1066.1128 28.259903 760.4762 20.408163 17.184864730415164 36.518565248635916 7.00908761952851 0.7023513920376233 0.010861564998058465 0.0004978462219980406 0.01637220884898087 0.0005263386844854606 0.0014517093711864742 0.0006862430306371249 0.0014939668383006114 0.0005088841844809386 0.00015127316045961193 0.00012823708067590857 774955881.8559984 3.5864
58611.48 12053.154 1048.8058 28.315533 945.7143 26.336735 16.900805232275882 32.2557973298989 5.629889447988855 0.5626490038956492 0.010859922748642436 0.012480051868557723 0.007048068400064783 0.0004953345954919258 0.0010247764354232793 0.00017438748007097808 0.0018074932978594885 0.0003227720204260038 0.00016729636012314197 0.0002448699726590431 774956186.8479983 3.4955000000000003
61637.74 12429.906 1064.3822 28.176458 869.04767 21.102041 16.552871257932953 33.00952831348823 5.740158474121042 0.6225949135952319 0.010859703210298537 0.023143331848492807 0.005490701195938982 3.8228640029065784e-05 0.0006601336947270199 0.0009980276682692848 0.0008451393274318782 0.0005176288637812808 0.0001733730706495538 0.00021812320943467232 774956490.9760013 3.5660000000000003
