json/2022_118.ecsv
# %ECSV 1.0
# ---
# datatype:
# - {name: p1, datatype: float32}
# - {name: p3, datatype: float32}
# - {name: p5, datatype: float32}
# - {name: p7, datatype: float32}
# - {name: de1, datatype: float32}
# - {name: de4, datatype: float32}
# - {name: hrc_shield, datatype: float64}
# - {name: gp1, datatype: float64}
# - {name: gp2a, datatype: float64}
# - {name: gp2b, datatype: float64}
# - {name: gp3, datatype: float64}
# - {name: gp4, datatype: float64}
# - {name: gp5, datatype: float64}
# - {name: gp6, datatype: float64}
# - {name: gp7, datatype: float64}
# - {name: gp8a, datatype: float64}
# - {name: gp8b, datatype: float64}
# - {name: gp8c, datatype: float64}
# - {name: gp9, datatype: float64}
# - {name: gp10, datatype: float64}
# - {name: times, datatype: float64}
# - {name: fi_rate, datatype: float64}
# meta: !!omap
# - __serialized_columns__:
#     times:
#       __class__: cxotime.cxotime.CxoTime
#       format: secs
#       in_subfmt: '*'
#       out_subfmt: '*'
#       precision: 3
#       scale: utc
#       value: !astropy.table.SerializedColumn {name: times}
# schema: astropy-2.0
p1 p3 p5 p7 de1 de4 hrc_shield gp1 gp2a gp2b gp3 gp4 gp5 gp6 gp7 gp8a gp8b gp8c gp9 gp10 times fi_rate
[from data line 435]
3829.5503 1604.2639 725.251 121.96818 8376.191 71.12245 17.618925909324584 343.5641681161377 125.07426824039693 44.869843257198106 5.940131820196656 1.0089427601286955 0.028641850811647614 0.0012004938425078865 0.0018561378280345377 0.0009151972236572911 0.00143400962903164 0.0005176344643587687 0.00016863672453096455 0.0001427270210035036 767707053.184002 nan
4174.455 1647.7803 731.56805 118.26881 8971.429 81.47959 17.55478052541223 330.71875202081475 121.91491213305954 42.68679050223827 5.48593825103835 0.9970814867782831 0.02024721677705147 0.0011019362771374352 0.001801737249912861 0.0008298430791000857 0.0015758349933094418 0.0006115585833184577 0.00025560518628445076 0.00021507472681088437 767707359.904003 nan
4037.606 1596.6704 705.4344 113.90188 8600.0 65.15306 17.047424539915824 322.9822231137211 122.56672684275779 41.32774272045769 5.611079499835008 1.0200312050770022 0.020771997099536074 0.00033902308045451396 0.0013059451121550294 0.0007916797037274288 0.0015441328394917764 0.0007282336356765136 0.00019903984377427357 0.00015014916094439917 767707665.7599999 nan
3923.0083 1749.1238 748.9616 123.66489 7695.2383 76.938774 17.67999453289561 314.9890767556788 114.83455492379045 39.99362850789575 5.71110582820287 0.8912810221920244 0.02648548775044998 0.00087333704802632 0.0020845702092725377 0.0007112943930406414 0.0012755788257002066 0.00044694080624264594 0.000289713164320051 0.0001500506759727167 767707971.6159968 nan
4864.2637 2300.8176 912.0803 143.07967 7138.095 73.82653 17.043987448769904 306.36411921279483 107.60777511258253 39.05313210533596 5.168536984942187 0.8173113089456318 0.028687853338134665 0.0007166455219399961 0.0011431292948425656 0.0006257093931032206 0.0011708155702344232 0.00042269156514134973 0.0002978719593302467 0.00012304078942179306 767708277.4720008 nan
4754.1167 2139.6028 859.1208 138.35115 6176.191 72.448975 17.36966711006121 291.54565693948473 101.53441945727458 37.084209938675 4.524557375281445 0.7721147699503627 0.030929289574678234 0.0010531798999361668 0.0015201448041870945 0.0006095117873173388 0.001749281450426859 0.0005029952941396022 0.00032586528238576115 0.00013084293622780732 767708583.3279977 nan
4656.208 2224.883 890.44653 140.91011 6442.8574 69.13265 17.24817394947871 272.8004574373175 93.75506488999585 34.80851202152835 4.143465124021653 0.7851069215662893 0.01352408997644451 0.0010531955240367043 0.0013440621172568807 0.0007350028326492803 0.0016743391113528674 0.0005176381793192988 0.00028440758796933167 0.00016815582776252266 767708889.1840018 nan
5026.702 2603.972 973.52026 145.44394 6433.3335 70.20409 17.496990057664917 271.5721546343758 94.00277502810047 33.184732558909005 4.245251204853396 0.8643807205186914 0.015124447588588939 0.0008323012928973136 0.001822621689532409 0.0006424780119660481 0.0015441402779010687 0.0007847896803630466 0.000263352749471807 0.0001964658859129232 767709195.0399987 nan
6065.8657 2976.0513 1093.8041 152.25858 6257.143 72.244896 17.47769385627832 275.7529066275251 95.2681206040949 31.11810415865273 4.698506938968099 0.9523611366545476 0.02516561081007309 0.0005266497818593081 0.0019051517878428473 0.0005969547009405382 0.0017253289968582875 0.0005749197494225539 0.00022615085715570817 0.00016478316200875407 767709513.856 nan
5457.2764 2893.3994 1082.5546 158.43347 6285.7144 74.64286 16.931432288823913 273.47072351246965 91.9477977299008 30.54835519194778 4.856424907511803 0.9417308095668138 0.020504085593446235 0.0002623947375996602 0.001153980930902633 0.0005931632079233212 0.0014272371088503268 0.0006218946017002827 0.00021748799198577438 0.00018470601750914371 767709819.7119968 nan
6021.362 3390.7708 1134.4757 156.20828 5142.8574 72.95918 17.076585397430353 265.6989511381416 88.61031588081897 30.96235066012452 4.538938606572353 0.7615845886957554 0.009665179289871408 0.000549053632152456 0.001277985951604152 0.0007730936716779294 0.0011818811168268558 0.0006663219356764651 0.00024365099089216494 0.00018281651321577606 767710125.5680009 nan
6477.526 3548.4812 1171.6857 162.32756 4800.0 61.32653 17.316675550685925 267.7791480063255 88.91380771779217 29.972163188329603 4.208609328135102 0.5740478676750151 0.012286014646747508 0.0010533091248358232 0.0014530193825266354 0.0008939579103026088 0.0012351454168182225 0.00046165124973031633 0.00026767832641780927 0.00016572823552540075 767710431.4239978 nan
6265.02 3414.1355 1123.2261 159.93547 4740.4766 67.39796 17.571142614412334 270.743080385966 88.57231006190233 30.094087695773556 4.223249266667363 0.6316006467666928 0.018583987993529977 0.0016435113082238473 0.0016132264480150608 0.0004834149746374691 0.0014459314413478885 0.0004141131562119256 0.00021143331652027746 0.00015009072969561905 767710737.2800018 nan
6401.869 3653.6213 1213.2225 166.13818 4701.905 77.65306 16.932366989133147 274.7921006708374 89.69923329450307 31.5272632300531 4.471798285139531 0.7950753225000464 0.018955084303353815 0.0008790503990064233 0.0009111560101647815 0.0006021184227326016 0.0013462781983100297 0.00047443925606283424 0.00023554044651088603 0.0002066899171172377 767711044.0000027 nan
6470.85 3528.0374 1144.8599 160.13017 4933.3335 69.33673 16.511254497418328 281.2177944436908 92.18691261870585 28.66941973925711 4.226214559924892 0.7444400447447062 0.0285965948621403 nan 0.0005894700979896387 0.0008056060683401046 0.0011818862010841275 0.0005799864394461839 0.00035493574458832623 0.00018013853904591109 767711349.8559997 nan
6736.7603 3723.7148 1182.9353 158.04407 4530.0 66.02041 17.24656488946105 284.17144084658395 91.75230520367178 26.563979378529083 4.287583602491257 0.6230270946402189 0.021257470166232938 nan 0.001754289366285703 0.0005638738066560809 0.0012431229325293902 0.0006855372395577066 0.00025588966357196666 0.00022504467032343018 767711655.7119966 nan
6249.4434 3481.308 1118.0339 152.00824 4904.762 75.20408 17.25213297820492 277.39783644394765 85.12527380917354 25.801080758448546 4.24439239755895 0.5818923391749452 0.012109143512505657 0.0013510483593635488 0.0012328867801587276 0.000626242541601705 0.001406689500426792 0.0003263537085796405 0.00018875636361480663 0.0002344945394704358 767711961.5680006 nan
6144.86 3209.696 1092.0734 153.39899 5809.524 69.33673 17.41609999198339 266.8808610296697 80.73401787423133 26.93867278026824 3.9529552572038664 0.6170551920707876 0.016914973443609357 0.0007146263940529078 0.0017404958201108576 0.0006329569250150491 0.0014122672305740725 0.0005139921152941818 0.00028920000951823053 0.0002321704607377095 767712267.4239974 nan
6486.4263 3446.2615 1132.7449 154.62283 5438.0957 69.84694 17.215102544737285 265.9363036246675 79.7155112534491 24.747208473793112 3.863575070499168 0.6630296388201782 0.021124383231629074 0.0003795752076918353 0.0015536292720535864 0.00033645069054565854 0.001165936444221695 0.0007246958379619642 0.0002984298358799522 0.00021652712820150022 767712585.3760018 nan
8031.8203 3860.981 1206.2997 157.45995 5314.2856 70.30612 16.966482584670942 273.0482727264638 83.87001064758864 25.769700903504425 3.7579720920468573 0.6907975337095275 0.02000109382972022 0.00013534586062731972 0.0012602526995035201 0.0006775287533463637 0.0016688464219361105 0.0004939209628815537 0.00034656357493895195 0.00023554353522845618 767712892.0960028 nan
6539.831 2902.4531 1071.305 163.913 5800.0005 74.03061 16.828157032664013 262.9831453415583 75.85363185435678 26.47465441235415 3.184626681212618 0.5378047850096055 0.01568272190444496 nan 0.0011000619742755696 0.0008298429693422756 0.0017962045713708743 0.00041411267016883417 0.0001894514774687794 0.00021480631370900883 767713197.9519997 nan
5985.759 2958.528 1106.7844 167.58456 6166.667 77.29591 16.79677255064659 246.2096884404458 68.38407985987524 23.891149072713237 2.656951653719107 0.530124964380099 0.016422683987847336 0.00041189266072881456 0.0008858818010830628 0.0009225551379399784 0.0015417411486352234 0.0004950783993406658 0.00021234413892653846 0.00014091643963867127 767713503.8079966 nan
7609.034 3165.8877 1086.8812 160.13017 5747.619 74.84694 17.438217660769165 231.8631504022702 63.8890153444392 22.107972648988007 2.3374990971745193 0.4942332359676981 0.016956582677102927 0.0009488851552191292 0.0016819790323713431 0.0004732457542683715 0.001319455051048793 0.00035166242881423757 0.00024762858359982884 7.372600739363854e-05 767713809.6640006 nan
6381.843 3308.9954 1124.9568 162.35536 5657.143 79.03061 16.831775774313865 212.10385598158683 58.5970839700731 18.655176022713228 2.2828603786274972 0.4921699480457381 0.018944468691973096 0.0006209032013964762 0.0008555398772308088 0.0005503335754153877 0.001522988597000128 0.0004806035863604498 0.00037458339320398386 0.00016255168398685035 767714115.5199975 nan
6659.991 3154.2056 1093.8041 161.24278 5952.3813 76.42857 17.45531737833383 213.54760292665873 57.65182123799322 17.920848803885935 2.533424297981196 0.49957562481326356 0.02957556736164818 0.0009695012213910459 0.0016895995363240017 0.00039343265834721006 0.0012446597022144957 0.0004306076631248667 0.00021868715464246996 0.00018456171267644357 767714421.3760015 nan
5955.7188 3113.3176 1120.63 156.6255 5309.524 75.56122 17.141698576460097 215.1726389042824 58.74986161836148 17.794250236166818 2.8953867986638926 0.41337166934543923 0.025252572570800547 0.0001442798771519177 0.0015280965324703834 0.0006625830567112212 0.001861895173244938 0.00032476151006208005 0.0002273451582382761 0.00021995935963363585 767714728.0960026 nan
5801.068 3186.3315 1111.1111 154.40031 5147.6196 75.408165 17.312023747126123 199.03930797853093 57.0285777539464 16.379281076320268 3.1782893421529734 0.5101213276159737 0.03924264583486483 nan 0.0018415826030577622 0.0009205496010034418 0.0011005759108661118 0.0004933249259672612 0.00020468892660781035 0.00017128002487233184 767715033.9519994 nan
5411.66 2886.974 1034.9602 146.80685 5171.4287 78.01021 16.84489797408164 186.53104881121152 46.22778413115558 14.064120314109285 2.792718335504918 0.43875634207878045 0.008412730031634535 nan 0.0011328319803721493 0.0006275729951037281 0.001429139111528598 0.00042425353364345015 0.00014039256980010614 0.0001825551859850166 767715339.8080034 nan
5649.7554 3130.8408 1078.2278 151.14598 4914.2856 73.31633 16.544319271870087 178.2441507120393 45.652548772267906 15.37765360486545 2.6829929181880106 0.4922485449550966 0.023502398127266406 0.0005067278320466996 0.0004441730671394976 0.0002506429369441409 0.0020457942463102917 0.00041411301963306993 0.0002143031220991163 0.00012538482926112603 767715657.7600007 nan
5292.6123 2875.876 1021.1146 142.18959 5166.667 80.765305 18.226758361087537 151.27390493776957 39.625061082177574 12.416235943382917 2.6148660104990387 0.5588735497221837 0.0075821045625194886 0.0010439834124228353 0.002894560175579456 0.0003534499612306835 0.0018749797138094737 0.00021090051601606438 0.0002503274145128965 0.00010291525370810143 767715963.6159976 nan
5115.71 2696.2615 958.8093 134.23453 5885.7144 107.959175 17.19321018208341 126.74820307748548 34.39307782674551 11.776691194268633 1.8211028875304587 0.648746948268689 0.00969060235884066 0.0010531101117629066 0.001260883099355287 0.0007109549442940709 0.001280001270115701 0.0006212731820262887 0.00030104264454568663 0.00022547694462654556 767716269.4720016 nan
4974.41 2354.264 878.3316 126.084785 6928.572 116.224495 17.31814156902631 112.46764977319266 29.196740977174976 10.212839711689154 2.14838154548544 0.6280756377245558 0.01688623384354957 0.0005268166186962653 0.0016610224668160893 0.0003584201859891856 0.0009048202166706032 0.0007174441682963334 0.0001995858206069325 0.00012400022923769621 767716576.1920025 nan
5003.338 2448.598 891.3119 128.78282 6352.3813 119.48979 16.824940360210455 116.65856899040205 33.20159719615771 9.669293334716581 2.584322841038036 0.7664963484588644 0.015158353480670631 0.0005948235899737897 0.0008584929577454124 0.0004640339590880843 0.0016701227405324956 0.00040523426600934213 0.00015559143664014102 0.00016405559224494726 767716882.0479994 nan
5025.5894 2470.2102 928.52203 136.32065 7085.715 128.72449 17.47854741075229 119.75127112837878 28.106675547229848 9.691280189206777 3.199891771439408 0.8522971043178136 0.028468789775092578 0.0020747720051691194 0.0012868558514760181 0.0002740849858787144 0.001575848890934191 0.0002135174589717123 0.0002739425392813954 0.00016277687080947772 767717187.9040035 nan
5168.002 2535.9229 962.2707 143.99756 7514.286 154.08163 17.598558686320914 101.4758262602647 26.52812098691472 9.621884621121449 3.466290434582596 0.7623027606077488 0.019172329533264407 0.0015806636686829883 0.001680935208096355 0.0008298468542670853 0.0015516480298898125 0.00032754721813269276 0.00035709518637007485 0.00014690881388563 767717493.7600003 nan
5773.2534 2967.2896 1099.8616 161.40965 7028.572 144.69388 17.58384857105938 90.50273886210282 24.94814602605559 10.182672781556773 3.736154071709932 0.7029925964014638 0.01695779585860575 0.0014737869739207335 0.001702287611247289 0.0007937673029171 0.0013003630414497324 0.0005281447350261689 0.00023761292898066583 0.00018248264821699395 767717799.6159972 nan
5515.1313 2588.785 1008.13434 167.11171 9423.811 194.89795 17.415528543094744 85.7914452289363 23.66819886117441 10.833658491230638 4.085830215929118 0.7428706752834114 0.016080021579378333 0.0005269615940415773 0.0018150913773197132 0.0005028790626772279 0.0013820520293020898 0.0006086515897979018 0.0002818462940990795 0.00017149817236975325 767718105.4720013 nan
5710.948 2713.201 1075.6317 178.40454 9895.239 211.07143 17.022905697899613 80.46218383285466 26.421558487371765 13.395327600632022 4.188289749494734 0.6836840197291277 0.011430031779862192 0.0006025256005576573 0.001170567439702652 0.0007282918674456093 0.0006894368091343845 0.000517644374231162 0.0003560104537623347 0.00021675839392231217 767718412.1920023 nan
6181.5757 3122.0793 1052.2672 151.7579 7942.8574 201.17346 16.82639711124485 74.79523130651907 30.1599244475077 14.557884365484995 3.7986281204631007 0.8905586948818947 0.0203259976104821 0.000839790963577839 0.0007586514594645143 0.0007334883606923586 0.0008095199171218062 0.0005386812446779984 0.00019082864817535818 0.00017655723727257573 767718730.1439995 nan
7655.763 4351.6353 1335.2372 168.75278 5919.048 168.16327 16.991599618334693 75.53560267263954 33.54770251957438 15.478083989027226 4.009442853203009 0.7742003385572492 0.018846403058951633 0.00011738967601465763 0.0013079898699142455 0.00040845475178186055 0.0012365103247695248 0.0005750589024479584 0.00024729933155576237 0.00023471306235504124 767719036.0000036 nan
7838.2285 4386.682 1285.0468 163.49577 5471.4287 174.43877 17.335712301160267 78.2239783724913 36.75630156708694 16.110071211974628 4.018620201872907 0.79872661668471 0.03215321663188558 0.0005270707226008987 0.0016751665159775526 0.0006214691239050342 0.0011311195348522964 0.0005395103078575385 0.0003472785551138925 0.0002318187748280748 767719341.8560004 nan
7488.874 4112.1494 1206.2997 148.55919 6742.8574 200.96938 17.73549476253003 79.69431623353381 36.43852424456427 15.070612931144701 3.7617131335940566 0.7887428378107048 0.023490086731879276 0.00038909973447690894 0.002367545849016726 0.0005561433806476136 0.0011256985969380876 0.0008233586140938452 0.0003258428055474716 0.00011230697456319052 767719647.7119973 nan
7231.8647 3755.841 1087.7466 138.4624 6923.81 220.7653 17.735276665137352 82.92935140573508 34.03440547197791 18.030554799102212 4.088176222608463 0.9140589640572907 0.023423765169496062 0.00088962955086395 0.0021678618503559507 0.00048535295213543266 0.0007171425564529968 0.0004302811172705131 0.00028702310708389873 9.93335196544469e-05 767719953.5680013 nan
