json/2022_203.ecsv
# %ECSV 1.0
# ---
# datatype:
# - {name: p1, datatype: float32}
# - {name: p3, datatype: float32}
# - {name: p5, datatype: float32}
# - {name: p7, datatype: float32}
# - {name: de1, datatype: float32}
# - {name: de4, datatype: float32}
# - {name: hrc_shield, datatype: float64}
# - {name: gp1, datatype: float64}
# - {name: gp2a, datatype: float64}
# - {name: gp2b, datatype: float64}
# - {name: gp3, datatype: float64}
# - {name: gp4, datatype: float64}
# - {name: gp5, datatype: float64}
# - {name: gp6, datatype: float64}
# - {name: gp7, datatype: float64}
# - {name: gp8a, datatype: float64}
# - {name: gp8b, datatype: float64}
# - {name: gp8c, datatype: float64}
# - {name: gp9, datatype: float64}
# - {name: gp10, datatype: float64}
# - {name: times, datatype: float64}
# - {name: fi_rate, datatype: float64}
# meta: !!omap
# - __serialized_columns__:
#     times:
#       __class__: cxotime.cxotime.CxoTime
#       format: secs
#       in_subfmt: '*'
#       out_subfmt: '*'
#       precision: 3
#       scale: utc
#       value: !astropy.table.SerializedColumn {name: times}
# schema: astropy-2.0
p1 p3 p5 p7 de1 de4 hrc_shield gp1 gp2a gp2b gp3 gp4 gp5 gp6 gp7 gp8a gp8b gp8c gp9 gp10 times fi_rate
[from data line 347]
13506.898 1916.1798 138.54276 3.0151315 944.28577 23.892857 16.925011543351328 2.8983355599621645 0.7971636633401791 0.05972580235058124 0.010659740790017967 0.011833686312549337 0.004812840511468531 0.0002670764291284994 0.0011558088984085348 0.0004741844749059899 0.0014258518749887686 0.0005160735024968035 0.00030012426550973505 0.0002249534525162033 775024121.439999 nan
12716.956 1834.112 136.03323 3.0512908 949.04767 25.112244 16.982967661281243 3.5510064574390636 0.8663273451839131 0.06785995919180368 nan 0.017618041965761222 0.008513614515377577 0.0005262109006617995 0.0011406198770822793 0.0007418531120178733 0.0013359348211591095 0.0007062926554305738 0.0002153251513527117 0.00031188690168956236 775024438.5279993 nan
11927.014 1790.8877 137.07166 3.3934135 1160.4763 22.147959 16.848083552578103 3.8431749023636104 0.4811394291799404 0.012323624123406082 nan 0.014205309621878619 0.00955383620748762 0.0005261832346332367 0.0009272277200002299 0.0009483677595744761 0.0009209622180101827 0.0008715662823891934 0.00021047491365519728 0.0002790435407493546 775024743.5199993 nan
12049.399 1697.7219 124.26445 2.7383735 895.23816 21.454082 16.70954240854737 3.300532786463292 0.2725575773744214 0.03517269612161196 nan 0.015255814759722307 0.0038429351042839482 0.00021165003991583037 0.0008393065849305739 0.0008775005496359286 0.0009441557864404715 0.00045690225394969935 0.00023748261970147285 0.0002090723282089789 775025048.5119991 nan
10999.11 1469.9182 104.1883 2.662717 856.1905 23.72449 16.32969562279326 3.411569980447487 0.4420121346985979 0.05884083515964451 nan 0.014026780620817305 0.0029211809924978476 nan 0.00032604750963445594 0.0008298184180785513 0.0008807144501776719 0.0003336660367821145 0.0002304803934116518 0.00017540936842016781 775025352.6400021 nan
12861.593 1497.0793 103.84216 2.538941 1017.61914 23.545918 16.62816462942453 3.445747557008615 0.48271517796713603 0.04036010528523394 nan 0.026501291727449083 0.009277921750779634 0.0003304930800181923 0.0006589824393594025 0.0006808870059092167 0.0009987414285705194 0.0007392537915600705 0.00029104401281997524 0.00015642513911085429 775025657.632002 nan
12894.972 1514.6028 105.399796 2.5108478 861.4286 23.90306 16.922279571575018 3.3263667386129336 0.4026424255801719 0.04957693491355278 nan 0.015118627606508114 0.0037603899837630878 0.00016566743732868426 0.0011928301036752214 0.0003490725077521246 0.0013167979583929533 0.0004352369080323293 0.000334588229443391 0.00012190221238261888 775025974.7200023 nan
10435.024 1433.1191 105.832466 2.7105587 907.1429 19.015306 16.7361188263704 3.581741166991511 0.27246060241783854 0.16207118860073494 0.015189609925958629 0.014115105451872067 0.005028374807631081 nan 0.0009644463982851697 0.0004866609871792055 0.0011023632405102713 0.0005703003993326226 0.00027588779620282724 0.0002032652099024679 775026279.7120023 nan
10748.776 1471.3784 105.48633 2.8732755 1016.19055 24.076529 16.657877520439033 3.5607004436003775 0.33612122591891613 0.07912915064963313 0.006095237690251203 0.004961240492664429 0.007165376700868364 nan 0.0008393095373321936 0.0006778919404714782 0.0011263803079921858 0.0005015583925153138 0.00020286726997111707 0.00014295349197359698 775026584.7040021 nan
10591.9 1412.9673 102.63067 2.5675902 1055.2382 24.591835 16.9514271496196 3.404124303541821 0.6006545407083715 0.09404177272148828 0.007923809789656289 0.012899225486750474 0.008914110531219765 nan 0.0013002100396704921 0.000624482515995301 0.0007491976157915915 0.0006414896033451519 0.0002575156474678411 0.00014757314918688465 775026888.831998 nan
9343.569 1268.1074 89.563866 2.1392412 887.14294 18.311224 17.258293919399062 3.907370697338375 0.7385454771242129 0.07362165331599323 0.002718614912809338 0.013220578506382061 0.009553835979022545 nan 0.0017830654122713732 0.0005039611218658451 0.0011071599110819602 0.0004145967370989772 0.00022176544977102537 0.00011798511624149733 775027193.8239979 nan
8958.611 1218.4579 89.39079 2.4435358 922.8572 24.591835 16.78858095486126 3.855525984925333 0.5134060716070914 0.05884083657292649 0.01744069325221617 0.01174536100734258 0.00955383620748762 nan 0.0010431096019618553 0.0005696978915701065 0.0012009783767938167 0.00039398871272472923 0.00022771239349513706 0.00011905462042479509 775027510.9119982 nan
9148.865 1214.3691 88.958115 2.1105921 1022.38104 22.494898 16.76544397571937 3.530389999912444 0.3299393971762385 0.05884083657292649 0.003844156152715078 0.031064131383743983 0.0036610300824294183 nan 0.0010118465923040618 0.0002027591107409525 0.0008578660971440393 0.0003289606647358978 0.00016541998764979326 0.00013990201716737136 775027815.903998 nan
9353.583 1250.8762 91.72725 2.1486983 877.1429 19.704082 17.015562917810936 3.4107886378985577 0.36637574813517954 0.08344100449992678 0.009049350312083735 0.020504581902512968 0.010376994386833318 nan 0.0013999581352098869 0.0004159167176728166 0.001282002854580066 0.0003105773130846584 0.00029044916372653696 0.00014354321346217778 775028120.032001 nan
9101.024 1199.7664 86.39668 2.1105921 869.04767 22.494898 17.17239573193633 2.6887493090835037 0.5080000141361973 0.11335097984772526 0.0015930734960211811 0.007601597676913804 0.009905417306074993 0.0004486780014062154 0.0014686952170449889 0.0005752750741312737 0.0011268474227656268 0.00031057468845573446 0.00018945676037774366 7.35925890026977e-05 775028425.0240009 nan
9014.241 1172.021 83.21219 2.101413 1198.0953 21.97449 17.073658353639527 2.5336120099255326 0.3327030338041935 0.040943804938900555 nan 0.016084567606613146 0.005400592517808027 0.0005261207388502868 0.001286263495953865 0.0007988611561450174 0.0009977263343649567 0.0004905935654517305 0.0002691104766158963 0.00013283510769817802 775028730.0160009 nan
8899.644 1188.3761 88.52544 2.3673232 882.38104 23.020409 17.67406111620634 2.09267770951991 0.23301605364694075 0.056730691287669555 0.010030572323742439 0.006742488870946035 0.006994700892831057 0.0005261176072053672 0.0022306981438471847 0.0007200042868141766 0.0013498241755398664 0.00022990644585380504 0.00025340271687043667 8.655372605826224e-05 775029047.1040012 nan
8868.491 1178.7383 88.958115 2.329495 885.71436 25.464285 16.849316993359913 2.4321046569524034 0.5127201732669044 0.08658427177559135 0.0006479161806291073 0.005876641308152169 0.011672287047064519 3.1482870070944106e-05 0.0011243830971955013 0.00015401533678037114 0.0013788165206642861 0.0003043780556806053 0.00023521256317633198 0.00012058312429720223 775029351.2319969 nan
8689.363 1135.806 80.46037 1.9870939 986.66675 25.637754 17.68405142541871 2.8719553294749565 0.16815289990721016 0.032014742108209135 nan 0.00025386597806248065 0.009673689127033633 0.0015101775092714895 0.0018520535107646283 0.0003453922100208099 0.0015672877612222147 0.0004096284624297308 0.00021820532457911387 0.00020151902686553496 775029656.2239969 nan
8955.273 1173.7733 83.54102 2.073042 1051.4286 24.591835 17.461221679075706 2.7853421001773104 0.4472030100084584 0.11553282243019897 nan 0.011454465408720828 0.0025829068519200166 0.0010662358587350761 0.0016841169018846501 0.0004710350372242076 0.0010005663497291394 0.00021254792478770347 0.00021748288534581382 0.00014517790469468185 775029961.2159967 nan
8920.783 1166.764 82.52856 1.9017024 870.9524 20.928572 16.800614969929054 3.426960472916166 0.5306518869713986 0.030626084365981757 nan 0.02339783361336572 0.009485774279930581 0.0010523295226448066 0.000642904882574864 0.000591207027520719 0.0011793261435775848 0.00030925074988487865 0.00016793734814654688 0.00010305651026406341 775030265.3439997 nan
9200.045 1205.3154 84.44964 1.9870939 848.0953 24.066326 17.06913623002386 3.0304365009659846 0.45909823459294663 0.05900734671508008 nan nan 0.0071842707459292224 0.000526169913155176 0.0012775504527959207 0.0005770231171358663 0.0009081355359253139 0.00022533424095770897 0.0001549969810589326 0.00016042886370747428 775030582.432 nan
9321.317 1217.8738 85.79093 1.7211838 1045.2382 20.234694 17.29165493404088 2.834006383043005 0.5133305744447595 0.05901212941389731 nan 0.0010741267230504072 0.007622630251272468 0.0005262099560241148 0.001627690513248481 0.00025871401513272694 0.0013608601476505677 0.0006085649009794242 0.0002468733274571587 8.327222382536789e-05 775030887.4239999 nan
9331.331 1243.8668 86.53513 2.2057188 963.8095 25.285713 16.794992497615258 2.4742307647301343 0.2573529015004447 0.05443749239001068 nan 0.01721075948574759 0.014372778611140422 0.0005261825781417411 0.00083935118491353 0.0005927304649048894 0.001121493718904095 0.0004140980343890984 0.00018143274463949363 0.00010570726638759625 775031192.4159999 nan
9573.877 1260.5139 89.47733 2.2438252 830.00006 21.622448 16.80716400031649 2.5667729535923174 0.5793484689893549 0.005554750924725068 nan 0.011781120384981495 0.013698602980440702 0.0005261895167313646 0.0008591158851768441 0.0005815774180460096 0.0015480022587534786 0.00042383877614233904 0.00015528683500354775 0.00013968665999007342 775031497.4079998 nan
10580.774 1306.0747 86.708206 2.1492546 1071.4286 23.372448 16.924799161720053 1.9006959304318134 0.30403170323048107 0.052675665180195064 nan 0.01178500330105728 0.008223038210666788 0.0005262166856844806 0.001049238331979732 0.00044861622116889883 0.0013228228094485748 0.0005064630158271088 0.00020436222715577673 0.00012022313040448797 775031801.5360028 nan
9787.495 1257.5934 88.52544 2.2057188 843.3334 24.239796 16.907598238487584 2.3410539671914283 0.3040834483693094 0.0048656113611980035 nan 0.012757369315675532 0.016776765856794516 0.0006129220028542554 0.0009800727787730884 0.00029569946001092184 0.0016255996574825841 0.000397040335744821 0.00023696904312260476 0.0002564435935848085 775032118.624003 nan
9899.867 1314.2523 93.97715 2.4054294 883.8095 21.275509 16.747425706175814 2.300442137354467 0.3454900674979947 0.02952405480782849 0.001970553477289565 0.018749421575295 0.01590852981743558 0.0009569366749046941 0.0005914642291445477 0.0005712192797265361 0.0013252192036247127 0.00032935974926759056 0.0002600488316364112 0.00019390181883016078 775032423.6160029 nan
9632.844 1277.7452 87.31395 2.3103027 916.19055 26.857143 16.63283884768754 2.43964428251356 0.47196111917390837 0.023674901695984192 0.008709359244395296 0.025908283456732073 0.011984616966520185 0.00042196048488649763 0.0006275257186622948 0.0005681093910199984 0.0011223810992699907 0.0004346093758568048 0.0002978165228005819 0.00014354486379490098 775032728.6080029 nan
9807.521 1334.6962 98.73659 2.4249 1007.6191 21.454082 16.94650055419767 2.405181181319451 0.24421051046134665 0.012512467605770728 nan 0.029121243094669527 0.010462135727587812 0.0001114741155555608 0.0012466782263482498 0.0008479131593290051 0.0013429312245175642 0.000539563947563351 0.0002702246655277283 0.00012616940531306428 775033032.7359986 nan
10277.036 1378.2125 101.59225 2.520027 908.5715 23.372448 16.493473961783582 1.5954939238760435 0.3215934157077231 0.04557033268494179 0.0049659426217136815 0.008589441950680232 0.00589086989639943 0.0004059880665971677 0.0004197045282670983 0.0005283533345324284 0.0014857906082604208 0.0005975004981078768 0.00022130495932660383 8.026002547588804e-05 775033337.7279986 nan
10478.416 1440.1284 101.15957 2.6724522 879.04767 23.897959 16.468929919656407 2.054085123231349 0.38032053419372497 nan 0.015530742526854109 0.014323029519622874 0.009592273934686276 nan 0.0005395179487362253 0.0006097631596763617 0.0011256299583352783 0.0004880762302344928 0.00024853861829352654 0.00013769128881620875 775033654.8159988 nan
12861.593 1513.7266 102.89028 2.795394 1000.0 24.948978 16.66052217662396 2.3966460546949877 0.3803449772485174 0.017844321465195764 0.0032831259042121366 0.005896504044934613 0.011765590201515854 nan 0.0008394276964826756 0.0004988784578172684 0.0010741298745947337 0.0005391923274690449 0.00026923994271589455 0.00015401111413618858 775033959.8079988 nan
9361.371 1217.5817 86.08515 2.1019692 877.61914 24.948978 16.787872099658202 2.2323495114592307 0.35630967276186615 0.049742992031918176 0.007435723748820721 0.007758875273855526 0.013757105867952084 nan 0.0010382941532468713 0.0007549374051346217 0.0014047664978212302 0.0005993227688069368 0.00021307754956775634 0.00019318613148946635 775034263.9360018 nan
12861.593 1307.2429 84.39772 1.7690253 872.8572 17.09694 17.101872845819337 2.4639201799575727 0.30427097977146617 0.029537870906674306 nan 0.017674350734956004 0.007194644122944951 0.00017495991261770483 0.0014690259351842969 0.0006321424369952132 0.0017070366406435617 0.00027562458911826326 0.00019510629832327977 0.00011622078993488826 775034568.9280016 nan
24321.318 1605.1401 90.342674 2.2062752 1142.8573 21.454082 17.099542615997844 2.0859751453005373 0.35738074522648766 0.01922814615167924 nan 0.023309858989021368 0.010544088218258994 0.0005262342326387764 0.001322468559906884 0.000835436554720331 0.0013945550434597853 0.0004765768061054735 0.00020421770554173934 0.00010969152977131748 775034873.9200015 nan
15587.451 1337.9088 86.708206 2.0346575 841.4286 22.321428 17.09192649059563 2.227761407054938 0.3636968948538612 0.011994981618851446 nan 0.014188484200505252 0.016786539593007896 0.0005262429961475571 0.0013049739229320956 0.0006336618407332391 0.0007294091599267759 0.00033316942562713035 0.0001374872446231974 0.000123038380129394 775035191.0080018 nan
17044.95 1267.8153 81.048805 1.8065755 880.4762 19.882652 17.159249613093085 2.035643071695687 0.29203568480753783 0.041942689924804655 0.004562966374782861 0.012738324880791966 0.012759022551911645 0.000526243159711018 0.0014145745118829215 0.00014931130903366696 0.0007879026949558873 0.0004741628512022545 0.00017431882484757676 0.00014886621717084933 775035495.1359977 nan
14753.005 1284.7546 83.471794 1.873053 963.8095 21.275509 16.925447721087775 1.9612898076974021 0.2807314552457737 0.05908127553299748 0.006124530530041361 0.00847037597961546 0.009288240205864055 0.0005262519272946804 0.0010493086426868615 0.0003556392622794976 0.0008308894418754774 0.0003689146048124503 0.00019132678328956696 0.00018455721936789696 775035800.1279975 nan
11537.605 1185.7476 79.48253 1.9300735 1040.0 20.229591 17.350026505627266 1.7414167851851894 0.18661202506227598 0.045693563500679026 nan 0.009121136121624032 0.013077471571161537 0.0007646899279931826 0.0016198406845788222 0.0004093550481118569 0.001109523022080767 0.00021675703769475475 0.00019317342133867184 0.00017526512963643583 775036105.1199975 nan
11392.969 1139.3107 77.319145 1.758734 901.90485 22.321428 17.73428368231681 1.8172865906959261 0.33531921414458743 0.029533837860901156 nan 0.005895424925269271 0.012133587253226063 0.0008052618068447258 0.0022098426561913713 0.0005298735050100075 0.00128629672300352 0.0003466841766512173 0.00019188332600383697 0.00016405093945650188 775036410.1119974 nan
9064.309 1053.7383 73.061615 1.6733422 825.23816 22.321428 17.17296232507406 1.7019314857576342 0.2570724508298785 0.09141560360461082 nan 0.018246796750979927 0.00958996988193076 0.0005262239301918984 0.001438972983804065 0.00034433428738624025 0.0015429960648925259 0.0005669206631932318 0.0001832262598630822 0.00014256648300483017 775036726.3360007 nan
8227.637 959.1121 69.28002 1.8541389 1093.8096 26.163263 17.152295813337673 1.80002014095102 0.11716345318763728 0.09978510108804908 nan 0.01673083052377152 0.009591172452784508 0.0008106393546518855 0.0012931111043490494 5.447414568864532e-05 0.0013921909848524248 0.0005735812612023604 0.00013112632275417133 0.00011195448274401336 775037031.3280007 nan
