json/2022_087.ecsv
# %ECSV 1.0
# ---
# datatype:
# - {name: p1, datatype: float32}
# - {name: p3, datatype: float32}
# - {name: p5, datatype: float32}
# - {name: p7, datatype: float32}
# - {name: de1, datatype: float32}
# - {name: de4, datatype: float32}
# - {name: hrc_shield, datatype: float64}
# - {name: gp1, datatype: float64}
# - {name: gp2a, datatype: float64}
# - {name: gp2b, datatype: float64}
# - {name: gp3, datatype: float64}
# - {name: gp4, datatype: float64}
# - {name: gp5, datatype: float64}
# - {name: gp6, datatype: float64}
# - {name: gp7, datatype: float64}
# - {name: gp8a, datatype: float64}
# - {name: gp8b, datatype: float64}
# - {name: gp8c, datatype: float64}
# - {name: gp9, datatype: float64}
# - {name: gp10, datatype: float64}
# - {name: times, datatype: float64}
# - {name: fi_rate, datatype: float64}
# meta: !!omap
# - comments: [idx = 561]
# - __serialized_columns__:
#     times:
#       __class__: cxotime.cxotime.CxoTime
#       format: secs
#       in_subfmt: '*'
#       out_subfmt: '*'
#       precision: 3
#       scale: utc
#       value: !astropy.table.SerializedColumn {name: times}
# schema: astropy-2.0
p1 p3 p5 p7 de1 de4 hrc_shield gp1 gp2a gp2b gp3 gp4 gp5 gp6 gp7 gp8a gp8b gp8c gp9 gp10 times fi_rate
[from data line 493]
5401.6465 291.0923 12.85912 0.3120828 1052.381 27.933674 17.418911442273615 0.3189853945103435 nan nan 0.0008554668971633705 0.010918382709310503 0.014077929493204213 0.0014548954394579222 0.0014525163185433701 0.000701994165998014 0.0014387307675209407 0.000811989458617256 0.0003500131792407115 0.0002159277291478285 764837445.6639992 nan
5257.0093 295.26868 12.417791 0.1891689 1083.3334 33.137756 17.08262493682036 0.25900401848349913 0.07192478854071457 nan nan 0.017422070712212072 0.009920426397652773 9.295163659406172e-05 0.001468975476455006 0.00026501676798113547 0.0013846560654298312 0.0005359229943271594 0.00019387827746644395 0.00024487401776180896 764837751.5200032 nan
5114.5977 257.68106 11.950502 0.2468013 1477.143 27.70408 17.18732705702734 0.21966546772863893 0.07642092180907875 nan 0.010516133293784148 0.017770236586226954 0.009637001271763592 nan 0.0016711955657803563 0.0008082128904091145 0.0015686505468732641 0.0009166329516194286 0.0002646261852301594 0.00018680524382330837 764838058.239997 nan
5329.328 276.6939 12.599515 0.3813418 1068.0953 28.147959 17.19204993284701 0.3976004418694218 0.0010760050900699564 nan 0.010916385725708428 0.011931390390936842 0.009635663631788756 0.0005188275678988833 0.0014719487020020984 0.0009467179392135375 0.00177004393200465 0.00031932810714487025 0.00023468869962991044 0.00014412425117478863 764838364.959998 nan
5436.137 293.8084 12.270682 0.24593905 1076.6666 25.33163 16.92906525377097 0.18292718296792868 0.07602521803592976 0.00016135798478862767 0.01085644418328644 0.011912926084115896 0.016852511182598066 nan 0.0012579969592705247 0.0008298376274797143 0.0011872295173862792 0.00031227135628077163 0.00038451432809126447 0.00026658869724087425 764838670.816002 nan
5467.2896 294.68457 13.15334 0.3120828 1320.0001 25.505102 16.80430382971689 0.35386118086202395 nan 0.029661553876972842 nan 0.022077092426580822 0.014450497880756221 3.5866281140365815e-05 0.001049281239974834 0.0008217565218527178 0.0021130675233771803 0.0006070518653189319 0.000323192790459268 0.0002595995098936858 764838989.6320034 nan
5328.2153 273.4229 12.158186 0.23648198 1054.2858 25.85204 16.998136953104254 0.21812629630784772 nan 0.02966235575962831 0.0009565833980141565 0.0031116764948962332 0.014027384025599459 0.0004800692505901402 0.0011780463427852937 0.0006801042081525623 0.0013443120840628 0.00043226274616801674 0.00017756470224042148 0.0001712456920383343 764839295.4880003 4.2231000000000005
5497.3296 287.23712 13.482174 0.3309969 1090.0001 29.841837 17.59283902395869 0.23008239278029413 nan 0.02637975017387763 0.009708972231300295 0.033536133856949236 0.009357319052755244 0.00011585220984286042 0.00226410666224469 0.00032954543312538494 0.00101742038960183 0.0005869694325771826 0.00029177148982335627 0.00022576369378907418 764839602.2080013 4.307200000000001
5258.1216 277.83292 12.66009 0.2837116 1256.6667 26.030613 16.559454755244104 0.32710744013967846 nan 0.003925906084041987 nan 0.020098925840493824 0.006581529909733484 0.0009130096697711832 0.0003210537433540648 0.00013425270904997343 0.0013456045821041353 0.0003105788309131019 0.0003424594969281133 6.967051329750421e-05 764839908.9280022 4.3643
4838.674 201.02219 10.384216 0.2742824 1131.9049 30.709183 16.749612939304875 0.34905426467782524 nan 0.029626288727876975 nan 0.030993303589546464 0.005327331861649782 nan 0.0009854410880024108 0.00023709654010417914 0.0017728097982399132 0.0003105819064330771 0.00028440575079002845 0.0001230401164775689 764840214.7839992 4.4456
4688.4736 207.47662 10.089997 0.3120828 997.6191 25.158163 16.531394848385993 0.4655279870871588 nan 0.024424170441295835 nan 0.004874889298921614 0.019111035882574803 nan 0.000629544955882013 0.0002577703524589963 0.0017899839861110786 0.00036474511234282464 0.00031066481391892807 0.0001373455246963267 764840521.5040002 4.326700000000001
4478.1934 205.69508 9.120804 0.2931687 1190.4762 24.637754 16.55238471166054 0.41486329121717397 0.014800193850553946 nan nan 0.004589931624892829 0.010483518252632627 0.00010204518189348255 0.000629550734374644 0.0004705885051713323 0.0018140003979245692 0.0006211599458765082 0.0004284848604361986 0.0001931372903501776 764840827.359997 4.4753
4768.5806 205.31541 8.973693 0.20811081 1465.7144 29.67347 16.925401419738385 0.3113159461793526 0.0763139820310628 nan 0.0023567045755281658 0.02366589977765386 0.021981892375795207 0.0006400549621001915 0.0009927292988329342 0.0008970968158218904 0.0015758293343241787 0.0005987695496136987 0.00037256222363840933 0.00015685585881265097 764841134.079998 4.4452
4781.9316 203.88434 10.739011 0.30262575 1157.6191 27.239796 17.671792049846474 0.3057413006604721 0.05829628826462471 nan 0.010897958115189434 0.019471470307210883 0.01386512302823021 0.001176554140419311 0.0019619598795433697 0.0006833297863983677 0.001622289727060374 0.0005176360512450704 0.0002716210627865576 0.00019055883786574086 764841439.936002 4.5017000000000005
4637.2944 215.30374 10.41883 0.22699712 1081.9049 29.494898 17.1287761802539 0.47260171553280866 nan nan 0.008091909419535574 0.008976517368119625 0.012032331725964808 0.001306909532807705 0.0010562097743040566 0.0005927405603869916 0.0017219427204385085 0.0004909013761135544 0.00028008639819480306 0.00015943383057456887 764841746.656003 4.3484
4903.204 205.31541 10.089997 0.24521585 1229.0477 27.57143 17.197924615333374 0.43775896314887086 nan nan nan 0.01585909974951554 0.011264240958766374 0.0005262375956227879 0.0014768182246873139 0.0007068854895897132 0.001512609884510583 0.00048056399023144864 0.0002837858257347371 0.00019190300522860346 764842065.4719973 4.4375
4893.191 233.41121 10.332295 0.26012462 1100.9524 24.377552 17.15187706833081 0.3390665585792656 nan nan 0.0037166357749709067 0.017897135044221434 0.008815017376236802 0.0008845964688267744 0.0012636717381556124 0.0008272940761858759 0.0014123924680185156 0.000656413320314268 0.00031786718756847697 0.00015707126972883893 764842371.3280013 4.3025
4811.9717 204.78972 9.397716 0.261571 1001.4286 24.081633 17.40032347254127 0.3308215038302494 nan nan 0.010917705264620303 0.025324840468176252 0.013351663164949564 0.0010058637735978755 0.001602756297731138 0.0006787791633868011 0.0014773492966196264 0.0006495566447205537 0.00031786623617335337 0.00016587248346905812 764842678.0480022 4.2782
4750.779 212.87967 10.003462 0.19865376 1174.2858 27.071428 17.167443016880878 0.4422857133090282 nan nan 0.006744763862139971 0.022314256669584382 0.02133940038810976 nan 0.0016295737242915894 0.0008298371952150727 0.0014020220911951041 0.0005176383762773126 0.0003306616689192655 0.00018154306704544043 764842983.9039991 4.4028
4712.9507 183.3528 9.008307 0.21756788 1251.9048 29.321428 17.222702145539554 0.5542875412129444 nan 0.012027512045307146 nan 0.02244467017251052 0.01883645701547257 0.0002130393251812798 0.0016339583155676922 0.0009738042054546756 0.0014797122489683488 0.0006014548907327683 0.00030392149578841794 0.00016845082399222656 764843290.6240001 4.4535
4513.7964 172.31308 6.9738665 0.3120828 1050.9524 26.02551 17.11926444934322 0.5887011102539947 0.03248307253651065 0.017104738760646263 0.0046410236528441964 0.01438447074546248 0.016598680760127223 0.0007495920480496608 0.0012592289325037802 0.0010848827171742964 0.0017310273802235686 0.0007686229588313182 0.0002697114358420504 0.0001876644553816704 764843596.479997 4.2553
4245.661 156.92172 7.7691245 0.17971183 981.42865 27.586735 17.430678938771347 0.6609870324432852 0.07656582786217236 nan 0.006051531055652909 0.015154349265901736 0.01073528648172414 0.0010525696960392563 0.0016342722093251813 0.0006306430258687835 0.001586332648220944 0.0006432299287613043 0.00028797338980354715 0.00019153693984696196 764843903.199998 4.3135
4490.4316 155.3446 6.7393565 0.19865376 1264.762 26.55102 17.541898456882404 0.8369600571627445 0.0766144313591021 nan nan 0.011878890881171056 0.01774533863729051 0.0012994751121443988 0.0017049506275299735 0.0005151634805877978 0.0014773498341673931 0.00026840925787999204 0.00034512838463842906 0.0001774742038062391 764844209.919999 4.3956
4445.9277 148.77335 7.445483 0.17025478 960.4762 28.62755 17.52606182498062 0.7870960359018004 0.03919666303814175 nan nan 0.008982476501217636 0.019447089951041517 0.001064542753641686 0.0017720963942450037 0.000829838781937737 0.0017661063172191786 0.00040705372772403164 0.00035360760185682895 0.0001230405049773276 764844515.776003 4.2568
4232.31 141.32593 6.974732 0.26485315 1023.3334 28.280613 17.249936791387963 0.6006800126090447 0.039208120171550155 0.015230329108228396 nan 0.018103832606263623 0.012039632804886357 0.00025734036191224854 0.0016651946140410756 0.0007692573926967156 0.001967625556369474 0.0005130665950218946 0.0002851466290571509 0.00017543964043313938 764844822.4959968 4.3079
4344.6816 143.34111 7.622015 0.24596685 1170.9525 30.540813 17.07470753849892 0.5697744395413484 0.036016476613534736 0.029804432385144762 nan 0.02027394251812602 0.008394056477816814 nan 0.0014948757255431853 0.000774191856103348 0.0016100401913035165 0.0005852232888815291 0.00030899177858362915 0.0002255754329462471 764845128.3520008 4.3807
4595.0156 165.74182 6.6502247 0.24591121 1009.04767 29.321428 17.4737250175783 0.7832740998178869 0.04246961925873736 0.013324491297526522 nan 0.011902454543743963 0.011279496304114843 0.0005820747765053296 0.0018890389812446008 0.0007642887786880854 0.0019779368338448643 0.0004847425245785978 0.00029188702959103926 0.0002028974327336773 764845435.0720019 4.4922
4715.176 196.34929 9.155417 0.24593905 1052.381 24.117346 17.288854943463257 0.8098109888703816 0.03283530741858541 nan nan 0.022139879418901255 0.013146110554263572 0.0004500300346635394 0.0016487672830576621 0.0008470263712366606 0.0017856516841361358 0.00038485973854700376 0.0003322960202255324 0.00014934293832834927 764845740.9279988 4.3514
4791.945 201.34344 9.241952 0.20811081 1091.4286 25.336735 16.89961737826893 0.5577942081482465 nan nan nan 0.01915560035748759 0.007789994685869525 nan 0.0012195814257823841 0.0008778717574290458 0.0009288378812428023 0.0004560529177483961 0.00037800970287622815 0.00012304173611482757 764846047.6479998 4.3617
4989.9863 204.99416 8.563517 0.2743102 1196.6667 28.62755 16.790858436554224 0.708963049762158 nan 0.01833761561317737 nan 0.011917232703120102 0.006334036569176633 nan 0.0010495307376910798 0.0008298440454382649 0.0008104614758322802 0.0002868959872408941 0.0002408834616495196 0.0001734396029646276 764846353.5039966 4.3021
4956.609 215.77101 8.783316 0.2587895 1022.8572 23.066326 16.887930540614406 0.7298432223876677 0.052067258518645514 0.009636799414304637 nan 0.024024911778860014 0.018760409236651725 0.0003564117261723611 0.0010495313839420347 0.0006693004791201807 0.0012198623752824624 0.0003472596835084104 0.00019588270016544998 0.00019118401136849008 764846672.319998 4.2235000000000005
4786.382 204.11798 9.596746 0.31681132 1039.0476 29.668367 17.395309963236205 0.7104020935441624 0.07689700961577756 0.020890437662467315 nan 0.013124019261141241 0.015764361536060485 0.000526378041340583 0.0017837505630503977 0.0006756708205488907 0.0017922386583621528 0.0005589531000130298 0.00025259820919450605 0.0001415275281143062 764846979.039999 4.3695
5006.676 212.79204 9.795777 0.28621495 1251.4286 25.984694 17.116384247509945 0.8909081652950979 0.021605204801396098 0.029875180053214663 nan 0.010255236333373309 0.015618558371382492 0.0005264012744376157 0.0013444678490563136 0.0004555692779915897 0.0012616213851265488 0.00047228796611216466 0.0003879747415385012 0.00012304175506870009 764847284.896003 4.2563
4878.727 208.96611 9.389063 0.208083 1041.4286 29.668367 17.02788387604367 0.8171585100898869 nan 0.007725660372364385 0.016308811270127087 0.01635948004862287 0.015188147262717474 0.0001361080658267791 0.0013609119918963522 0.0007951320776162827 0.0014230545487568956 0.00033735431021860004 0.0002861277887432985 0.00010783684523297087 764847591.6159968 4.2719000000000005
4777.481 199.03621 9.034268 0.30262575 1054.2858 29.668367 17.264825824222836 0.965059029417852 nan 0.02275243162687264 0.0052579551373197995 0.031525732223105195 0.014562507109369823 nan 0.0017889478630467115 0.0007679737885206675 0.0009762699055009338 0.00046814909352528686 0.0003360661551489538 0.00024298047674035404 764847897.4720008 4.1908
4922.1187 206.19157 9.510211 0.23648198 1279.5239 27.239796 18.06224905058548 0.8256493367489147 0.06033520729970557 0.006477458254115016 0.008619560618940493 0.0077567938354521915 0.020273607348690777 0.0008247283845432735 0.0027115803510073975 0.0007112992724069058 0.0011736920218541847 0.00019324223883944978 0.0003156375991124725 0.00017464763314883674 764848204.1920018 4.2776
4898.754 216.91003 9.648667 0.26485315 1025.2382 28.280613 17.07748639001645 0.6225119965082877 0.13910506980352183 0.024107174342172664 0.0021372847243962146 0.009622315049386362 0.01011534022053078 0.001052819432334339 0.0010783212687745867 0.0005202540270315439 0.001439102692576737 0.0003537875869661335 0.0002876595422814078 0.0001435490304402265 764848510.9120028 4.197900000000001
4880.952 197.83878 9.034268 0.32153982 1084.762 30.535715 17.125820052565984 0.2842457013383833 0.09050755796543371 0.0052273697780441455 nan 0.01687650194423179 0.015310284751319849 0.00018394905578414974 0.0014960282376794498 0.0008655489528343598 0.001314795427805009 0.0008413153883988292 0.0003120234774721301 0.00012662514059098997 764848816.7679998 4.2125
4892.0786 214.25232 9.536172 0.19865376 1276.1906 24.290815 16.85766715686882 0.5312428676390655 0.011736328552689218 nan nan 0.017920019639419693 0.017007785925521313 0.0004462391002003902 0.0009676136235949423 0.000546427806140941 0.001948288566894317 0.0004929604031031244 0.0002895058796455757 8.82748245539659e-05 764849123.4880008 4.157900000000001
4909.88 199.41588 9.562133 0.3120828 1159.5238 27.933674 16.681324940971287 0.6509241518225294 0.06685460578457836 nan 0.009549046288915867 0.017926020338142293 0.017011557958866403 6.990911184799424e-05 0.0008397326606425433 0.0007826197893325505 0.0016412528446047327 0.0005038931939295102 0.00026990164433139257 0.0002598652259580132 764849429.3439976 4.2896
4834.2236 194.74298 8.386986 0.30262575 1046.1906 32.964283 17.130587135399065 0.3994522850108783 0.008511011147433203 0.026625275561819046 0.0012156535583232164 0.017923070435083965 0.004039844250571686 nan 0.0015867364630893109 0.00082984846794717 0.0013129980031902238 0.0006097390671633671 0.0002825618137303548 0.00032358342972134733 764849736.0639986 4.351
4611.7046 193.37032 8.679474 0.3309969 992.8572 29.321428 16.94745706663968 0.3336262276980405 nan 0.00271999193848442 nan 0.028784504962653543 0.0046391893733739725 nan 0.0012977176393302676 0.0009376245542209489 0.0016385449959332968 0.00033881174133140865 0.0003300393113493032 8.574893575941239e-05 764850041.9200026 4.3045
4794.17 181.27919 8.005365 0.17976747 1276.1906 32.27551 16.805569123625048 0.36461818077075603 0.07181461768461299 0.055778857490241196 0.01025576733003669 0.024308952337177756 0.016179120004285473 nan 0.0010640416078729867 0.0006171024617834732 0.0013073614929148653 0.00011770745005959229 0.00035018452918749235 0.00013793229597099517 764850348.6399964 4.2113
4755.2295 178.97195 8.298719 0.22702493 1100.9524 27.933674 17.302134598130692 0.2623892663025593 0.07708291072629257 0.031402737982584264 0.021485110634159817 0.029589872017722965 0.014701843043943653 0.0015018787918321267 0.0012492874947881297 0.001156471347416868 0.0012803823377544171 5.068736723224838e-06 0.00020813153515233365 0.00014354986917624094 764850654.4960005 4.257
