json/2022_087.ecsv
# %ECSV 1.0
# ---
# datatype:
# - {name: p1, datatype: float32}
# - {name: p3, datatype: float32}
# - {name: p5, datatype: float32}
# - {name: p7, datatype: float32}
# - {name: de1, datatype: float32}
# - {name: de4, datatype: float32}
# - {name: hrc_shield, datatype: float64}
# - {name: gp1, datatype: float64}
# - {name: gp2a, datatype: float64}
# - {name: gp2b, datatype: float64}
# - {name: gp3, datatype: float64}
# - {name: gp4, datatype: float64}
# - {name: gp5, datatype: float64}
# - {name: gp6, datatype: float64}
# - {name: gp7, datatype: float64}
# - {name: gp8a, datatype: float64}
# - {name: gp8b, datatype: float64}
# - {name: gp8c, datatype: float64}
# - {name: gp9, datatype: float64}
# - {name: gp10, datatype: float64}
# - {name: times, datatype: float64}
# - {name: fi_rate, datatype: float64}
# meta: !!omap
# - comments: [idx = 561]
# - __serialized_columns__:
#     times:
#       __class__: cxotime.cxotime.CxoTime
#       format: secs
#       in_subfmt: '*'
#       out_subfmt: '*'
#       precision: 3
#       scale: utc
#       value: !astropy.table.SerializedColumn {name: times}
# schema: astropy-2.0
p1 p3 p5 p7 de1 de4 hrc_shield gp1 gp2a gp2b gp3 gp4 gp5 gp6 gp7 gp8a gp8b gp8c gp9 gp10 times fi_rate
[from data line 2214]
3836.226 588.78503 666.6667 197.87495 8704.763 90.40816 23.105695431801678 343.9317226502181 139.96217769505708 59.50087627698039 8.64247134957316 2.1052571199549757 0.13373910592645338 0.01524153408420545 0.004813555920436013 0.0009232516716224349 0.001679317643402413 0.0008741203227641131 0.00032174198841720817 0.0001583545646844957 765366752.8000008 nan
3508.0107 551.98596 598.6501 185.6086 8195.238 98.0102 23.02868396301204 327.3664804428049 134.49178753778736 56.574924185559055 8.349762084799416 2.010210288496916 0.1126693105089619 0.01574979449870775 0.0045082993561487835 0.0014570974297760195 0.001448938793781195 0.0007247583866592249 0.0003578291560183424 0.0001744404334650689 765367059.5200018 nan
3600.3562 495.91116 548.8924 171.75679 7971.4287 88.97959 21.7421066562995 315.4063533843285 133.59429077552616 54.25564550301571 8.232211771464755 2.1243003141258514 0.10264929991216622 0.013594655048213174 0.0033488795767146126 0.0006733448724990935 0.0016579135563791103 0.000558767909295289 0.00022823869506558714 0.00024610684919934334 765367365.3759987 nan
3579.2166 552.57007 617.8609 184.16222 8033.334 96.63265 22.016617015012564 305.0539655121304 129.62865230385304 52.414327221109644 8.0840676419478 2.1023936112919506 0.10769085618544068 0.011977551490068503 0.004421103566318845 0.0007148175452604091 0.0011596839988473467 0.00034914625064025925 0.0002509732125963621 0.00023907186295434035 765367672.0959997 nan
3806.186 573.306 617.3416 191.39407 8471.43 104.08163 22.058463937411766 310.36303512408904 130.1131594336195 52.09162344946354 8.461243984585696 2.0996194579712575 0.11103708689571426 0.011824105926543323 0.004545210886303578 0.0012084459398149223 0.001727512212975133 0.0007347403695162264 0.0002754309927494904 0.0002480811955360023 765367978.8160007 nan
3709.3904 547.6051 563.51685 164.13551 8004.762 98.72449 23.056839600681286 304.52130175431336 127.18669353459399 50.9391229250116 8.11194983181384 1.9419704022324096 0.12898370376280063 0.014806888453213443 0.0049139283311417925 0.0012947146118310053 0.0017050043279723192 0.0006129807299500011 0.0003178994292556788 0.00026343890051205816 765368284.6719975 nan
3747.2185 541.1799 500.86536 146.63997 7180.9526 94.54082 22.509713053927975 277.70001395820816 114.42910148161708 46.460391073313666 7.62078681010884 1.9837652167077036 0.11922900916295485 0.014727450523339625 0.004092250093937406 0.0007596569971559649 0.0019080011839336948 0.0005674900341890552 0.00032471720746696925 0.00024230824213794112 765368591.3919985 nan
3541.3884 388.72662 396.93665 125.751 6485.7144 99.591835 22.50991265703321 273.5738260745003 110.80795026624466 44.40566792381061 7.530855829012179 2.0645949367756127 0.12959699162836635 0.012907454606108251 0.004808482656579242 0.0009960993128894356 0.0019046023716501122 0.0009038477066243948 0.0002955478800654038 0.00021870801528390876 765368909.344003 nan
3394.5261 432.24298 411.30148 117.26747 6138.0957 87.5 23.690905892089535 266.95835251101687 107.9802146225224 44.23538391609473 7.717393786921032 1.9756031960297344 0.11986202402555755 0.016684159467010264 0.005172964052576572 0.0010114718537824964 0.0020705450925810973 0.0004163063797444144 0.00029193333690425013 0.00013394789805431788 765369216.0639968 nan
3554.7397 458.82007 423.07028 117.6847 6071.4287 81.02041 23.352111440062657 273.77029903565005 106.52974845068967 45.46266247844342 8.123031966051641 2.0069507121453056 0.12373407624387761 0.017501045641654854 0.004310414221123743 0.0007085255046583257 0.0018187065820047974 0.0005226634644697912 0.0003346323640016616 0.0002075497435525326 765369522.7839978 nan
3644.8596 521.9042 453.7037 130.14575 6100.0005 89.33674 22.27577149344863 276.42427154481385 107.93066866344023 46.09056277024663 8.311358288569663 1.9808482976385244 0.13587956435979376 0.013664285702208435 0.004132600208177155 0.0007188452262092276 0.001465089988833393 0.0007798030667139228 0.00029016634949657655 0.00019862404841037662 765369828.6400018 nan
3551.4019 683.70325 558.67084 136.34846 7080.9526 86.938774 22.184378802153322 261.63470597617606 107.68371114112746 45.70446691249697 7.966034259651813 1.9282363869954446 0.1333743654986767 0.012856950121075008 0.004312453168498113 0.0008299300472026112 0.0017170016970302407 0.00048419519412570865 0.00026024185288231103 0.00012526521022850716 765370135.3600028 nan
3773.9207 606.3084 550.9692 139.12996 7833.334 96.63265 22.79623545283621 251.9119571289778 104.65779700597082 45.61039667198642 7.930939008258164 1.9432499106811973 0.14518555835518143 0.01548637883780915 0.004218439727264947 0.0006939522543489545 0.0018990583737160823 0.0003851957104015875 0.00018135423480759969 0.00012004160686222793 765370441.2159996 nan
3556.9648 489.1939 486.414 136.12595 7952.382 97.14286 23.430789257505538 244.3431674905211 101.0842245550529 45.22274312405857 7.683690025701998 1.8889319364824166 0.159362774900051 0.018278463551534226 0.0040933017427862975 0.0010166714804815422 0.0014795590466341745 0.00033261450112608834 0.0002267844755943801 0.00020030566066418125 765370747.9360007 nan
3860.7034 527.1612 536.25824 151.34068 7657.143 95.918365 23.387125262703638 234.79585194796735 98.25113842230203 45.39104875333151 7.476852568106271 1.95148823896688 0.14706785530417776 0.016380555830066312 0.004791415283325442 0.0010109820712152179 0.0018894859504828834 0.0001430650075650332 0.0002597921401592626 0.0002158995103194278 765371054.6560017 nan
3628.171 518.6916 571.04535 151.5632 8600.0 102.04082 22.51028124229283 228.46379192899826 98.92966645391974 45.08427388685272 7.607739235788297 2.040856665508512 0.13434758061706387 0.015105514378548447 0.0039292298954509385 0.000981162776290919 0.0020770535792727094 0.00036766963076108474 0.00026625582527005544 0.00011918243731691213 765371360.5119985 nan
3727.192 490.94623 545.69055 168.08524 8200.0 99.948975 21.950254347572006 209.12858910773002 94.84129475861872 41.09029710611333 7.470137143547434 2.1085986460691757 0.1259488342774732 0.012380055391176828 0.004140145864821076 0.0013801371476193447 0.0019700122964422745 0.0007227531077225438 0.0002954850012332956 0.0001091153888774142 765371667.2319995 nan
3701.6023 504.96497 567.84357 168.66934 7371.4287 96.78571 21.352283495333207 192.29667851229857 88.70191355651717 39.29466096647114 6.571510246199264 1.8522302551306415 0.11408826351510332 0.012021270996450631 0.0033515086388383134 0.0005742939205853544 0.001702220740248354 0.0006875680028888037 0.00023293787967476026 0.00016487322408870116 765371973.0880035 nan
3483.5337 458.528 479.75076 155.17914 8252.381 98.52041 21.802466344784474 196.17479813642984 85.94441746600894 37.51911672621487 6.474117993990099 1.6089060124612025 0.1259379398071927 0.014186203273495238 0.0031878147217184816 0.0009509595566085778 0.0019218007648501923 0.00047584937784078267 0.0002947572747102415 0.00017018317434179287 765372279.8079973 nan
3696.0393 459.40417 479.66425 135.68091 6604.762 85.96938 22.657064701325748 211.15546735088677 92.76190004441357 38.7712401704173 6.874654733808588 1.7160702730518655 0.11652127451631347 0.015964652634692152 0.0038338902742614546 0.0009619656031467923 0.0022817724405922377 0.00041415514556319494 0.00031048994653449965 0.00016407293785504931 765372585.6640015 nan
3881.8425 521.028 558.49774 171.33957 7676.1914 88.622444 21.7688989238096 218.3169446275349 92.7758341127984 40.14221385765833 7.300664845571888 1.6546009831047046 0.08785156997614167 0.013650330939500535 0.003381928098380259 0.000829932972010245 0.0017777514067132925 0.00033711943485935874 0.0003011736423559247 0.0002251093269307605 765372892.3840024 nan
3558.0774 583.82007 567.4109 151.00691 6347.619 74.948975 21.816813798926823 213.5736676332352 92.11412858212225 38.40678840976638 6.787056492713402 1.496037179168817 0.11283868511349679 0.012296399779537021 0.003974795062468042 0.0011025346468621002 0.0015760259928357763 0.00046932462063640703 0.0003139957489196161 0.00016751903541883332 765373199.1040034 nan
3716.0662 490.36215 456.6459 126.22386 6623.8096 86.734695 22.06225402763554 192.18511125769584 87.11966137421567 36.250466539804485 5.881931683996497 1.3091218937777984 0.1291585080566056 0.014361677761611076 0.0035243289098269336 0.0007937822119860884 0.001738805760192212 0.0005176949932137963 0.00041467468511368694 0.00021134652442279269 765373517.0560006 nan
3544.7263 505.25696 458.98236 123.41455 5866.667 78.77551 22.751347287262046 188.7985994814023 76.39693804319552 35.31613990413527 6.083337067133819 1.2135497138101075 0.10061099478390553 0.014820645642458634 0.004452161937684981 0.001315068637032059 0.0013550636733169127 0.0007813033159554595 0.0003782285946162992 0.00012117203050150571 765373823.7760016 nan
3712.728 509.3458 489.1831 127.72585 6066.667 85.5102 20.877742562401078 189.66171860960154 78.90169442424141 33.78287870387344 5.404216814837206 1.3310475498512044 0.07780723704406223 0.008365804237354581 0.004092121635392843 0.0010096548272291324 0.0012805101009507236 0.0003773820775269387 0.00025150538884701195 0.0002097318848942795 765374130.4960027 nan
3698.2646 514.3107 489.70233 132.6491 7047.6196 86.07143 20.955526151086953 175.63788875808672 78.41993837799767 30.63843715733287 5.948355621976409 1.5249405721322895 0.1041807841602731 0.01165150036949603 0.0028825083020393655 0.001370842574562043 0.0016314007159295442 0.0005872415042882651 0.0002640443510421516 0.00028039412072630834 765374436.3519995 nan
3852.915 511.39017 489.9619 132.98288 7609.524 79.13265 21.263898487994027 175.03479837142854 73.65207677492283 29.014773600829738 5.5010224648843105 1.6310814721156437 0.13979755880904055 0.013623659193075696 0.0025512969642499848 0.0017474714562890994 0.0013148166797463203 0.0007157607957426875 0.00032880951302083583 0.0002309558455271081 765374743.0720005 nan
3662.6611 479.55606 465.81863 130.78549 6309.524 76.83674 22.028011580984646 148.25590781549357 62.9995597715223 26.397555988371067 5.431207362003147 2.001671058882378 0.12418458738917358 0.016231035185976017 0.002730056385130931 0.0006728645924326357 0.0010968174388871596 0.0004351305164467554 0.0003502370069933039 0.0002829764901699575 765375048.9279974 nan
3423.4536 498.53967 469.6262 128.3656 6852.3813 83.62245 20.412539327409622 144.3201718351814 57.41985316734892 23.745883125868133 5.3050607229643765 1.9612135230196925 0.11075870947086672 0.010343476329699248 0.002542417782409519 0.0007060205149073354 0.0016478583577518818 0.0008096306897882144 0.000271482794392621 9.129072619046749e-05 765375355.6479983 nan
3687.1384 542.056 491.25998 121.550964 7419.048 85.81633 23.3649403077861 128.91022743957646 52.41864527852744 22.854690328061334 5.150403007430654 1.8782611369348265 0.16857129181453528 0.020883068356459363 0.0029438536955988855 0.0008268913739875243 0.0010026623920054024 0.0002229786848133667 0.00025140345670286355 0.00022192405560357846 765375661.5040023 nan
3792.835 635.806 508.22086 134.42924 7604.762 92.14285 22.49988443435897 128.18816110722312 50.98894978462549 19.99338414997248 5.887735586892381 2.064685959661663 0.15005163671804705 0.014836664450210164 0.004006135491015725 0.0010662931270156125 0.001083196645262674 0.0005166999564991847 0.0003343654660495996 0.0002664879326985099 765375968.2240034 nan
3460.1692 598.7149 486.58707 121.217186 6076.191 76.83674 21.943478680410387 134.98528901607116 52.557409427792436 21.73173822859652 6.285175459109051 2.3244519988118815 0.13258769102304133 0.015804013256747403 0.0027596091945075573 0.0005973584565334065 0.0013808995119749504 0.0004260823571581403 0.000283153176064712 0.0001053022153335745 765376274.9439973 nan
3561.415 562.5 464.95328 126.14041 6900.0 83.82653 21.59428273796752 122.99405589490598 47.075866038889345 19.510765090534026 6.677635829214361 2.02768813711487 0.13450304628585458 0.012215195159710897 0.0036375197135561626 0.0008299378053925544 0.0015232840167009748 0.0010193540512819902 0.00021880909394267434 0.00024134426583895377 765376580.8000013 nan
3558.0774 555.19855 466.59744 127.72585 6747.6196 88.97959 22.51066051382918 116.91076310928402 48.59724017442984 22.24311996871224 6.568772448066257 2.0609582011283707 0.11892039942246316 0.012976558044566787 0.004791526782152508 0.0008299400394026249 0.0025451429136224483 0.0006402206135494602 0.00025302144409904847 0.0001218012204070259 765376887.5200022 nan
3686.026 582.94385 496.5386 135.06898 5861.9053 66.32653 20.916345786788458 110.63597302434103 45.86025151608328 20.08665138961771 6.2126391193734785 1.627213674331258 0.13153071913014422 0.00921553313413036 0.003767148361865192 0.0008012633566997642 0.0009150993707345963 0.0008901163843527631 0.0002790429211710979 0.00010089206937374794 765377193.3759991 nan
3627.058 521.028 468.9339 117.51781 6338.0957 78.52041 21.31548841452707 102.77201656912668 41.4449502472257 21.204721399304415 5.738980196624561 1.6944530354295204 0.08663178071397823 0.01175886867385401 0.0034222396188970843 0.0004864673546454533 0.002272684587046378 0.00044616584061113695 0.00022441005660288061 9.26030889628059e-05 765377500.0960001 nan
3630.3962 522.1962 458.117 124.36026 6552.3813 84.64286 21.467449634941122 95.98467564856146 42.57790449995997 20.0992872970355 5.929002719232574 1.3091412772575926 0.09914392442004755 0.01211204615308533 0.0035099220423643737 0.0006076837467780583 0.0014404537372966774 0.0006858148045952002 0.00028444166146073354 0.00018715454891967854 765377806.816001 nan
3671.562 547.89716 456.04016 120.911224 6223.8096 79.79591 19.15029993515534 93.59791942820279 38.58444912335632 19.959538760352057 5.508970356461957 1.4275937995422925 0.10104155308627517 0.00784711360659058 0.001557006865296256 0.0007772798652996751 0.0012550224037273074 0.0003949777531639406 0.0002875420890696902 0.0002012928920622382 765378124.7679983 nan
3640.4097 550.23364 460.02078 119.54829 6557.1436 86.07143 19.526669141924163 91.87170822990586 42.464911902290325 20.272154170837485 5.878130532532845 1.494328374068445 0.0793532197694204 0.008077674277787474 0.0020771503185142218 0.0009685778257957206 0.0015760343119108817 0.0003751322384127851 0.0002803250681752622 0.00015902803142675933 765378431.4879993 nan
3662.6611 474.00696 446.60785 115.93236 6538.095 87.65306 20.607444861646698 87.7693451409227 40.54125483932032 21.208478442136144 5.5249648001575 1.3381395693306153 0.11168986346766618 0.010477679612795016 0.0027951768335285378 0.0006466975895561622 0.0016208045182664799 0.0006918244621937262 0.00018937888029730781 0.00010346636351914223 765378737.3440033 nan
3698.2646 551.6939 461.40533 119.40922 5542.8574 78.92857 20.635086694398286 90.60719318890136 44.177005609793895 21.887979143772583 5.363808910367183 1.421191483093501 0.10138303078084088 0.009935646829371302 0.0030637242910954237 0.0007707564338401981 0.0016009416969993153 0.0008543350225069034 0.00019235145743332332 0.00022051664652923724 765379044.0639971 nan
3642.6348 659.17053 708.98236 188.33444 6280.9526 82.04082 20.58542600628241 84.79773823302986 42.94222775525736 20.691859901696397 5.08131003422084 1.4476406611111756 0.09295895568189709 0.009249800851928334 0.003266129161525179 0.0005605740023552573 0.0011906996635662164 0.0005930765230138949 0.00029515279250291856 0.00016588032843508873 765379350.7839981 nan
3884.0676 1033.0022 1091.208 218.17981 6171.4287 76.02041 20.94384096565925 77.022874101608 39.059551763997526 20.159559906052227 4.762783687690482 1.3313741213163515 0.10359228391357174 0.010487457402743022 0.0033283441941500194 0.000612507990777481 0.0016785542230801302 0.0006686232882580296 0.00024400397034166806 0.0002375612469186744 765379656.6400023 nan
