json/2022_118.ecsv
# %ECSV 1.0
# ---
# datatype:
# - {name: p1, datatype: float32}
# - {name: p3, datatype: float32}
# - {name: p5, datatype: float32}
# - {name: p7, datatype: float32}
# - {name: de1, datatype: float32}
# - {name: de4, datatype: float32}
# - {name: hrc_shield, datatype: float64}
# - {name: gp1, datatype: float64}
# - {name: gp2a, datatype: float64}
# - {name: gp2b, datatype: float64}
# - {name: gp3, datatype: float64}
# - {name: gp4, datatype: float64}
# - {name: gp5, datatype: float64}
# - {name: gp6, datatype: float64}
# - {name: gp7, datatype: float64}
# - {name: gp8a, datatype: float64}
# - {name: gp8b, datatype: float64}
# - {name: gp8c, datatype: float64}
# - {name: gp9, datatype: float64}
# - {name: gp10, datatype: float64}
# - {name: times, datatype: float64}
# - {name: fi_rate, datatype: float64}
# meta: !!omap
# - __serialized_columns__:
#     times:
#       __class__: cxotime.cxotime.CxoTime
#       format: secs
#       in_subfmt: '*'
#       out_subfmt: '*'
#       precision: 3
#       scale: utc
#       value: !astropy.table.SerializedColumn {name: times}
# schema: astropy-2.0
p1 p3 p5 p7 de1 de4 hrc_shield gp1 gp2a gp2b gp3 gp4 gp5 gp6 gp7 gp8a gp8b gp8c gp9 gp10 times fi_rate
3110.8145 365.36215 65.61094 4.3196483 1324.762 28.663265 17.350394685550146 5.685474180415062 1.6672726755205425 0.5295675132423641 0.06696104026498528 0.02000469867029837 0.01005827799272687 0.0015789572875287267 0.0012986933870825059 0.0008529763730003351 0.0017928275364304204 0.0009325718660379168 0.00040504858699706166 0.0002377467609290357 767573288.703999 4.0858
3198.7095 400.40887 71.63378 3.9858701 1238.5715 27.62245 17.710005455714235 6.2304976061969946 1.312751511183561 0.5910444176883373 0.08286407132353465 0.00587268050367129 0.003992739324230232 0.0013591152095995028 0.0019581184240511184 0.0008687599981016193 0.0014273630259087314 0.0004913650104158016 0.0003555727836799885 0.00026995495473329837 767573594.560003 4.0822
3022.9194 379.08875 72.68086 4.269582 1308.0953 31.091835 17.384258708125348 5.831949883104149 1.6700848546654123 0.6507608206774859 0.0562943726079212 0.008458539121515639 0.00955383620748762 0.0008210383794936878 0.0016544207753038708 0.0005927449209229855 0.0013435964313176355 0.0003561697435063988 0.0003626888772016246 0.000209963636120838 767573901.2799969 4.017200000000001
3183.133 367.40652 69.617516 4.2000446 1549.0477 28.270407 16.991069544395074 5.044644107793223 2.0453576597228045 0.4706796041059298 0.05951515246325165 0.023494481086060975 0.007164612828188437 0.0005264469939901884 0.0011544760975586686 0.0007113341325206804 0.0014772933845763842 0.00031055251783212437 0.00033459758668867985 0.00018456823337948555 767574219.2320013 4.1467
4585.002 433.11914 73.5116 4.483756 1273.3334 28.749998 16.72988686120551 5.427801251688391 1.860533364307294 0.3236246120650321 0.026843289002713183 0.023028425188199596 0.0022944493332625253 0.000526524370706185 0.0007472803637006684 0.0008914537887998008 0.0013827430634543467 0.00052986791176187 0.0003780693593750355 0.0002476976448858912 767574525.0879982 4.2413
4116.6 459.40417 74.46348 4.430908 1183.3334 29.72449 17.065908678057024 5.027294122373439 1.724606086807947 0.5457134491065163 0.015809523566111393 0.021245008877336255 0.002575714277452166 0.0005265791188318365 0.001276358360948814 0.0004370202442808567 0.0015304643733672096 0.0008840523645229048 0.000328042100060943 0.00036449992861582953 767574830.9440023 4.1501
3426.7913 438.96027 73.98754 4.035937 1488.5714 26.928572 17.639033079434785 4.742744284792663 1.6844605771700696 0.6204459853484089 0.0229160167068847 0.019519850217353744 0.008780357352618774 0.0002323600852395167 0.0022909716626297316 0.0004636503090210828 0.0014107655575315244 0.0009317591603939916 0.0003070340793691265 0.0003504426835044311 767575136.7999991 4.1273
3333.3333 402.45325 69.97231 4.403093 1220.9524 33.0051 18.305028425651116 5.254167805705821 2.3024484603229496 0.2902123948325166 0.04504588770710441 0.01515809336756034 0.014718257982936842 0.00030600665443108256 0.003305574027141114 0.0007609519171120352 0.0012803801854897748 0.0009317583646043198 0.00039021779890464816 0.00019176047638117427 767575443.5200001 4.1610000000000005
3511.3484 402.1612 70.119415 3.8161995 1229.0477 30.05102 17.64894451675095 5.0641481100869745 2.1054787909821133 0.34740570902849005 0.06061298585372173 0.028200142511903947 0.016719213817850687 0.00021029532727061083 0.002308389586876995 0.0007825048119474533 0.0016353291717634312 0.001056123779191522 0.00038810394069909164 0.00020926340265385308 767575749.375997 4.1624
3430.1292 392.52335 66.614746 3.9858701 1349.0476 28.316326 17.807186628927074 5.7486008528397585 1.4605332800784796 0.44541098960271464 0.03808831111005062 0.017026075570509433 0.01671921268978621 0.0009796128109466383 0.0022511969196986406 0.0006092879785914911 0.001749163510364531 0.0008819957727845137 0.0004614368515596381 0.00030474393589436803 767576055.232001 4.2019
3740.543 448.5981 73.719284 4.4336896 1322.8573 31.270409 17.928834631357898 5.421855039100779 1.9178667395850608 0.6189020092090372 0.03549090812999272 0.024655862202669503 0.028942007755398038 0.0005691661718525297 0.002595589544230703 0.0010050390601892578 0.0014853408227973345 0.000526024192952345 0.0004758231420105395 0.00030187715431196586 767576361.0879979 4.1453
3734.98 450.64252 72.975075 3.9580553 1086.1904 28.142855 17.820128470200817 6.012924951312485 3.0717575962034727 0.8130862009705573 0.10036363276941525 0.0468498937095712 0.020082163391879886 nan 0.0026588790437609344 0.0009133121219539013 0.0013788834705337706 0.00020937787648082684 0.0004075988185691533 0.00017895347565071785 767576666.9440019 4.1350999999999996
3719.4038 417.3481 69.323296 3.938585 1180.0 24.316326 17.408495909495723 5.878189166011174 2.3022303471964563 0.41389113857635196 0.056415583774695535 0.03292459478371201 0.011942295714106876 0.0003574905260186378 0.0018751668125312655 0.0011940759633291198 0.001378878996474698 0.00024406265761863494 0.0003961473846384706 0.00020655549409095942 767576972.7999988 4.1474
nan nan nan nan nan nan 17.191294495250144 5.512291627800452 1.3828363917164121 0.5450826597671029 0.021645021337317286 0.019508575075286375 0.007083596400839822 0.000526545002210331 0.0014699299476669937 0.000457964150443095 0.0010449494869696975 0.0002403819739497033 0.0003901758376993193 0.0002738956181728268 767577272.6080027 4.3344000000000005
3319.9822 385.514 66.96954 3.7689142 1167.143 27.617346 16.547620514139428 4.8133906785580765 2.048945593195223 0.26715619936326723 0.021520345532195707 0.05285412767436359 0.031104997303445844 6.066935175810869e-06 0.000642134554357651 0.0004755648177122598 0.0022584851866142993 0.0010340958095290292 0.0003842119335693219 0.0001645281952445588 767577672.6399972 4.1069
3107.4768 379.67288 65.82728 3.6465287 1196.6667 27.62245 17.350480023900975 4.840630181890242 2.3178422852606184 0.45882666488514967 0.010822510375874117 0.05181489453270158 0.03492118430865413 0.0005133305377116562 0.0017014686588851702 0.0005987487669300492 0.0016668858552658992 0.0009212871120799717 0.0003354479974437402 0.00020662691749288915 767577976.7680001 4.1607
3365.5986 368.28268 62.322605 3.4101024 1397.6191 27.27551 17.715486897837888 5.630725336926434 1.1397576522151336 0.015816412779027813 0.012277055454048346 0.01174536100734258 0.0007490205346474734 2.3591457974008904e-05 0.0025016477776297536 0.0008139196835237185 0.0013877027776195185 0.0005176469684557049 0.000371059872516617 0.00026383683840238635 767578282.6239971 4.1618
3561.415 415.3037 67.056076 3.7883847 1123.3334 29.877552 17.553205006065067 5.075255399751943 1.1828848567123893 0.3473680399543342 0.042593937597278315 0.01174536100734258 0.01564383222308937 0.0005265887858873693 0.0020325104379802406 0.0004665750963633286 0.001594866050805559 0.000524301984668033 0.0004306764584143079 0.00020243294426395048 767578588.4800011 4.1133
3238.763 376.46027 65.55902 3.3350024 1224.2858 22.755102 16.898835172420533 5.632116433135223 0.8528485033063958 0.2697169574934651 0.03609696821269503 0.01174536100734258 0.0010012419900241032 0.00048235465276429417 0.001032164862769933 0.0004252241333739695 0.001863058588850819 0.0006038110091281604 0.0003778778817731018 0.00018296734447953482 767578894.3359979 4.2352
3196.4841 356.01633 60.78228 3.8356698 1418.5715 24.668367 16.702145881690015 5.698499039434855 1.9017696420490444 0.3175428190593595 0.07240173204356898 0.0123523613488596 0.011942295714106876 0.00010880945092287117 0.0008614965151329604 0.0011487254905411769 0.0017931846754332317 0.00041410855210414685 0.00047825210713034385 0.0003811535300262165 767579200.1920019 4.1377999999999995
3203.16 356.89252 63.144688 3.2571206 1209.5238 27.27551 17.042909487917544 7.76447812430761 1.9887514827032267 0.32398232539799177 0.04465108369796191 0.019095138570101103 0.011041177753575415 0.0009203325017083626 0.0010758158517740002 0.0008000205766359725 0.0018954737657699266 0.000453167682847846 0.0004035176473477443 0.0002972864538520133 767579506.912003 4.1785000000000005
3141.967 343.45795 61.855312 3.6910326 1223.8096 25.647957 16.886223180200567 8.089970708804552 2.0881938106789733 0.7269619841751763 0.050967963273776826 0.030216585282877937 0.007552880611920642 nan 0.0011986897154170075 0.000627187716444447 0.0013502451272618136 0.0007547810455098631 0.0003108619645887812 0.00023153490503390392 767579812.7679999 4.1054
3515.7988 431.65884 69.67809 3.596462 1306.6667 27.10204 16.754913561085413 7.337467326003224 1.8939394311979425 0.734851400791288 0.03603463091035095 0.031364813050499596 0.022703735457393254 0.00017361780022200792 0.0009093355177790596 0.0008493875375048301 0.001181900481787977 0.0008976370231626032 0.0003570335712125574 0.00024969484657763304 767580118.6239967 4.1832
3481.3086 394.8598 64.02735 3.7216291 1515.7144 28.316326 17.148952422678725 6.667811725991205 1.7822302623095088 0.9429502476272291 0.05411255551734939 0.01174536100734258 0.018920416141148033 0.0009564053415412178 0.0012215650699786134 0.0009702538284477221 0.001327136138894755 0.0007056251355308223 0.00031964564699095736 0.00016783724928158902 767580424.4800007 4.1726
3637.0715 437.49997 68.64832 3.5992436 1084.762 28.836733 17.031391142779196 6.349501867923367 1.2693818602548106 0.5230714642567778 0.05939740363973775 0.01174536100734258 0.022829847160707406 0.0006553362648415604 0.0011528648675067242 0.0008353965030662065 0.001825549084618113 0.0006717330868392636 0.0003688442332181264 0.00020960031319017876 767580742.431998 4.1536
3295.5051 417.93222 66.29456 3.2376504 1126.6667 28.142855 17.39544356120298 6.232210172074235 1.3332848326703366 0.3648320072037189 0.06421818198315916 0.008614517617101788 0.0060502533772597384 0.0009131059519011597 0.001638446277473539 0.00015015297318084043 0.0014051398303421131 0.000773042057292457 0.0003122787488841584 0.00030896708666095613 767581049.151999 4.169700000000001
3654.873 428.7383 66.57148 3.543614 1326.6667 31.448978 17.515227359395524 6.488723953983547 1.60164840192998 0.35319565192782826 0.026275323375869446 0.006720225987395163 0.006820674650310356 0.0006774515662060793 0.0019203469926292165 0.000338846232667452 0.0013646723193374544 0.0005619420186464333 0.00043498514011846017 0.0003163297834211681 767581355.008003 4.2854
3615.9324 428.7383 68.856 3.8746107 1141.4287 29.357141 17.201440731520982 6.906614310216352 1.4162423897968095 0.49440425732852 0.02074458898166376 0.02169603099509438 0.0043794782313706215 0.0007317059206461143 0.0014065621611119466 0.0006289853266256743 0.0011436149904294087 0.00044575845789483195 0.00037363317274076446 0.00017829961667566966 767581660.8639998 4.131600000000001
3282.154 389.01868 64.13985 3.4740765 1167.143 29.010204 16.972708472808584 6.757864030404473 1.2897455482625602 0.24275374367351343 0.032734200585376926 0.01379939032054533 0.014330753401736729 0.00017136109444274283 0.0012607027277346224 0.0007498544504116294 0.0015365800868160158 0.0005513112761433515 0.00026142115554853875 0.00017072710850612807 767581966.7199968 4.2028
3462.3945 401.86914 65.41191 3.8356698 1391.4286 29.183674 17.244815099327145 5.907739376309915 1.1885818893376774 0.46158517923886194 0.02574199164806574 0.01801644470443669 0.011038119579337553 0.0010719194915536072 0.0013334992171545857 0.0008298700110390151 0.00172891326755441 0.0006925477854591382 0.0003294096654712278 0.0002481775463978677 767582272.5760008 4.0470999999999995
3691.5889 450.64252 72.153 4.052626 1292.381 30.397957 17.15562000517072 5.879270452580493 1.784460640446571 0.47871962267596835 0.05805368213555336 0.030415787384599983 0.008256043021955446 0.0013403462482356084 0.0010885004876975402 0.0006571798206814252 0.0010834163090112279 0.0007151374681276604 0.0003147819803577327 0.0003243262641295454 767582578.4319977 4.2378
3581.442 436.91586 69.50502 3.7410994 1112.381 28.367346 16.80531331734036 6.82286246053256 2.1283151836020027 0.4864583633481656 0.0441731628658935 0.025264741548009242 0.01433075431123143 0.0006066373873560666 0.0008235957059165526 0.0004011426038913838 0.0014235272554283715 0.0006368229263389792 0.0002894699200694047 0.00026182548904639364 767582884.2880018 4.2508
3303.2935 391.3551 63.923504 3.5241432 1213.3334 31.102041 17.408913496075584 6.565623743814636 1.1340606361828138 0.391729343227689 0.024006927730492834 0.03744233215753692 0.01433075431123143 0.001153098897816511 0.0015567720419802347 0.0003779265275048539 0.001649890261505115 0.0007862084024048026 0.00031736865540469064 0.0002871042960668908 767583191.0080028 4.3282
3525.8123 392.8154 63.525444 3.6659992 1150.9525 28.316326 17.217238779451073 6.206670173599584 0.8446060541294365 0.24727272873702402 0.04789610554265365 0.0184918974308428 0.01636381064965507 0.0005269674522428598 0.0015024662853036878 0.000539838982177517 0.001181908830585607 0.0006806533587729195 0.00033176782437631164 0.0002783749647104055 767583496.8639996 4.334700000000001
3667.1116 425.52567 64.60713 3.4462616 1134.762 30.05102 17.062523770649683 5.33938708058909 1.0517818461283879 0.45387464505556685 0.05936623307097947 0.014596195188192895 0.014469858269885859 0.0007825331750117195 0.0011585936609323805 0.0008333110893759361 0.0013253375070430271 0.00072169596232403 0.00034516127262855506 0.00031636913306918153 767583814.8159968 4.2696
3589.23 464.0771 72.975075 3.9107702 1058.5715 23.622448 16.994481644831048 5.439667047355874 1.5549091236844204 0.4404307042718797 0.0703999952889886 0.020583510500291752 0.013172065306390202 0.0005215936919933883 0.0011564983434704545 0.0005915788715939879 0.0017260477975012778 0.0006714024190386438 0.0003183711455494447 0.0002862873929525815 767584120.6720009 4.1674
3643.7473 434.5794 68.03392 3.4852026 1311.9049 27.62245 16.861968141227454 5.143113757072101 1.2656242752900846 0.21417123380227576 0.04170042994373304 0.020410618827318514 0.019224611311536584 0.0005527268991697455 0.0009300162501967761 0.0007850982326635294 0.0020215047297603437 0.000952047382806521 0.00035929114664209465 0.00021582948593584943 767584426.5279977 4.2288
3637.0715 438.08408 68.05988 3.5241432 1066.6667 27.443876 16.653320732990554 4.1179164767569 0.5448485028388141 0.26431301497002074 0.02848484947414187 0.024007518915728204 0.018897487041564295 0.0004805587753887314 0.0006303643149289099 0.0008734906366611228 0.0015325470465571455 0.000895334760379367 0.00036043896885099236 0.00022558071270849055 767584732.3840017 4.238
3156.431 376.1682 62.313953 3.551958 1175.2382 28.836733 16.980615085961816 4.129829979885721 0.6463030604686446 0.4785407450858261 0.049419913055181994 0.029363403882598504 0.011307919600128662 0.00029841186225116164 0.0012252044082643042 0.000778457379849607 0.0010834167225766311 0.0005762937414365632 0.0004438745433834633 0.00024881018255719 767585039.1040027 4.3126
3325.5452 372.9556 63.620632 3.390632 1467.6191 28.316326 16.934441195308302 4.588714971028559 0.7759272937963633 0.4433774514740707 0.07313593194456891 0.02592248212910345 0.007165376967313931 0.0002181609856837587 0.0011880803126144094 0.0011771644163607545 0.0014873629743253247 0.0005605145643376369 0.0004626935559209487 0.0003266706710694127 767585344.9599997 4.1561
3432.3542 397.48828 62.487022 3.315532 1224.2858 29.530613 16.982742925448726 4.271738422127818 0.5900848572992689 0.4180900151427046 0.04071342253535849 0.02349072201468516 0.01005751412149108 nan 0.0013485367489954204 0.0009919512631423565 0.0014150594792167914 0.00045496242526791675 0.00039446463188631055 0.0003070480956472568 767585650.8159965 4.2737
3591.455 424.6495 63.94081 3.429573 1233.3334 31.357141 16.944062460500454 3.8228222598635284 0.8617212424911784 0.36775992291448095 0.03787705740248684 0.012480150477687673 0.011942294804612175 0.00032894286109505505 0.0011549007032982685 0.0007112940992556071 0.0013665475420153264 0.0008023190205184566 0.000399425278541637 0.0003306698439996108 767585956.6720005 nan
