json/2022_118.ecsv
# %ECSV 1.0
# ---
# datatype:
# - {name: p1, datatype: float32}
# - {name: p3, datatype: float32}
# - {name: p5, datatype: float32}
# - {name: p7, datatype: float32}
# - {name: de1, datatype: float32}
# - {name: de4, datatype: float32}
# - {name: hrc_shield, datatype: float64}
# - {name: gp1, datatype: float64}
# - {name: gp2a, datatype: float64}
# - {name: gp2b, datatype: float64}
# - {name: gp3, datatype: float64}
# - {name: gp4, datatype: float64}
# - {name: gp5, datatype: float64}
# - {name: gp6, datatype: float64}
# - {name: gp7, datatype: float64}
# - {name: gp8a, datatype: float64}
# - {name: gp8b, datatype: float64}
# - {name: gp8c, datatype: float64}
# - {name: gp9, datatype: float64}
# - {name: gp10, datatype: float64}
# - {name: times, datatype: float64}
# - {name: fi_rate, datatype: float64}
# meta: !!omap
# - __serialized_columns__:
#     times:
#       __class__: cxotime.cxotime.CxoTime
#       format: secs
#       in_subfmt: '*'
#       out_subfmt: '*'
#       precision: 3
#       scale: utc
#       value: !astropy.table.SerializedColumn {name: times}
# schema: astropy-2.0
p1 p3 p5 p7 de1 de4 hrc_shield gp1 gp2a gp2b gp3 gp4 gp5 gp6 gp7 gp8a gp8b gp8c gp9 gp10 times fi_rate
[from data line 259]
6133.734 554.3224 181.5507 87.58901 6152.3813 70.35714 17.269733354297465 142.80562903964218 141.16993583583832 83.7024043018399 34.23737706921564 9.126769565015922 0.11033381418424115 0.00013629748290247415 0.0016581051464488088 0.001109109893163754 0.0016109122806508818 0.0007748645519132132 0.00020724152779095945 0.0003155538169921211 767652930.4959981 4.1803
6043.614 558.4112 179.21426 86.78238 6076.191 67.7551 17.596027830238413 143.56082355867343 135.15101120737256 81.39100480417056 32.42862735347192 8.509474608255951 0.08486711137718275 nan 0.002248836205741956 0.0008688221504102273 0.001411289448856166 0.0008282730393330154 0.00036467030041039783 0.0003076231657633203 767653236.3520021 4.1763
6210.503 563.96027 191.93494 87.33868 5900.0005 61.17347 17.290223131026394 152.30833464003922 131.5331102691911 83.46860127762453 32.893352202145195 8.30918671257746 0.11381294466224279 0.0019230954046641612 0.0009755054930550319 0.0010456850517889683 0.0018271321932175032 0.00045138050090251665 0.0003391299681848057 0.0002889587760346589 767653542.2079991 4.2682
6312.862 573.01404 198.07892 85.41945 5623.81 61.989796 16.884322997777698 165.95864785069782 151.42095840056376 87.6535655127868 33.51032211437968 8.095479780975658 0.12148887489812515 0.0011277559194612262 0.0006461654447960272 0.000735351596758214 0.0010448063123376676 0.0004141356990203332 0.00033461711579548155 0.0003636068101998028 767653848.9280001 4.1186
6464.1743 615.3621 230.18346 87.89497 5457.143 56.632652 17.61069409337743 166.16602874573474 149.77758124830126 84.68866828602538 31.417058699448344 8.226168757601823 0.1013471007921075 0.0005539245157248576 0.002036768635994921 0.0005984725670135719 0.0014538093923406278 0.0011041002083679303 0.0003983319577360659 0.00019343415836421378 767654154.7839969 4.1098
6586.56 599.8832 212.01108 92.34535 5309.524 67.39796 17.13482765915007 173.1290956463106 149.1311336085437 83.45160526519406 31.658465414490298 7.442911730662721 0.11914015439710432 0.001063238626800257 0.0010685634069218586 0.0003668985997840937 0.0014797753783384361 0.0007259654628568872 0.0002848221955413686 0.00014598442635362682 767654472.7360014 4.1015
5962.3945 573.01404 212.7899 97.96396 5271.4287 55.255096 18.016885307235082 159.2285805682042 127.50106469071895 79.99196901807676 31.10062064734686 7.628980540562898 0.09508894603895783 0.001552112719396004 0.0022845096836426686 0.0012743745905957273 0.0016651593416688135 0.0008185298125537651 0.00032208406702836305 0.00034477871403382345 767654778.5919982 4.2295
6249.4434 559.5794 196.7809 87.36649 5471.4287 63.57143 17.110072938194453 171.6925539448632 137.40274254039122 86.03070389872833 35.05432332666985 7.675018157301185 0.0823013266125378 0.0005016305619309145 0.0012857144281954625 0.0003918611397656407 0.0014140312862303943 0.0005229462577301382 0.00044237085236401437 0.00022663340734257982 767655084.4480022 4.2306
6184.913 564.5444 216.51091 97.46329 5357.143 60.96939 17.229665433045337 183.82028286333892 147.84326684978032 98.269557461238 35.84065594786121 8.301743009087971 0.10320817860836579 nan 0.0016555526372641436 0.0010336229088800648 0.0019921611050159934 0.0006357815523005161 0.00027358404055038255 0.0002489859768114667 767655390.3039991 4.2099
6064.753 571.26166 204.396 94.653984 5247.6196 63.92857 16.988041972984096 203.13610367527107 158.41029958488966 98.60137288508537 35.20233853422632 8.039699867367744 0.11629693462352725 0.00014706390956586567 0.0012048100677227733 0.00065878657122723 0.001103768064382753 0.0007898329457469461 0.0003528974185447143 0.00028520694295138275 767655697.024 4.292
6243.881 573.01404 212.09761 101.385185 5571.4287 63.061222 17.12584945883349 181.40910924118464 141.16630400972898 93.47431358119297 32.19442289352267 8.079936619990661 0.17457380711661438 0.0016441625911307706 0.0007742137732320505 0.0011975878147852412 0.0020884060287509427 0.0004257632618841595 0.00036432071787924765 0.00025969525261780623 767656002.879997 4.133500000000001
6092.568 617.4065 243.5964 112.928345 5295.2383 61.122444 17.863916668284144 173.40795293405597 160.9748378525956 94.33026727674445 32.853531524195056 8.353026360330693 0.1338072070589671 0.0018351028394110061 0.0018967253244732121 0.00040255839399179656 0.0007803727376863362 0.0005040225816635304 0.00032138366991810646 0.00021319395683381178 767656308.736001 4.2832
6771.2505 596.0864 232.34685 110.258125 5509.524 62.70408 17.362277427840713 203.96209363258694 188.52956537844585 104.59103233226304 37.69795386388828 8.067095450295241 0.10414980545301514 0.0001598495187727651 0.0017999523780876268 0.0007831101890927752 0.0013640281007768302 0.00042980402830188546 0.00025702309480186655 0.00027281156909002215 767656614.5919979 4.0813
6775.701 590.2453 239.44272 109.312416 5376.191 62.85714 17.27710018096924 226.51098291717204 197.49465042446985 106.14217009043462 36.56234865564846 8.052673929224028 0.1147064147653995 0.0010561323100789582 0.0012994230056107877 0.000982960938688508 0.0013477662348541362 0.000553049838746283 0.00037908925775227616 0.00029009714878715703 767656920.4480019 4.3165
7545.616 635.806 221.87608 106.36405 5223.81 63.77551 17.467978413043326 220.33943063249222 205.12776497023398 104.5616676981339 35.70368886567245 7.674212230880139 0.12067640613014802 0.0010563646193982733 0.0015947744065221059 0.00022572858364671905 0.0015619021936542593 0.000665594998737647 0.0003226788893746365 0.0002011756611311732 767657226.3039988 4.2343
8380.0625 632.0093 232.2603 105.55742 5238.0957 59.23469 17.711970551366523 223.95757857558505 190.33544349350063 102.3549383124044 33.122671112743596 7.3225934747394215 0.09795662500077634 0.0009226419829150193 0.0020524086464094446 0.0010355042310073264 0.001158237365850925 0.000518954948370271 0.0002515873481843264 0.00019495211470834116 767657545.1200001 4.0791
8093.0127 645.15186 265.2302 116.18269 5438.0957 62.70408 17.328265509291537 226.16272947655247 195.85326745560394 98.64147064897644 32.43805398221156 6.786159246861656 0.09662673206143127 0.0006714100367976548 0.0015491991306830072 0.0006574088994555047 0.0015937419397318029 0.0007717925553426538 0.0003969708895208121 0.0002367651552753339 767657850.975997 4.021100000000001
7289.719 611.5654 219.10696 100.68981 5595.2383 62.040813 16.944117582830334 216.743324322655 199.91129565575844 96.760398176334 31.65690055959995 6.644108069142786 0.06915754678140774 0.0007463857237656533 0.0009383406850846647 0.0008991375690075199 0.0019366376670007011 0.0006816806829153432 0.0003701353742347267 0.0002546149359099692 767658156.8320011 4.2842
7453.271 604.5561 214.34753 101.57989 5238.0957 63.41837 17.137664905474107 207.6326861528153 190.1781989675529 94.08462046839445 30.53381823354159 6.572824329461492 0.05583414659302596 0.0001645753237775958 0.0014867459802950986 0.0008822217826805791 0.0014096200032597094 0.0007637210218099443 0.0003398258700076979 0.00022558582737474374 767658462.6879979 4.0746
6771.2505 591.9976 198.07892 95.09902 5128.572 53.87755 17.22049846772919 195.29339700148475 176.9620606370323 88.58102122583448 30.948986427245696 6.780587628197422 0.057292443838496736 0.0007029282401338299 0.0014014868456969523 0.0006705420525349308 0.0014774290528293764 0.0005869071778495899 0.0004122980466456217 0.00022558567131909248 767658768.5440019 4.5637
6567.6455 559.5794 193.92523 97.74143 5528.5713 60.10204 18.001349390978604 186.5564453031471 173.16643789177834 83.51843158151557 31.883932587226354 6.914511355661309 0.07441597633787886 0.0012415871986501427 0.002401932786117308 0.0009422574089739033 0.0011665292574616812 0.0005176662472149215 0.00048257599983066233 0.0002399719354797548 767659074.3999988 4.4596
5963.507 552.57007 170.12807 88.25657 5238.0957 60.45918 17.953079616197762 187.13204498395774 177.2116406144807 85.07851100714305 30.631459807139834 6.690920724698485 0.1035230712649889 0.001387715796892082 0.0022420641660043316 0.000755566177998521 0.0008849766556208458 0.0004404083848552833 0.0003411119382559933 0.0002819084614752718 767659381.1199999 4.3577
5703.1597 543.51636 166.49359 88.28438 5214.2856 61.32653 17.119291679465913 184.3248210741461 182.08683237950675 88.37351968198891 29.79543838469434 6.3680398713556325 0.11209630257226794 0.0008488897621975345 0.0011356787375791256 0.0007833368749072785 0.0016883191364107837 0.0002699488903004552 0.0003530913157404168 0.00028346219141001724 767659686.9759967 4.2065
5739.8755 550.81775 172.72412 88.78505 5290.476 61.32653 17.269837999812953 183.98487869744486 187.20566686503474 87.7774116431787 30.2843876980004 6.436061758090155 0.08598452704725788 0.000963249605570734 0.0013502593004456464 0.0008090583817313171 0.0020045076763239634 0.00042042766866474957 0.0004369220419286344 0.00019537936978538512 767659992.8320007 4.1577
6015.799 556.9509 168.13777 91.95595 5219.048 61.17347 17.3773052572242 185.4995930877845 192.28992625578243 87.47120304747264 28.99451423666397 6.349972732257836 0.06330142971065708 0.0011280978168253242 0.0014738453889734714 0.000846083320226761 0.001687874653979157 0.0005012651859998718 0.0004186323905692249 0.00016731106292777195 767660298.6879976 4.3257
6052.5146 557.53503 172.29146 91.56653 5004.762 58.520405 17.357294674117924 185.1622281226747 203.7133568204303 86.42325072578063 29.06632763020259 6.440537270522771 0.06396178246020381 0.000527927801741454 0.0016808338922078754 0.0006530568596574872 0.001430683304967971 0.00041061836736485806 0.00043585042387829265 0.0003062265240994666 767660616.640002 4.2042
5822.2075 580.6074 186.82936 94.51491 4771.429 60.816326 17.559533051961306 187.0890212927634 217.39602546420826 82.933649543571 29.23136242517228 6.560042930601928 0.060141011005894085 0.0005279989010704945 0.0020027611696301646 0.0005927745265762445 0.0013811069231500898 0.0006741053808959007 0.0003420568974655684 0.00032676848189225924 767660922.4959989 4.2299
7176.235 573.306 208.20354 94.1255 5028.572 58.72449 17.77049340540046 182.7697766934775 200.10589282006254 80.16238823631724 27.477284084065275 6.305248099407276 0.0657701359016383 0.0008096241834065612 0.0022179485675099865 0.0009089878789954229 0.001897758999674582 0.0005590434569035844 0.0003725523162891988 0.00024472377982064504 767661229.2159998 4.2871
6931.4644 613.6098 215.03981 97.268585 4880.9526 57.85714 17.83127587742145 168.91287638205685 179.9118617310503 75.7374050370099 26.13191391478573 6.358119180787065 0.08446661076183117 0.0019316366077189936 0.0018502668137622674 0.0007922154700294572 0.0018296759097412435 0.000414131460511266 0.0004627535959571211 0.00021424627690163668 767661535.0719968 nan
8767.246 650.4089 233.90448 116.23833 4909.5244 54.69388 17.685524163741874 161.86007385407288 195.9671363233198 76.93213810083144 28.575651717063874 6.750523072927792 0.06755173343436378 0.002035170318098031 0.0015942982184165124 0.0006099591655662976 0.0015901964261248935 0.0004141308304224328 0.00046603499474513803 0.00021681915360165406 767661840.9280008 nan
10492.879 1035.3387 300.19037 121.244995 5371.4287 64.13265 17.31610207988118 167.75464503413548 233.36242759108555 80.56722174570399 30.92008741855622 6.544233229629293 0.07438616889645908 0.0006461879945172857 0.0015596565761566 0.0009218801505296511 0.001557798311936541 0.00041413058556826794 0.0003526831921565953 0.00024986890311554463 767662146.7839977 nan
7081.6646 628.50464 200.93457 89.17446 5076.1904 59.23469 17.42416043308876 171.04457334457794 225.84111062066336 79.3864164606332 28.573177132205522 5.9742428803928425 0.07244406698123926 nan 0.001989019225823234 0.0006320009044758182 0.0013569655885807277 0.000667382586587576 0.0003355785280679154 0.0003042259491936863 767662452.6400017 nan
5510.6807 526.5771 174.28175 77.6591 5000.0 60.612244 17.63607186830659 168.0396256306224 213.8318052192283 80.07143387802981 26.732234919028432 6.3815230572290895 0.08044177483322842 0.0006662115642803891 0.0020504108811233625 0.0005052913493258072 0.0012182854428313542 0.000762929988531212 0.0003364040431701879 0.0002245961867614549 767662758.4959986 nan
5371.6064 541.1799 171.4261 71.23387 5261.9053 63.061222 17.539002666856916 171.7596978649354 205.9215055497603 83.37271328946372 28.47042107088349 6.210467364129002 0.06340155085208903 0.000710846637300128 0.0018947076787667215 0.0008251770568703924 0.0016324600243014758 0.0007247297792491723 0.0003944116603026173 0.00016406323190949567 767663065.2159996 nan
5361.5933 601.34344 216.68399 81.16378 4961.905 54.897957 17.50279132669116 178.4113668951342 233.64513978258483 82.86176033095603 27.75503373634383 5.8109243389339715 0.08230438346556498 0.0019489051901949326 0.0013278165508416465 0.0007090868826406504 0.0015399829336768176 0.0009337547002922918 0.00044625688976468046 0.0001778636700983639 767663371.0719965 nan
nan nan nan nan nan nan 17.50286491620577 183.86414625289285 225.19675509141285 80.98542587101491 26.205880984017757 5.897366451411935 0.08186873279385248 0.0012199089733508088 0.0016187300245676859 0.0009913041279045957 0.0017100340246628217 0.000756905020723557 0.0004517296115045633 0.00021214575826502272 767663670.8800004 4.4199
6692.2563 830.0233 329.95847 125.27815 4880.9526 70.35714 17.50768621291549 186.15999407493354 247.0048754491719 81.59101264933287 28.816529831203958 7.212463494320334 0.09770669460685985 3.0404581478473487e-06 0.0020971587335651765 0.0005955107109367006 0.001676689524566378 0.00041533216113015216 0.0004682677164018686 0.0003070270881849494 767664070.9120021 4.1967
7926.1235 694.2173 276.47977 119.79862 5723.81 61.836735 16.706190117185006 192.32469483230278 241.05890412998204 88.51994274597416 32.06754230960665 7.379469535583365 0.05931403802479676 0.0005453959577253021 0.00065225635550041 0.0010590980555005734 0.002066757137967714 0.000621199575652976 0.0004341634562474287 0.00020610285443080245 767664374.1760008 4.2844
8406.765 704.14716 251.81725 107.00379 6057.143 64.64285 17.709976519618976 256.67628159410015 306.49355881515453 114.70970179014888 42.339755812630194 8.946347468361768 0.037726954641614914 0.0015437518741835022 0.0018548329323886384 0.0005799028860272088 0.001962753276092963 0.0006211876234010997 0.00038480211356731154 0.00026363207811396796 767664680.0319978 4.456600000000001
6209.3906 710.28033 395.72516 149.56053 5514.286 70.86735 16.837831439027386 293.93972112827737 386.37805472920144 128.14951938944068 42.501460190709864 8.314285675600539 0.08921219664323339 0.0005269295639304246 0.0008406826753718411 0.0002509875673408345 0.0018017004470443601 0.0006151188363291279 0.00038381736366830614 0.00018816874387263746 767664986.7519988 4.2284
5682.0205 710.5724 398.32123 131.28616 5433.3335 57.346935 16.875467946931273 350.45554871996865 442.4371328097275 141.66174761689393 39.006848765005714 7.187648127286179 0.10102531836567787 0.0006090942076134988 0.0008568452236893097 0.0005112286573951512 0.002265302494561257 0.0005095621344392015 0.00037198119120960746 0.00023968136999270103 767665292.6080028 4.5167
5903.427 823.89014 528.4701 172.56343 5200.0005 62.551018 17.343790589746174 348.9260605302252 398.6205391616393 128.25178859128454 32.25743779167262 6.386441185437805 0.0821958583697662 0.0017982718474655907 0.001137441065609774 0.0009320539855431847 0.0021158861142743695 0.00047123286610342295 0.00042517598422691267 0.0001866845651676135 767665610.5600001 4.1782
5397.1963 775.4088 517.307 203.43793 5361.9053 62.44898 17.82516084650139 330.45870987384296 408.34302365410235 121.4966003308889 31.60347455949105 6.144175024561003 0.08574070940806641 0.0026629777730524094 0.00154816405764214 0.0008485149936408459 0.0012439274009694253 0.0007793343671034984 0.00044473667190149976 0.00030228486529052456 767665916.4159969 4.3116
