json/2022_203.ecsv
# %ECSV 1.0
# ---
# datatype:
# - {name: p1, datatype: float32}
# - {name: p3, datatype: float32}
# - {name: p5, datatype: float32}
# - {name: p7, datatype: float32}
# - {name: de1, datatype: float32}
# - {name: de4, datatype: float32}
# - {name: hrc_shield, datatype: float64}
# - {name: gp1, datatype: float64}
# - {name: gp2a, datatype: float64}
# - {name: gp2b, datatype: float64}
# - {name: gp3, datatype: float64}
# - {name: gp4, datatype: float64}
# - {name: gp5, datatype: float64}
# - {name: gp6, datatype: float64}
# - {name: gp7, datatype: float64}
# - {name: gp8a, datatype: float64}
# - {name: gp8b, datatype: float64}
# - {name: gp8c, datatype: float64}
# - {name: gp9, datatype: float64}
# - {name: gp10, datatype: float64}
# - {name: times, datatype: float64}
# - {name: fi_rate, datatype: float64}
# meta: !!omap
# - __serialized_columns__:
#     times:
#       __class__: cxotime.cxotime.CxoTime
#       format: secs
#       in_subfmt: '*'
#       out_subfmt: '*'
#       precision: 3
#       scale: utc
#       value: !astropy.table.SerializedColumn {name: times}
# schema: astropy-2.0
p1 p3 p5 p7 de1 de4 hrc_shield gp1 gp2a gp2b gp3 gp4 gp5 gp6 gp7 gp8a gp8b gp8c gp9 gp10 times fi_rate
[from data line 302]
15131.286 2220.5022 160.69574 3.7299733 997.14294 22.295918 16.78316780833293 5.011684294478624 1.1496727551717203 0.04154633591793589 nan 0.015197557565922433 0.007305245331603173 0.0005261213351331405 0.0008269669601363757 0.0005299819259020806 0.0012282042721969235 0.00046282956401095583 0.0003395233689980757 0.00019420896472579087 775010310.3999991 nan
15142.413 2277.745 155.50363 3.7661326 831.9048 24.066326 17.118768332155486 5.256242709691409 1.4259878408255298 0.1742912503262266 nan 0.00587268050367129 0.007104996451466891 0.0005261279281149183 0.001355824182203265 0.000708274169977128 0.001232335259814306 0.0007698922668040248 0.000328126033688738 0.00016508701864797795 775010615.391999 nan
14875.39 2231.8923 156.36899 3.8134181 770.0 19.882652 17.191444606900237 5.099989864705551 1.4002424189236131 0.235297429636529 0.005423376471427647 0.011758516117551831 0.00955383575375891 0.0007898012793356954 0.0013631178464172744 0.0005327892616443614 0.0011324953835000007 0.0009833677683892454 0.00024255715726926932 0.00013331429771345214 775010919.520002 nan
14441.478 2163.2593 149.87885 3.7577882 960.4762 24.770409 16.782793813863773 4.2191444596314405 0.8333333233743903 0.11454663045616591 0.00521904733237679 0.011536763773236234 0.00955383620748762 0.0007799521710971925 0.0007232791244513383 0.00042122886826804096 0.0012873398579296318 0.0008245248777535234 0.00021688874283217762 0.00013292714397856493 775011224.512002 nan
14753.005 2216.7056 158.0997 3.9552739 1017.61914 21.102041 16.738088655666317 3.611370425488536 1.8454545181028243 0.029420418286463246 nan 0.009011041212594276 0.007001051143539079 0.0005262486958595504 0.0007561690868865316 0.0005927328285906463 0.0013194244729737006 0.000669355136962256 0.00029015581749584495 0.00013399704267916482 775011529.5040019 nan
14396.974 2147.4883 157.58047 3.802292 883.8095 21.97449 17.287936005626406 3.3065896416601666 1.8551999745495842 0.09392880532584424 0.005932467702827276 0.008526192507684504 0.00477691810374381 0.000526202737437607 0.001624338976248663 0.000657713781725784 0.0012358396716498831 0.0006211516717121343 0.0003221955429293362 0.00016602591601229166 775011833.6319977 nan
13584.779 2053.7383 145.8117 3.9469295 831.9048 20.755102 16.86672030561597 2.975466102639245 1.2738908107815374 0.11149632846152951 0.010822511285368819 0.00942635688830954 0.010558135401709549 0.00020778250858019418 0.0010825461421788845 0.0008547418203007542 0.0010419501801142393 0.00037057004444830037 0.00029452374091238525 0.00015973908493426873 775012150.7199979 nan
13506.898 1993.8666 145.37901 3.5380507 965.2381 20.056122 16.88895763424007 3.603963769075781 1.0339150801097572 0.08826124944956984 0.004093506746089746 0.01174536100734258 0.008390561179289402 0.00032712715604868317 0.0010719408405190022 0.0006535370722067909 0.001315034089867384 0.00020704892961930567 0.0003323349989612104 0.00016904403028278052 775012455.7119979 nan
13673.787 2009.6377 141.65802 3.9469295 936.1905 21.806122 16.937554636430068 3.5289117122095757 0.7366060416573901 0.05069725897025304 0.02763636448872906 0.007996242108821187 0.010876086485244366 0.00019024894409477497 0.0012008391767385626 0.000549862350733438 0.0018272932781676103 0.000339229067428063 0.0003085978053242613 0.00018455656399964926 775012760.7039977 nan
13584.779 2023.6565 145.20596 3.4712954 879.04767 20.57653 16.623054319296582 3.652505854560381 0.9288485059442771 0.02942041583475657 0.015058009198524017 0.0020427533305374403 0.01744606891682979 nan 0.0007754045591509102 0.000824659525455687 0.0015843676337379264 0.0006841565749058912 0.0002734892648877803 0.00015780977474805802 775013064.8320007 nan
13117.49 1875.292 129.62962 3.451825 1159.0477 23.892857 16.625651061761733 3.8139123065785308 1.0099394005185576 0.06877316686500745 nan 0.027493538996757865 0.02869208153438619 0.00035186172273981306 0.0006294260480899438 0.0008690808867388555 0.001312952754769882 0.0006897234078301641 0.00026766994737954585 0.00012982877422589506 775013369.8240006 nan
12683.578 1804.0303 125.64902 3.0985758 844.76196 24.938774 17.345206781341798 3.997921837891563 1.4796847931162875 0.04555692681793347 nan 0.011273666315830214 0.0265046341216035 0.00014428013985211567 0.0018475884782029124 0.0004856762783418981 0.0007085109315638958 0.0002454797221725111 0.0002798115188888116 0.00016768504065862858 775013686.9120009 nan
12138.406 1710.5724 117.16857 2.7289164 875.7143 22.5 17.097166337727046 3.7048011824967713 0.8230302936301541 0.007578699197381151 nan nan 0.009699054228584402 nan 0.0015291075210204987 0.0006196606064576813 0.001296721142650197 0.00041095261536599863 0.0002471398075533627 0.00026067539913522317 775013991.9040009 nan
11548.732 1639.3107 114.74559 2.5681465 901.90485 22.678572 17.229731537305696 3.274793310139944 0.9312969955173405 0.022246540406433243 0.008183549322896073 0.017762744091810577 0.013807204295279152 0.0011934932485460907 0.0012588688188773032 0.0004423534037427046 0.0015013187526983557 0.0004393412023481673 0.00031011176329816335 0.00024056893536297886 775014296.0319966 nan
11504.229 1607.1844 108.341995 2.7870495 1033.8096 24.418367 17.328879934162927 3.2869203443352815 0.4751515336178548 0.0748926124805326 0.0024588744809083633 0.014413907162252429 0.016719213817850687 0.0007651790107990003 0.0015831282530916022 0.0002640231339341862 0.0007161996090490346 0.0006541095120182205 0.00026994522572713013 0.00016217923442058633 775014601.0239966 nan
11726.747 1638.4344 111.024574 2.8816202 983.33344 22.494898 17.221810887942453 3.5195933377401403 0.542254545520833 0.11148689726854337 nan 0.007109232180196086 0.01294812292871165 0.00011077708152032662 0.0016784746255869025 0.0003306752872901068 0.00033693663695833333 0.0008881249151265304 0.0002773542108057489 0.0001759202193443518 775014906.0159965 nan
11292.835 1623.2477 116.82243 2.842679 929.52386 22.668367 17.075999401474245 3.542873333410167 0.8625454570749267 0.042977345757257576 nan 0.015813952777897353 0.003855928327361034 nan 0.001500904273878306 0.0007569860434448058 0.0007122579439178924 0.0007564743855027905 0.0002136009384684162 0.00016719990862395124 775015223.1039968 nan
11882.511 1688.9602 117.68779 2.9010904 1095.7144 25.290815 16.94233779357945 3.257375665515054 1.365236384911316 0.004114151318711345 nan 0.007515151606355602 0.0064973725326870815 0.00045254156413464497 0.001107736470294554 0.000727849791049375 0.001126761562940451 0.0008137219733191281 0.00020075248407920335 0.0001287728528851716 775015527.2319998 nan
12004.8955 1683.4111 119.41849 3.0791056 877.1429 26.683674 17.04773501015526 3.2426378316714097 0.7087272804048327 0.0773874649544945 nan 0.00587268050367129 0.019730582062050243 0.0009874141129665522 0.001049047564811203 0.0005033905586459765 0.0006637239949278987 0.0005558880868652494 0.00024475790408105217 5.1118100026524004e-05 775015832.2239996 nan
11893.637 1682.2429 119.59155 3.0040057 859.5238 20.40306 17.296188818169075 2.9569700038420166 0.6737454459893433 0.009405119051361932 nan 0.016366456232231118 0.008692462306242954 0.00011212583666639787 0.001798852422555499 0.0006860074071955794 0.0011188791575184314 0.00042513325224382734 0.0002658874028609173 0.00020590191907793312 775016137.2159996 nan
12171.785 1754.9648 121.49533 3.1486425 1012.85724 22.15306 17.199856912518396 2.4298071801107697 0.47498179400831914 nan 0.009849351050840652 0.012273432489839448 0.0028179995364769755 0.000957608721190761 0.001315447046420391 0.0003876165482811297 0.0016300007905847868 0.00041409900920371556 0.0003133451717069956 0.00024423049804578003 775016442.2079995 nan
12705.83 1833.528 126.08169 3.3934135 885.2381 20.928572 17.05946901106232 3.181077736670466 0.819757597774343 nan 0.0003878787046276838 0.01174536100734258 0.002388459051871905 3.771172622423109e-05 0.0014611312603011084 0.0009271204339094319 0.001389404691729425 0.0005139129041436465 0.00025333827950929313 0.00022630452717932288 775016758.4320028 nan
12661.327 1843.75 134.12946 3.2320871 883.8095 22.668367 16.793184702744558 2.8219024413220977 0.6104242447409213 nan nan 0.00022551082362229705 0.002388459051871905 0.0010320229608718724 0.0006455347947279535 0.00048328441904998216 0.001765207094806623 0.0005176266216040267 0.00023453219617413986 0.0002255687995784605 775017063.4240028 nan
12672.452 1877.9205 130.92766 3.0624166 1069.5239 23.545918 16.92777545311054 3.3246161215662386 0.7571879142509795 0.11738040183142458 nan 0.01171529298558054 0.014300182139501445 0.0005275196728475569 0.0010480601911913166 0.0009471502676444564 0.0007904224301433533 0.000517623626492396 0.00033433124303188785 0.0002051159937476823 775017368.4160026 nan
12138.406 1757.5934 126.77397 3.212617 1031.9048 18.658163 17.189950768065927 3.074425793959594 0.5239029870410538 0.03066313569128094 0.021340258680594873 nan 0.01910767241497524 nan 0.001666994858432269 0.00036732353139452514 0.0017686205719964093 0.0005190853818031877 0.0002676722748310553 0.00016318503951490132 775017673.4080025 nan
12305.296 1752.0443 129.2835 2.9372497 944.28577 19.357143 16.686726839900924 2.9553182973556913 0.08419393786958454 0.11440541602089557 0.00030129862858881834 0.00016349539251456126 0.018841693668168475 1.4649545444341753e-05 0.0008686460511806603 0.0011656579609513025 0.001474574976130581 0.0006240335216225947 0.0002676720987892638 0.0001076701465033999 775017977.5359983 nan
12271.919 1785.9229 127.898926 3.1291723 919.52386 21.448978 17.45805631498578 3.745822158711265 0.3980605894540523 0.002494851181765803 0.009904761545541513 0.006370683783499618 0.008946212257491901 0.0005262023621072868 0.001888666931881707 0.00047418516205654203 0.0013788312298857169 0.0007158967638325252 0.0002676716875157654 0.00027839400192175177 775018294.6239986 nan
12794.838 1828.855 131.61993 3.1681132 1089.0476 23.897959 17.400752841319104 3.546262218780194 0.6060605519451201 0.029420416467473842 nan 0.012341085734230605 0.0031153148745025764 0.0005261826170494711 0.0018035335964314235 0.0005102585014478755 0.0013488545510278928 0.0006421525282485811 0.0002591852790396974 0.00018455692666065384 775018599.6159985 nan
12694.704 1860.6891 129.71617 3.2432134 887.14294 23.72449 16.941030421998658 3.5842732537098003 0.5881696469401544 0.03289437952397922 nan 0.016231149744020304 0.008989777742079028 0.0005262651804332026 0.0010741139938072923 0.0007878282395882858 0.001129884147301907 0.0008404307551440407 0.0001978531765194022 0.0001772941123216031 775018904.6079985 nan
12650.2 1814.8363 132.48529 3.0818872 856.6667 22.15306 17.10965996624769 3.780997042504926 0.4345696739517756 0.05884083609329535 nan 0.00587268050367129 0.006351390184898201 0.0005956661970757017 0.0013144362591716037 0.0004898149501965379 0.0015032918692120343 0.0008907812752434427 0.00030554335949674934 0.00013385313431897448 775019208.7360014 nan
12672.452 1831.4835 127.8124 3.223743 1123.3334 22.857143 17.442211238906037 3.365942046617665 0.3255272799238037 0.07631420774946138 nan 0.006744656131104664 0.01565529696933209 0.0008963159962396688 0.0017103576180964718 0.0005751299538291564 0.0015134468486903306 0.0005904133329045129 0.0003246556815894568 0.0001928855285513256 775019513.7280014 nan
12705.83 1849.5911 133.95639 3.5575213 915.23816 20.933672 17.243116594907768 3.196737791925757 0.45454547476023405 0.14630184909666671 nan 0.01295184461551302 0.008572466126165952 nan 0.001760019603337415 0.0004498334429883274 0.0007325719561048871 0.0004991815235067923 0.00029860809853212393 0.0001356785277807166 775019830.8160017 nan
12205.162 1739.486 131.5334 3.3071876 1009.04767 25.285713 16.865407375188866 3.4215056932809507 0.4377211888250604 0.03595410270396581 nan 0.015009631932426099 0.006368204997370972 0.00011696957159196054 0.0011203425039722206 0.0004872814297460803 0.0012584948868766127 0.0008052240405320073 0.00040338400279449837 0.00018456092720043436 775020135.8080015 nan
12283.044 1803.4462 127.37972 3.5547397 908.0953 23.020409 16.691435535887074 3.1578989090982934 0.4323878685810799 0.05190232260396798 nan 0.007257693074314273 0.010252412426734216 0.0004024831900390558 0.0007291187683660172 0.0008924675212633213 0.0012051043236389308 0.0007246873738040575 0.000343434712453749 0.00018456014010100023 775020439.9359974 nan
12372.052 1776.869 128.15854 3.1764574 1009.04767 20.229591 16.891932035658055 3.123597513370679 0.5869333269771305 0.03684848430391318 nan 0.013228095441230037 0.006586032576318939 0.0003987920612825532 0.0010496649211208181 0.0007112801480070218 0.0013549560307596956 0.0006724087144653111 0.0003558784036375336 0.00018455905168137968 775020744.9279972 nan
12427.681 1810.4556 129.88924 3.2320871 887.14294 23.719387 17.049354273120098 3.113422662797526 0.5303030058927829 0.05092321072981048 nan 0.012876674676369904 0.01065673131384851 0.0012960979887854155 0.0009366111180755943 0.0006793796034403892 0.0014432946846258828 0.0003783254083391075 0.0004369137432347594 0.00019559756116369677 775021049.9199972 nan
12038.273 1764.8948 132.13916 2.8816202 838.0953 21.795918 16.658026375405544 3.027694307306381 0.5056000233728927 0.03901382561208753 nan 0.005744890970234246 0.007165376849152376 0.0003547727636925557 0.0006982112798896124 0.0005154228649990828 0.0011476083378760557 0.00027006277621893104 0.0003404124124258424 0.00022557337919353274 775021367.0079974 nan
12983.979 1923.7733 138.97542 3.2320871 1068.0953 21.454082 16.703408050016527 3.0031998516585277 0.5317818363278652 0.05884083417127841 0.0036779222489124667 0.01562227006142207 0.007165377155615715 nan 0.0009110354258083002 0.00039592749258637324 0.001246881148274945 0.000757845194741063 0.00032354883562518146 0.0002116344010418705 775021671.1360004 nan
13095.238 1933.1191 141.48495 3.49911 950.47626 21.102041 16.935755584234432 3.118000300187757 0.4927757508962895 0.0588408352760598 0.00696450244925268 0.009651867854281047 0.010571128212107178 0.00018764732927683184 0.0011993098392477743 0.0004741878777713273 0.0012169719914992615 0.0005473482228119567 0.0003226654424683533 0.00014800821733247936 775021976.1280004 nan
12505.563 1863.0256 134.7352 2.9761908 885.2381 23.540815 16.94523851461554 2.854881475914098 0.23631514785383462 0.047863487120251375 0.004038095079668667 0.010255109781329947 0.012263303291641768 0.0005263678018672649 0.001077821658494142 0.00042995479298130624 0.0012068524627424713 0.00037547844812571633 0.0003136174874616241 5.907211994995869e-05 775022281.1200002 nan
12060.525 1770.1519 134.30254 3.2793727 1084.2858 18.489796 16.783523107759923 2.5772726220071687 0.43784240135007135 0.029420416467473842 0.010822510375874117 0.019906977743440683 0.005707843904537897 0.0003211884418138223 0.0009105725766102443 0.00030943557852861775 0.0011985314422237716 0.00031057711877110784 0.0002628656190314431 8.444724787409094e-05 775022586.1120001 nan
11893.637 1740.0701 127.033585 3.3099692 875.7143 20.928572 17.19138097889235 2.738988552517589 0.49646059816166616 0.029420416467473842 0.005987878526692463 0.018243834330214048 0.008232349180083875 0.0002350649713045974 0.0015851738011222567 0.0002900501770313558 0.0011588513560636903 0.0003568246413924434 0.00020287916341422697 0.0001937185785021157 775022903.2000004 nan
11704.495 1693.9252 125.99516 3.1291723 838.0953 21.102041 17.129484656430755 3.5949432133386234 0.6987394136532383 0.042967931850207565 0.004983550119026678 0.009041109022625955 0.007354160414385768 0.0002838965130101964 0.0014689857828852155 0.0003556368303361437 0.001067797032789279 0.00046177222324940464 0.00026767195707180807 0.00017673537086954096 775023207.3280034 nan
11815.754 1739.486 127.55279 2.9483755 1009.04767 21.448978 16.930263735386664 3.5264305651310623 0.6595393833841114 0.05884083657292649 0.010822511285368819 0.00587268050367129 0.007056081321245059 0.0005021387120709859 0.0010684658360542543 0.0005253183180354906 0.0010923832771178176 0.00032004986050528 0.0002916174245445882 0.00016311307489960848 775023512.3200033 nan
