json/2022_203.ecsv
# %ECSV 1.0
# ---
# datatype:
# - {name: p1, datatype: float32}
# - {name: p3, datatype: float32}
# - {name: p5, datatype: float32}
# - {name: p7, datatype: float32}
# - {name: de1, datatype: float32}
# - {name: de4, datatype: float32}
# - {name: hrc_shield, datatype: float64}
# - {name: gp1, datatype: float64}
# - {name: gp2a, datatype: float64}
# - {name: gp2b, datatype: float64}
# - {name: gp3, datatype: float64}
# - {name: gp4, datatype: float64}
# - {name: gp5, datatype: float64}
# - {name: gp6, datatype: float64}
# - {name: gp7, datatype: float64}
# - {name: gp8a, datatype: float64}
# - {name: gp8b, datatype: float64}
# - {name: gp8c, datatype: float64}
# - {name: gp9, datatype: float64}
# - {name: gp10, datatype: float64}
# - {name: times, datatype: float64}
# - {name: fi_rate, datatype: float64}
# meta: !!omap
# - __serialized_columns__:
#     times:
#       __class__: cxotime.cxotime.CxoTime
#       format: secs
#       in_subfmt: '*'
#       out_subfmt: '*'
#       precision: 3
#       scale: utc
#       value: !astropy.table.SerializedColumn {name: times}
# schema: astropy-2.0
p1 p3 p5 p7 de1 de4 hrc_shield gp1 gp2a gp2b gp3 gp4 gp5 gp6 gp7 gp8a gp8b gp8c gp9 gp10 times fi_rate
[from data line 258]
23331.107 3679.9062 252.50952 6.1637745 820.47626 22.32653 17.379509598657492 3.972290452487964 0.6664484887846575 0.05884083583485331 0.008626840085322473 0.009447028945261839 0.011457725025023775 0.0004198254096708832 0.0018050973521212634 0.000591032837980984 0.0019098517547935063 0.00031058323369505557 0.00017748044349745115 0.00023389542815976477 774996730.0480031 nan
22085.002 3472.5466 239.70233 5.677014 962.381 21.979591 17.163511412070186 4.164280883166697 0.5666909467410324 0.12764224550716624 nan 0.018912849911153315 0.009553836443810734 0.00041054178299919917 0.00147020134107074 0.00018015676730518253 0.0015975524072943668 0.0003105818872518183 0.00021748734729953468 0.0002559313378196471 774997047.1360034 nan
22708.057 3571.8457 248.44237 6.247219 802.381 24.066326 17.423152600667862 4.338735296206283 0.496436347559614 0.24228301234985022 nan 0.007496359272445368 0.01087455923419019 0.0012887528911162548 0.0015282035576468398 0.00045397583049887845 0.0012971681517849668 0.00039645105724075004 0.00023136347357477626 0.00023124452439091085 774997352.1280032 nan
22263.018 3533.8784 248.00969 5.6186028 848.0953 24.765305 17.209251801627495 4.326647130731768 0.6504727247541447 0.038044130542845035 nan 0.011745360740751484 0.01013012345427208 0.00037227385487104315 0.0015569957154920552 0.0006765401664652627 0.001169991620512476 0.0006818555745253949 0.00026277291727028386 0.0002160266455615749 774997657.1200032 3.2275
22029.373 3455.0232 237.62547 6.1999335 862.8572 20.234694 17.168440268086503 4.121544347097812 0.8273211922643762 0.058840832934947684 0.003321212224928109 0.01174536037695361 0.003664851387348009 0.0001616077305057035 0.0015823173048477033 0.000847399485400133 0.001318395762361382 0.0007329068923439253 0.0002714835983710469 0.0001875988894162836 774997961.247999 3.2853
22329.773 3530.9578 242.1253 5.5546284 866.1905 25.295918 17.424229592759602 4.345429939254161 0.8377939415488053 0.058840832934947684 0.0143238100975006 0.013645290729895823 0.009624152160109294 0.0003562447841993889 0.0019024888289471862 0.0010390500126335354 0.0014049165572529018 0.0004506492280584273 0.0002908039760865747 0.0002539227385162388 774998266.2399989 3.1883999999999997
21550.957 3355.724 234.59676 5.582443 774.7619 24.765305 16.99263679705948 4.748470395655407 0.6744242550070313 0.05884083431912585 0.017527273505057252 0.013149166867244655 0.0038681572099060146 0.00020035522621818924 0.0012897527887221743 0.0005528298653594023 0.0016839360385435475 0.0004681397086229212 0.0002469471315946193 0.00020016539185471204 774998583.3279992 3.1937
20772.14 3271.0278 227.84702 5.532377 766.6667 24.765305 17.270100752992846 5.533810708831562 1.0595151748484883 0.12894144931432655 0.006524675636785241 0.010536998411615109 0.004285468574048198 0.0007356966802683799 0.0015132176799044041 0.001019851510462282 0.0011832932095368158 0.0006835761669642407 0.0002477454195501065 0.0001929995002551748 774998888.3199991 3.1493
21105.918 3306.0745 236.06786 5.4572763 1000.95245 20.229591 17.35599199663156 6.944580144181437 1.4123879580023468 0.21118681138936096 0.004446753138445938 0.017618041965761222 0.008146746959545745 0.0012694820972890453 0.001432480442498175 0.0006561286140871227 0.0008459375519191657 0.0006637001732551656 0.00023123440111762425 0.00016039906721141008 774999192.4480021 3.3228
21050.29 3291.4717 234.85635 5.9607253 864.28577 22.84694 17.252136160211773 8.367977442602058 1.2994182195915407 0.1513668644982167 0.010822510375874117 0.01510735336425916 0.012617177712374158 0.001129412133737811 0.0013207391642560266 0.00038913844141986645 0.0011247619765791038 0.0006804291590018416 0.00030101150034774935 0.00020209415004773915 774999497.440002 3.2762000000000002
21606.586 3440.4204 246.10593 6.656097 856.1905 23.025509 16.793208658962985 9.671773490461385 1.683006057306688 0.14381640817700847 0.010822510779835289 0.009136951398970973 0.010354064576593696 0.00029265437110530246 0.0009331092999197337 0.0006980450599256517 0.001663310054569159 0.0008050920911172453 0.00034576111820971723 0.00022557257732387783 774999802.432002 3.1885000000000003
22496.662 3539.7195 247.92316 5.7242994 940.9524 18.137754 17.125487715536696 11.661479415967534 2.7654059860459768 0.3829267272750573 0.005399134353874701 0.011758515437551392 0.007176077178093939 0.0002638924399753979 0.0014708150971465468 0.0008298354689031679 0.0017728020381765493 0.0008796310729272257 0.0002927136433587461 0.00022557245564711832 775000119.5200021 3.4044
22607.922 3551.4016 250.86536 6.5031157 830.00006 23.892857 17.32414594791906 11.697604204540703 2.878787814378737 0.3763365540627649 nan 0.020641766546990577 0.013172064350858869 0.00025546675542235215 0.0017818488702044512 0.0006467197224982802 0.0014685484774763918 0.0007246899282108372 0.00024183393527913466 0.00021501447686960172 775000423.647998 3.3604000000000003
23019.582 3624.4158 255.36519 6.085892 823.8096 25.112244 17.265561104345228 11.641423043189247 2.0331878790133837 0.2547101992132986 nan 0.014126380960208624 0.013061240388926663 0.0005598264551760957 0.0015684061430821907 0.0008522520593843602 0.0012865733004487428 0.0006696627785508308 0.0002975161904938098 0.00018326722028359148 775000728.6399978 3.1842
22496.662 3519.2756 250.17308 6.1359596 899.04767 21.811224 17.035152780182226 11.424945138759634 1.495515078109548 0.42038714065718086 nan 0.009091849211136007 0.011942295215558268 0.0004759030573585249 0.0012398532437989558 0.0009905282500917822 0.0011629021661468104 0.0005644130918440234 0.0002855206147699916 0.0002314990736901759 775001033.6319978 3.2016000000000004
22496.662 3487.1494 242.21184 5.791055 896.6667 23.367346 16.7944058653522 12.035023185270552 1.709454559505963 0.3173639107917602 0.006112554290030947 0.01174536100734258 0.011942294290929575 nan 0.0010501840155475843 0.0004950579499610415 0.0010405268614340232 0.000576109501996211 0.0002836312239208016 0.00022918380834602243 775001338.6239977 3.2459
19915.443 3165.8877 232.69298 5.8272142 817.1429 21.622448 16.794306321662344 11.790887753028883 1.320460586425797 0.14010708531078533 0.004124675465437389 0.01174536100734258 0.011942294457985557 0.0006520451039024304 0.000790268448980848 0.0006039328729788003 0.0010833896511030449 0.0004930231172422651 0.0002621208086893092 0.00015917891744855688 775001654.848001 3.2805
20249.22 3238.9019 234.85635 5.9801965 815.71436 24.413265 16.79264863855657 10.743835670289348 1.9753694889382274 0.15507619451932553 0.0068779224071351015 0.011745361585344656 0.008906467795846973 0.00038401208003731085 0.0008971062585041714 0.0006791590082644213 0.001083387412327282 0.0004141098265790742 0.00020685600277866838 0.0001565798260099081 775001959.840001 3.1942000000000004
20638.629 3297.313 242.29839 5.715955 1094.2858 21.107143 16.977956270218417 9.338040032477133 2.005939422447424 0.17652250244282186 0.0037645022953305242 0.011745361323701214 0.028972579981582428 nan 0.0013243514121937712 0.0005154285698487018 0.0014045484809590099 0.0008192086384079466 0.00023348987905487715 0.00023092347501397446 775002264.8320009 nan
20104.584 3198.014 228.36621 5.6297283 848.0953 24.071428 16.795323147797458 8.297391398025145 1.6917576690927294 0.21587524923749762 nan 0.023528306913939 0.015045380402014252 0.0003523078512293484 0.000908547618631891 0.0004741934421417746 0.0015099706214677354 0.0006198419047294363 0.00022857071953642438 0.00019801474499380828 775002569.8240008 nan
19959.945 3198.014 226.72206 5.476747 809.04767 23.540815 16.748514735457263 7.763015985476795 1.511539425930652 0.1952009359715984 nan 0.013329575736224421 0.005648991907430107 0.0005267821438427635 0.0007735709301634065 0.0005551105594721399 0.0008723225590159486 0.0009087592195607294 0.000194650257470255 0.0001780527170473519 775002873.9519966 nan
19737.428 3148.3645 231.39494 5.665888 999.52386 21.107143 17.086486170079418 6.715048659214939 0.9912000276139741 0.06773756936830054 nan 0.010215645246479995 0.005399063824224298 0.0005267428378471397 0.0013062251350845768 0.000680412226584053 0.0008094433388631088 0.0008325576882864435 0.00024588821538001535 0.00012390051446606556 775003191.0399969 nan
19459.28 3049.0654 221.61649 5.9050956 927.6191 22.67347 17.08955045887489 6.6730914029988355 1.4061819002471778 0.0739134959516558 nan 0.002863988952102917 0.00477691810374381 0.00012843736148879708 0.0014702750086155788 0.0007112920748295425 0.0009608824292954797 0.0006464070305832264 0.00026767791243399687 0.00014905367566411392 775003496.0319968 nan
19281.264 3031.542 221.96262 5.638073 841.4286 22.15306 16.74793586878143 6.506849284372219 0.9469091521166273 0.08826124956831329 nan 0.00453840742854996 0.004776917752315062 nan 0.0009832834877047739 0.0005280633034740259 0.0013654623957663193 0.00046115371629422755 0.0003323214269466317 0.000179902292303857 775003801.0239967 nan
18813.975 3019.8596 221.96262 5.8578105 952.381 20.933672 16.971547602064625 5.395562601974518 0.5788120972241191 0.13454309385375288 nan 0.015111112003419422 0.004776918006682535 0.0004142816258668765 0.0011705075102810274 0.00038094764148969976 0.001167477033957655 0.0005769734117710498 0.0003644851100592907 0.0001361720454118577 775004105.1519997 nan
19381.396 3069.509 222.22223 5.8466845 949.04767 23.545918 16.949769169148098 5.25749617788949 1.0779393916292623 0.09984112651309739 nan 0.017618041965761222 0.00477691810374381 0.0005266504721476852 0.001091434169700508 0.0006413028784010556 0.001399814253242399 0.0002885526541975343 0.0003277437194180451 0.0002218670284056989 775004410.1439996 nan
20026.703 3119.159 222.74144 5.2764797 929.52386 23.892857 16.586477389895574 3.752197345890728 0.4301575790897463 0.1388737789218083 nan 0.007515151856055896 0.017103659725350315 7.364508460562194e-05 0.0006887465184784673 0.0005073504862072255 0.0013926293094945752 0.0004742061301334037 0.000317866534960558 0.00021080303936397854 775004727.2319999 nan
20115.71 3157.126 227.93355 5.7715845 856.1905 21.448978 17.109001528370253 3.5313090361344184 0.5023030462442248 0.19869371959171764 nan 0.00072351424346624 0.006542467048098832 nan 0.0015505296358567866 0.0008899626484156685 0.0009470753323504691 0.0006991830223252011 0.0002591913236918403 0.0002230478085759515 775005032.2239997 nan
19425.902 3081.1914 223.77986 5.916222 1016.19055 19.887754 16.71276260135568 2.625483968738002 0.5303030484355986 0.10114033086912802 nan 0.010459948805372238 0.0005227858738889955 0.0004689049053175748 0.0007448170936687465 0.000631659991566773 0.0010618285320079287 0.0007246926427433265 0.0003254409738613599 0.0001707869238231657 775005336.3520027 nan
18713.84 2917.056 206.04015 5.0011125 802.381 21.62755 16.779998964975643 2.447436353277778 1.2863030214591156 0.008190643316514035 nan 0.00641766520139274 0.008667240293685919 4.886180665690347e-05 0.0010109049200480802 0.0007002915975834557 0.00197687842389908 0.0009125274870305249 0.0002738854059641331 0.00020125952388034272 775005641.3440027 nan
18847.352 2955.6072 211.14572 5.2291946 813.8096 25.112244 16.790231177270314 3.01082031265231 0.7337453842172564 0.21743804896949007 nan 0.01129809771055126 0.005140728145554692 0.0004863798160702325 0.0008558309019638213 0.0004922513627699156 0.001067400363957363 0.0007404554104572762 0.0004222311581067025 0.00022401049870803441 775005946.3360026 nan
18569.203 2896.904 209.24196 5.287606 965.2381 22.5 17.0513446406793 3.447421479673257 0.7561212450995525 0.14879669541790363 0.010614718280212874 0.0175052847634877 0.00477691810374381 0.0005264213264121381 0.001251540967328986 0.0002416448091758179 0.000791694499209971 0.00031853224617709597 0.00033652160686319815 0.0001853466773295742 775006263.4240029 nan
17834.89 2825.0583 207.16512 5.162439 843.3334 24.938774 16.929370955751327 4.647677352122328 1.5110303677469115 0.0008002360044933876 5.887450694958343e-05 0.005936575314941196 0.014278781397678323 2.8637286241784375e-06 0.0012596025160382756 0.0004729022122032207 0.0008858614174593387 0.000413542752756996 0.0003845099665545426 0.00018455902869845978 775006567.5519986 nan
18402.314 2849.007 204.6556 5.0789943 736.1905 18.668367 16.399031494451577 4.981947967017999 1.8880000567883262 0.26346570509160383 nan 0.006004228496600512 0.009821343518731913 5.895111706203082e-06 0.0004268543904174559 0.00035962316574485176 0.001282557161700986 0.000519949308659585 0.0004005739278310764 0.00022488384015043462 775006872.5439986 nan
17968.402 2809.8713 197.99239 4.945483 823.8096 23.372448 16.946285189694347 5.374173536676477 1.3699634993242493 0.14546395213508248 nan 0.017454546558252904 0.0329729647588451 0.0005263501839725508 0.00106125360075827 0.0006980763638753915 0.001460873263259135 0.0007160359214560141 0.00031739668601870637 0.00016633540149408544 775007177.5359985 nan
16744.549 2614.7778 190.11769 4.9538274 893.8096 20.928572 17.167037691186778 5.313038972393458 1.6144968552740224 0.08826125122141093 0.0014441557766942115 0.012006577744772977 0.017462882623011048 0.0005263711977572303 0.0014226530760796108 0.00023181999003208235 0.0009126790217527795 0.00042331382729591616 0.0002996447762436894 0.0002433414461106616 775007482.5279984 nan
nan nan nan nan nan nan 16.53876628933317 5.488450425336773 2.0880000679875264 0.08568166859128123 0.03104415780171686 0.01761804014677182 0.0323913269711099 0.0005032227367034988 0.0004289995802203729 0.00014453164946883184 0.0014643701388931242 0.0006120816527607613 0.0002684053970331947 0.00018365988383128103 775007782.3360022 nan
17590.121 2744.1587 200.58844 4.8981977 780.00006 19.882652 16.527514645002245 5.174924621941738 1.418618224739608 0.061448657973316625 nan 0.013355884129616205 0.012154007719674922 nan 0.0006295543276616778 0.000711273224551397 0.0012175956110958932 0.0005268031016562667 0.00030261321162155505 0.00020125733783050583 775008178.0479977 nan
16410.77 2528.3293 181.9834 4.831442 908.5715 22.678572 16.428964462454278 5.940075916958307 1.8549333860164305 0.17266254595797792 nan 0.008067653501459972 0.014041081225147016 nan 0.000472644089554779 0.000888504448529082 0.0010226688221902634 0.0006472879247007567 0.0003033246816479799 0.00023592442009702044 775008481.3119966 nan
13974.1875 2108.3528 153.34026 3.7744772 846.6667 22.020409 16.519607388716743 5.858393386742396 1.744000191496029 0.21884083873994384 nan 0.01403805558359475 0.00955383620748762 nan 0.0006193858215674324 0.0010466129610497692 0.0007062731955852264 0.0004772084956631243 0.0002901278628415735 0.0001525340724799048 775008786.3039964 nan
14285.714 2162.967 161.5611 4.09713 855.23816 18.484694 16.92338747802606 4.877821474526916 1.0518546090334646 0.099200937390463 0.004405194493968577 0.020008457582643396 0.005665042831846912 nan 0.0012588972231606253 0.0006368030767362295 0.0008062100653388157 0.0004983773168146331 0.00031726936970688285 0.0001192252243215337 775009091.2959964 nan
14319.092 2082.9438 149.0135 3.5269248 1013.3334 23.719387 16.698461783112702 4.862210812480243 1.6872000727863914 0.04188525886441963 0.006237229051807105 0.02846699709054362 0.007083596708114219 nan 0.0009033153573587948 0.0005063127655243023 0.001023226132262823 0.0004895655211119 0.00033854912280347784 0.00017829649192373706 775009396.2880036 nan
15465.064 2235.105 153.6864 3.7383177 848.0953 24.158163 16.568551853471313 4.933735226110619 1.3210909143800311 0.07171050063937975 nan 0.019822411461310724 0.011495176009410172 0.00046029808335864203 0.0005114100304534543 0.0006594177547719167 0.0013911408159048547 0.0004917185619381982 0.0003251923412189754 0.00020762940313808444 775009700.4159993 nan
