json/2022_087.ecsv
# %ECSV 1.0
# ---
# datatype:
# - {name: p1, datatype: float32}
# - {name: p3, datatype: float32}
# - {name: p5, datatype: float32}
# - {name: p7, datatype: float32}
# - {name: de1, datatype: float32}
# - {name: de4, datatype: float32}
# - {name: hrc_shield, datatype: float64}
# - {name: gp1, datatype: float64}
# - {name: gp2a, datatype: float64}
# - {name: gp2b, datatype: float64}
# - {name: gp3, datatype: float64}
# - {name: gp4, datatype: float64}
# - {name: gp5, datatype: float64}
# - {name: gp6, datatype: float64}
# - {name: gp7, datatype: float64}
# - {name: gp8a, datatype: float64}
# - {name: gp8b, datatype: float64}
# - {name: gp8c, datatype: float64}
# - {name: gp9, datatype: float64}
# - {name: gp10, datatype: float64}
# - {name: times, datatype: float64}
# - {name: fi_rate, datatype: float64}
# meta: !!omap
# - comments: [idx = 561]
# - __serialized_columns__:
#     times:
#       __class__: cxotime.cxotime.CxoTime
#       format: secs
#       in_subfmt: '*'
#       out_subfmt: '*'
#       precision: 3
#       scale: utc
#       value: !astropy.table.SerializedColumn {name: times}
# schema: astropy-2.0
p1 p3 p5 p7 de1 de4 hrc_shield gp1 gp2a gp2b gp3 gp4 gp5 gp6 gp7 gp8a gp8b gp8c gp9 gp10 times fi_rate
[from data line 181]
2866.0437 25.922895 2.6488407 0.14188363 1046.1906 25.33163 17.211530310822436 0.06541544882648176 nan nan nan 0.02497656995388503 0.01582842457074265 9.831925246793429e-05 0.001664707566478928 0.0006669736077451353 0.0012803491744489317 0.0003686179484424914 0.00023531210185375639 0.00021656200759802538 764741525.2479979 nan
3232.0872 26.226635 2.884216 0.104055405 1234.2858 33.316326 17.775147653023488 0.03607950465986705 0.015856396918799906 nan nan 0.0058735203798278394 0.011443932929042585 0.0004160049369178074 0.0024298943980737495 0.0005982328453903616 0.001383407546431228 0.0005778236636292501 0.00019880668388353392 0.0002665858765794872 764741831.967999 nan
3103.0261 25.327103 3.354967 0.17971183 982.8571 29.14796 17.67185280750566 0.044334494667613834 0.05843106531137978 nan nan 0.007217347308910658 0.01010161408664157 0.00012037422031330842 0.002386123513937513 0.0009313017721587205 0.0019079984507912673 0.00039041722013703967 0.0003140335740846768 0.0002525094211535071 764742137.824003 nan
2986.2039 24.43341 3.0313258 0.23648198 989.52386 27.586735 18.189976790969702 0.07216043140506861 nan nan nan 0.017648635093867916 0.010143780519284978 0.0006582701777200096 0.0029880213107827316 0.0005635272655338925 0.002066843159882264 0.000284572867522745 0.0002885251641049954 0.00017930928120599892 764742444.5439968 nan
3212.0605 26.422312 2.7665284 0.14193925 1409.0477 28.979591 17.48077510048811 0.06239273687572472 nan nan nan 0.03365094497290376 0.005424331758188891 0.0007673645741058217 0.0018314827142861608 0.0008940169902517766 0.001288516534867441 0.00029113227396951476 0.00026453106121726247 0.00012473887239058176 764742750.4000008 nan
3161.994 26.022194 2.94306 0.24593905 1050.9524 32.964283 17.151134671148565 0.04665693114587335 nan nan nan 0.02075922510938375 0.006466193830380245 nan 0.001616970616881253 0.0009626770404456094 0.0015469498063233238 0.000639013071939141 0.00029622931500943896 0.00016652656720833646 764743057.1200018 nan
3125.278 25.724298 2.6194186 0.17971183 1044.2858 28.97449 17.245466448845598 0.046483700860149475 nan nan nan 0.008360020358565215 0.004777564421673739 0.0005616354924039765 0.0015433190405521372 0.0005847295231235554 0.0014422848006938908 0.0008212200978101802 0.00030821553253472517 0.00013033654887747374 764743375.9360032 nan
3087.45 24.506424 2.628072 0.23158656 1278.0953 28.984692 17.74000030229824 0.013542415433490844 0.02843982414655567 nan nan 0.019084326063926255 0.007467428699976157 0.0009858924893417671 0.002150995520810104 0.0004446369821333118 0.0014897496622173767 0.000815459067594919 0.0003576018348325813 0.00013584890187484192 764743681.792 nan
3167.5566 23.320677 3.470059 0.12338674 1101.9048 24.984694 17.728468844793504 0.036078586792574315 0.045629794306831645 nan nan 0.014082938296713931 0.013844018707732884 0.00020926630674811812 0.0024366071654759666 0.00040412355531612635 0.0015176067361279617 0.0010152551172143641 0.0003946686483420645 0.00011488256449243912 764743988.512001 nan
3077.4365 20.756424 2.5605745 0.1702826 1013.8096 31.05612 17.326105630885692 0.05113381384162559 0.031615636704727015 0.012277838485906295 0.004516483095908219 0.01516942596392668 0.011737332688481955 0.0007456467633637043 0.0015909228809307084 0.0005142860615976292 0.0014447374944974237 0.0006554131365678502 0.00033723664288921743 0.0001367606593926243 764744294.3679979 nan
2881.6199 22.447428 3.0019038 0.113512464 999.04767 35.219387 17.0909608424464 0.05629421521283264 0.04245320643426106 0.016486576458248674 0.010823631234234164 0.011746634948358764 0.010028714150957295 0.00058958048774734 0.0012841673051715587 0.0008584329122418308 0.00158769405540527 0.0006872150092258461 0.00023753386221686367 0.00014849387968314683 764744601.0879989 nan
3198.7095 25.429321 2.2075114 0.19868158 1316.6667 26.55102 16.917801919134057 0.0857793369570827 0.034792193158618014 nan 0.010823556978719461 0.01714046038386169 0.015623851048796268 0.0009663616879266629 0.0008563598513605414 0.0005382990596529084 0.00156777896585907 0.0007024859065585343 0.00024599233812683404 0.00017786592667212985 764744906.944003 nan
3183.133 23.4375 2.9136379 0.14188363 1107.6191 29.321428 16.996181773331486 0.14431298885028032 0.039277597812621974 nan 0.0264611647377337 0.023493039660384005 0.013181682462899889 0.0015976981481243533 0.0007304745741201304 0.0005883720031485512 0.0015320120527255855 0.0004601518470353747 0.00028132532983198233 0.00020732989302617283 764745213.6639968 nan
2929.4614 21.355139 2.9724817 0.09459836 994.28577 31.403059 17.261034787035083 0.10815415051147186 0.03796761839368966 nan 0.021598397892448926 0.023493178370408263 0.01314052147904031 0.0007885828861409801 0.0014700749640102371 0.0005330630697581691 0.0013788414823647896 0.00030988173888404387 0.0003345172083607006 0.0001743745484740475 764745519.5200008 nan
3139.742 22.844624 2.7371063 0.14188363 1272.8573 27.586735 17.315086756995125 0.07215681038564348 0.07576482073868761 nan 0.005666335400006676 0.014268720696068795 0.014332165709055702 0.0005261137771230783 0.0016587376166331085 0.0006659515250904803 0.0015850797247672153 0.0003251881310077698 0.00031864921762333315 0.0002372719916564958 764745826.2400018 nan
3096.3508 20.06133 2.9136379 0.23648198 1007.1429 27.413265 17.34989364546814 0.05246072467927641 0.0344029994451387 0.01606273718634662 0.004914749192037536 0.012285794771581489 0.01042000703137827 0.0005261087622056404 0.0017170147576178467 0.001142528221720167 0.0015577205391019908 0.0005646431124760545 0.00023412909544760733 0.0002329993137997194 764746132.9600028 nan
3114.152 23.043222 3.2078574 0.15139632 1050.9524 29.668367 17.58998031836278 0.05647765939112752 nan 0.029423042613780585 nan 0.020940561550055418 0.007165990788780727 0.000526113438227168 0.0020980935543775648 0.0011029237420788539 0.0014345268437499555 0.0005176348828717929 0.0002546218632944259 0.00022825627937131753 764746438.8159996 nan
3160.881 22.847546 2.884216 0.1513685 1274.762 27.244896 17.20174357245082 0.07215591452084627 0.04453735856426853 0.029422957976931056 0.006362489953005489 0.01658782833344017 0.012782608481375397 0.00021684524492637884 0.001604752555727694 0.0011574383103014098 0.0013036450596223658 0.00076105946318662 0.00028542088604927864 0.00019786105648612757 764746745.5360007 nan
3098.576 21.25292 2.795085 0.17025478 1141.4287 30.015305 17.088718138592807 0.05024384175660829 0.02974814364129902 0.011552649593238061 0.010823537758842155 0.008179339975786844 0.012368390420514994 0.0006390795069020929 0.001258856247695746 0.0008720140811778834 0.001540774165766 0.0007431009636792317 0.00024078335820339859 0.00021387109454883512 764747051.3919976 nan
3094.1255 21.653036 2.4134648 0.3120828 997.6191 28.801018 17.445940523334567 0.08151957149376304 0.04771340262596039 nan 0.01763975276127397 0.016969509612806695 0.014067635421932288 0.000389575874123392 0.0019195024101985318 0.0008913607896897494 0.001586723813104992 0.00036036831629792006 0.00023421518377744218 0.00022024930639330564 764747358.1119986 nan
2894.9712 22.646027 2.5605745 0.12296952 1117.619 30.882652 17.074879326249096 0.08480947795480759 0.026572097773242542 nan 0.0075920489877584485 0.01205284999710115 0.013618933282525926 nan 0.0014905485988761394 0.0008360124387090705 0.0017331179644234146 0.00040870443613502916 0.0003102516202136496 0.00020506569707778304 764747663.9680026 nan
3161.994 21.25584 2.7076845 0.20811081 1339.5238 28.62755 17.266764905607296 0.020780884526543822 nan nan nan 0.030963666493319046 0.010242675188249364 0.0003745932282161588 0.0016465751630736956 0.0005424710994973172 0.0017310417619159383 0.0004439188856008147 0.0003274999575354821 0.0002342672100911478 764747982.7839967 nan
3176.4575 19.926985 2.88162 0.18160324 980.9524 28.229593 17.264470062927884 0.05299279723883235 nan nan nan 0.03679968545586394 0.013063366527475343 0.000526114092735952 0.001580115692197591 0.000735368619203781 0.0016743055117331917 0.0002620442289789713 0.00033014785100418464 0.0002761990388238914 764748289.5039978 nan
2929.4614 22.073597 3.1628592 0.20727637 1062.8573 29.780611 17.491530978801055 0.09935740565254546 0.05712081886328568 0.022182682532079116 0.008159998944479037 0.03081154320847983 0.0071286711819762445 0.0009227562900433008 0.0017850228232314349 0.0006510758869144482 0.001674303752552087 0.00036315451392623206 0.0003219789608651166 0.00014794883441128498 764748595.3600018 nan
3119.7153 19.865652 2.884216 0.1513685 1368.5715 29.846937 17.28672068835082 0.05221869484033477 0.016947135153684914 0.006581364315560619 0.0024209842876551837 0.024806737214009417 0.019612521140121218 0.000643795173000332 0.0015625235764135062 0.0009608559949566777 0.002056594900567114 0.0007355807485266304 0.00030487528898465356 0.00021396969107810853 764748902.0800028 nan
3051.847 21.752335 2.7076845 0.20811081 1049.5238 32.44388 17.19456867712053 0.03607824132428578 nan nan 0.008613751713266565 0.028166984747574998 0.014381637714233918 0.00010741187163079436 0.0016356381490051706 0.0005952012994956443 0.0016180797171261399 0.0004986495169049233 0.0003677034651923053 0.0002134384064607972 764749207.9359996 nan
3087.45 18.671144 2.6194186 0.18919672 1152.8572 25.505102 17.304168243948777 0.006557559606306159 nan 0.04814981385705977 0.001967274196724496 0.019754642788153844 0.015852247079825646 0.0008609744483962085 0.0015067993924999129 0.00047418739181011614 0.0015579129905528826 0.0004141033863197577 0.0004395361964788089 0.00013794908009454363 764749514.6560006 nan
3061.8604 21.550817 2.94306 0.2553961 1220.9524 28.107141 17.43267780008535 0.18134851409461625 nan 0.009547108637909009 nan 0.0225397790503421 0.002712747605477626 0.0006114689378725666 0.0018202044110290283 0.0007721270793504111 0.0014933055888457895 6.71840093629686e-05 0.0003115466003717601 0.00015739822028902964 764749820.5119976 nan
3198.7095 21.550817 2.7665284 0.17025478 1039.5239 23.07653 17.342942834165193 0.09233700041212745 0.06516947560584027 nan 0.009309933021416902 0.02854454010966506 0.00821850440495669 7.357150316296304e-05 0.0018882818832935383 0.0008298299799934965 0.0011384634826182491 0.0001780982969083228 0.0002556234653803755 0.0001816912959164579 764750127.2319986 nan
3098.576 19.167639 2.4428868 0.1891689 1065.7142 26.719387 18.617234243247132 0.04041898691544578 0.009115967721916071 nan 0.0013022822130677267 0.00869979618018656 0.015858520810453844 0.0004628090993280021 0.003733933493265283 0.0009341115715748921 0.0017764843324364994 0.00048026110744057743 0.00036867715554714627 0.0002927942113444014 764750433.0880026 nan
2910.5474 20.560747 3.0019038 0.13245438 1077.143 26.892859 17.348772395940514 0.10116859589612998 nan 0.02654188490630415 0.009763473401698636 0.01646954978782882 0.01025640456597152 5.151675737057938e-05 0.0019044581746357403 0.0010553169202954108 0.0011605265950562415 0.0007977967862440236 0.0003545985440607094 0.00015960933574917454 764750739.8080035 nan
3216.511 22.050232 3.1784356 0.17973967 1370.0001 32.27551 16.818697504593803 0.008173841594696918 nan 0.0022220239397994362 0.010823378097847195 0.0067603381706496275 0.0029298377775517715 0.0004863858405661081 0.0009026180599197237 0.000409355856340042 0.0013565286440465154 0.0005410859411002823 0.00024305881062756094 0.00020041961333807555 764751046.5279974 nan
3155.3184 24.234812 2.6488407 0.19862595 981.42865 29.668367 16.797026054415756 0.06811664402575594 nan nan 0.0006061095283180981 0.02250630149479495 0.018173184896370344 0.0005261143282950607 0.0008392376548726953 0.001362817171697383 0.0009139758217745742 0.0005176318732083054 0.0002815930012047618 0.00012763352512270329 764751352.3840014 nan
2916.1104 22.903036 3.1628592 0.22207387 1077.143 27.336733 17.954502934774094 0.10702394724574885 nan 0.02843480525450829 nan 0.017817193392696367 0.01680112013882806 0.0010345446035120857 0.002461314067752684 0.0007351776820510705 0.0013622926783005362 0.000717722725563948 0.00030057101429843333 0.00026176145743805413 764751659.1040024 nan
3120.8276 20.882008 2.6557631 0.17709725 1289.5238 30.316326 17.73092660058439 0.0370954468695541 nan 0.00041428199542092176 0.010671171357439212 0.011829278156677671 0.014365933169593604 0.0005335220830375198 0.0023108441506087107 0.0008281586786862813 0.001475942445204123 0.0005205441222145984 0.0003506146408314133 0.00010484234956610722 764751964.9599993 nan
3096.3508 23.043222 3.0607479 0.18919672 1065.7142 30.015305 17.188596543693176 0.17919255986367533 nan 0.029178629366302562 9.005511643503614e-05 0.023444358362612234 0.009594540807844597 nan 0.0016732327980673273 0.0008268691517169933 0.001673483700410862 0.0004166867429830829 0.0002844029751213387 0.00014320401270781255 764752271.6800003 nan
3055.1846 23.735395 2.9421947 0.22699712 1113.8096 31.05612 16.823211236777777 0.03607915202388859 nan nan 0.010054998890668458 0.01845472658383769 0.013992997823288854 nan 0.001093757594697887 0.0004994523062279838 0.001575815246251308 0.0007246827688504544 0.0002772724382944402 0.00011127348001553003 764752590.4960016 nan
3089.6753 25.131424 3.1195917 0.13245438 1255.2382 28.632654 17.264376671501754 0.042614292367671856 0.006861242218971266 0.00266459016303065 nan 0.027238991041407992 0.009771234297697261 4.7645157172762065e-05 0.0017734758266811986 0.0008083584045212399 0.0016025746532461567 0.0006590528598113633 0.00019766031547564257 0.00021628623634006557 764752896.3519984 nan
3100.8013 27.908878 3.1784356 0.12296952 1143.3334 26.198978 17.85725374531034 0.10008624810277807 0.08432309119850087 0.02609980343050406 0.0012226721543427484 0.009190584802263407 0.012753197716608008 0.0005261161432281494 0.0025142213756233233 0.0006061265981205005 0.0018267798941742186 8.18596694297666e-05 0.00032136323660756337 0.00012767241451915214 764753203.0719995 nan
3108.5894 28.206774 2.8253722 0.21756788 1025.2382 27.760202 16.779922584319866 0.045638975182343174 0.13145551451311513 0.0038980569082356703 0.010823926661104247 0.033683703880673786 0.01910984503454503 0.00045641010269272973 0.0008392381558587343 0.0006641649781461184 0.0014251353963273326 0.0006835334685792997 0.000230783529450702 0.000174919086969118 764753508.9280035 nan
2922.7861 25.5257 3.2372794 0.17025478 1034.762 30.188776 16.787397830849088 0.09706144542038586 nan 0.024866588130916342 0.00914744764734484 0.021674169516957466 0.01762995716430771 0.00016296803565147953 0.0009692165541421226 0.00041072151799582295 0.0011291395448148743 0.0004942745112559628 0.0003178629645572141 0.00023654964509143889 764753815.6479974 nan
3151.9805 27.812498 3.413811 0.1513685 1400.9524 28.459183 17.529115303404698 0.03607985853449624 nan nan nan 0.01379539245782337 0.012054426614154633 0.0008687139535511726 0.0018614253760855532 0.0007319538405613753 0.0014131883175510546 0.0008234051140292026 0.00032661531527160726 0.00018455920458109416 764754121.5040014 nan
3148.6426 26.320091 3.560921 0.2837116 1193.3334 24.637754 17.75882954658054 0.043179144689776856 nan nan nan 0.023493130199496934 0.020126325441095824 0.00020707683711163982 0.0024797794474361303 0.000829827920642861 0.0014595260844716708 0.0004124488881195868 0.00035817425361388375 0.0002047376571968844 764754428.2240024 nan
2931.6868 25.5257 2.5311527 0.3120828 1115.7144 33.663265 17.26454868574724 0.07215888166800312 nan nan nan 0.02222280022114119 0.004777427198132537 0.0009384124059176313 0.0014232814321261812 0.0008041833878365237 0.0010274980838381144 0.0008058154649426211 0.00028891069314863785 0.00026047453074518024 764754734.0799992 nan
3119.7153 22.546728 3.8845623 0.208083 1253.3334 26.377552 16.993311711934414 0.0635457673454168 nan nan 0.002583837147258211 0.016217863448598067 0.00648819121799534 0.00040051978981116895 0.0012087698025183276 0.0007112779346425705 0.0011818605110238498 0.0006752548021507947 0.00017204492637192225 0.00015915648523137188 764755040.8000003 nan
