json/2022_087.ecsv
# %ECSV 1.0
# ---
# datatype:
# - {name: p1, datatype: float32}
# - {name: p3, datatype: float32}
# - {name: p5, datatype: float32}
# - {name: p7, datatype: float32}
# - {name: de1, datatype: float32}
# - {name: de4, datatype: float32}
# - {name: hrc_shield, datatype: float64}
# - {name: gp1, datatype: float64}
# - {name: gp2a, datatype: float64}
# - {name: gp2b, datatype: float64}
# - {name: gp3, datatype: float64}
# - {name: gp4, datatype: float64}
# - {name: gp5, datatype: float64}
# - {name: gp6, datatype: float64}
# - {name: gp7, datatype: float64}
# - {name: gp8a, datatype: float64}
# - {name: gp8b, datatype: float64}
# - {name: gp8c, datatype: float64}
# - {name: gp9, datatype: float64}
# - {name: gp10, datatype: float64}
# - {name: times, datatype: float64}
# - {name: fi_rate, datatype: float64}
# meta: !!omap
# - comments: [idx = 561]
# - __serialized_columns__:
#     times:
#       __class__: cxotime.cxotime.CxoTime
#       format: secs
#       in_subfmt: '*'
#       out_subfmt: '*'
#       precision: 3
#       scale: utc
#       value: !astropy.table.SerializedColumn {name: times}
# schema: astropy-2.0
p1 p3 p5 p7 de1 de4 hrc_shield gp1 gp2a gp2b gp3 gp4 gp5 gp6 gp7 gp8a gp8b gp8c gp9 gp10 times fi_rate
[from data line 2125]
3306.631 88.08411 93.02527 92.317535 15919.049 214.23468 33.02772640441408 391.96809838336014 227.39772786083222 124.63259042967172 28.06061349108219 7.218387119348889 0.3172324634751188 0.04351825441347913 0.009017869991897184 0.0018828351994362082 0.00262770616928315 0.0009622288959900826 0.00031590238223208584 0.0002641744209232412 765339413.2480013 nan
3603.6938 92.87383 97.178955 78.076324 14400.001 189.64285 33.92446541247556 384.86767480084626 222.69590895701506 119.7126796175598 29.291889274576423 7.088195701812913 0.36940252833124837 0.04641455150366831 0.00923081350603303 0.0023692830846931516 0.0018714416954027444 0.001016203416411226 0.0004270348499190592 0.00034484752573255267 765339719.9680023 nan
3473.5203 91.88084 100.553825 79.68959 14857.144 207.85713 32.68976773646448 375.8146080644427 206.05575476040747 114.5924754023732 29.377299159142705 6.466845578068925 0.3564153963188793 0.037828867066389556 0.01071750372430005 0.0017559794475972043 0.0020574173418353905 0.0005118777789354 0.0005742368203170181 0.00022946367263211912 765340025.8239992 nan
3505.7856 90.07009 109.46694 81.69226 15142.857 202.8061 30.660308004243866 371.36275048227117 210.98193504618155 115.46393191278898 28.267013826051144 6.449425413041359 0.31413395068795463 0.035391109909408205 0.00852877155055404 0.0016598053898633208 0.00248197359718 0.000866217459541086 0.0006162374958668754 0.00022877497754948984 765340332.5440001 nan
3370.049 90.27453 107.21703 72.06831 13038.096 174.89795 31.008684729362322 368.7059836522755 205.6644938164624 106.15103129432988 26.25821655670854 5.690411685868265 0.309314988314247 0.03895473528564691 0.007662161745580797 0.001770584075474624 0.001221528908369499 0.0006212151387444684 0.00041827747145363085 0.00018322927070173862 765340639.2640011 nan
3651.5354 90.478966 109.726555 85.94793 15052.382 194.84694 31.91866614481314 361.9112221174845 199.52817312357354 105.41172905663139 24.742633056697905 5.59919762967338 0.3343544393774642 0.04153851885270749 0.008044338418846244 0.002074019852816764 0.001873910732935703 0.0007522536351963101 0.0004098095493462327 0.00027205618287957 765340945.119998 nan
3503.5603 94.68458 115.61094 89.897644 13885.715 187.80612 30.506022253302262 360.7380000239182 200.01995447572844 100.83140553436631 23.423807015723344 5.469314952115763 0.31137709156761456 0.035838057600613066 0.008110092611321014 0.0019343673936689846 0.0023380015737510347 0.0011715944299467637 0.00040595469449498055 0.00031625593842698357 765341263.9359994 nan
3512.461 126.43107 234.85635 132.62128 13642.857 187.65306 33.01303367942095 355.2334931861606 196.82286150469244 97.10302708126103 22.12470978675947 5.428505262598409 0.2826681960021476 0.040129935206226375 0.010374962767439603 0.0018166869192838746 0.002233615098100105 0.0011729829589934584 0.00044613094799648436 0.00023922440369106158 765341569.7920034 nan
3530.2625 163.23013 317.67047 166.69449 11566.668 167.85713 31.555901918264496 351.4054724401893 192.0271713893544 91.4282501688821 21.829329377009437 5.234633461945268 0.27925402268376587 0.04226335597621894 0.007232592391886224 0.001592356950520014 0.0022790338515044756 0.0010353554607717987 0.00035121061333228716 0.00024760539691245144 765341876.5119972 nan
3580.3293 130.60747 268.60507 157.09836 12766.667 199.84694 30.185541029170338 349.6898315299107 194.2054966564631 89.94258213056084 20.956322082189153 4.778954384554094 0.26861258879951 0.03753237496906779 0.00696788414216034 0.0018518573846690485 0.0020725237187547976 0.0009959987389509726 0.00024529858360260116 0.00033389891840096054 765342183.2319982 nan
3360.0356 130.11098 238.57736 150.00557 12852.382 194.33673 29.951452590420804 349.4812882128521 189.4717556483433 86.98166185597908 20.058628915455134 4.530390481598077 0.2794611824110377 0.03779707377636767 0.006484120192784574 0.0014940600566581527 0.0021672755359899436 0.0008076826882892003 0.00031120606420312444 0.00030361142366511776 765342489.0880022 nan
3612.5947 125.14602 221.01074 137.87828 12790.478 182.85715 29.53376548439229 341.10432199005135 180.5538974021041 81.75322701766534 18.844447143884118 4.175857325373325 0.27206726591464553 0.0355260555039759 0.006737346935554233 0.0017175578933810816 0.00178384350418179 0.0005775189104780383 0.00038590630027264186 0.0002474342738410147 765342795.8080033 nan
3503.5603 121.962616 194.79059 144.6373 12585.715 182.85715 28.001193148203583 325.01641339651286 170.1236463510087 77.95525826915568 16.9454544983772 4.405900921125133 0.28189928847305556 0.028509867997490994 0.007109455175329367 0.0020847316105565643 0.0020684655570221344 0.0006548503379757884 0.0005167150442657277 0.00029909651784333744 765343101.6640002 nan
3531.3752 114.51518 196.08861 122.32977 11295.238 169.48979 29.843386490839897 319.9779908840943 165.99818051116029 72.75622231383596 15.707532894923572 4.612591411655174 0.2721123506959143 0.03340959830835898 0.008068208979532657 0.001477709594370846 0.0020684613082266753 0.0006841723763721635 0.00045776641110283935 0.00018457782869063372 765343408.3840011 nan
3576.9917 131.39603 224.12599 140.13129 12033.334 176.7857 29.68347911437378 331.9405227574307 162.89987964406896 75.27065188851483 16.38275337700952 4.5005501825835506 0.2723492862787535 0.035987645768154844 0.006789061835654397 0.0011375900730889918 0.002020548811961683 0.0005176787944037008 0.00033553364267772094 0.0002045270280096697 765343715.1040021 nan
3637.0715 137.67523 271.54724 148.36449 10219.048 151.12244 28.568205274736894 338.244542813959 163.26679606037794 75.7131772368294 17.07840047949155 4.31813993570623 0.266270755582422 0.033000723162447766 0.006227396179771791 0.0013711399865326925 0.0019201261074877519 0.0005700552987414662 0.000301160676372087 0.00023596851640929472 765344020.959999 nan
3487.9841 137.44157 248.78851 152.62016 11961.905 186.83673 28.576663199000794 341.5451916379663 167.6372404048946 75.62883652398853 16.489416363911058 4.312767122793831 0.270301717572405 0.03353998689667536 0.006022343691667212 0.001952849174476271 0.0016633048398378147 0.000785312292703491 0.00030116137850200175 0.00021359550091826264 765344327.68 nan
3525.8123 147.9556 264.97058 140.38162 10757.144 164.43878 29.219349811681056 348.98286523930517 168.48683142244303 76.02490241598802 15.833132522924721 4.253859861200864 0.2679017753458767 0.03610251439857537 0.006016055018497385 0.0014422699145468624 0.0013155805790737729 0.0008183792463243269 0.00036532276844592404 0.00022951604004147014 765344633.5359968 nan
3634.8462 155.14017 280.5469 132.78818 9380.953 153.36734 29.432743626923546 354.3588732196946 166.0988355025396 75.29147101890076 15.681277999349446 4.234832189924805 0.2589800186903355 0.03379725243878804 0.007278432647841299 0.0015402643144576222 0.001743635628399993 0.000665708363471026 0.000322871053039682 0.0001496624293329386 765344940.2559979 nan
3566.9783 171.20326 325.3721 135.95906 10057.144 152.85715 29.164417215704695 355.4257231392481 163.7917564940548 77.3606725618877 16.11278242600649 4.165081652048752 0.2678138917335669 0.032177809183740524 0.007493101195443268 0.002176606395286127 0.0023412170876298396 0.000621212271107657 0.0002608346260197492 9.781076703718023e-05 765345246.1120019 nan
3424.5662 136.15654 256.74976 153.67712 13266.668 202.29591 30.220822183300857 360.3037157094506 168.45943997749373 78.29321638821634 15.866299536977358 3.9272841902387317 0.2542031181905067 0.03552206470197688 0.007837001989767688 0.0017179727584190098 0.002341853220362217 0.0004944547865100529 0.00024721350094649173 0.00016071414188042641 765345552.8320029 nan
3682.688 127.86214 220.6646 125.11126 11304.763 168.21428 30.766159506655235 349.5026377389961 167.1710173200144 75.99025186747576 14.115316526579841 3.6710011266681173 0.23565279889722668 0.034814760394135044 0.00899418802538951 0.0017842186918599992 0.0018666090282240316 0.0004141417414121598 0.00020036150083859738 0.00018457577766185394 765345871.647997 nan
3642.6348 192.96144 356.69785 166.05475 11271.429 156.93877 28.946765365848645 332.3327992851169 160.3076096277021 74.31502862762123 13.863054762317187 3.4448252860106408 0.2226049534416896 0.031950901642551544 0.007280403401615888 0.001850832988768162 0.0017428655588503138 0.00048603578041095554 0.00021889856248619708 0.00014185255815504742 765346177.5040011 nan
3682.688 308.9953 478.62585 154.87317 10423.81 159.03061 29.38487371429884 332.1320801194176 161.32348018361796 72.01959187251445 12.528178454743923 3.136014860699845 0.2428547137752935 0.036440694785666916 0.006164128782229047 0.002033313360104688 0.0013493393777342492 0.0005176802144888259 0.0002222431668048892 0.0001377509725520377 765346484.2240021 nan
3465.7322 222.4591 301.4019 134.56831 12838.096 183.72449 28.483773474204266 333.0735777754174 157.71318498064886 69.78819102405211 11.457796133578118 2.8666879089738173 0.2232533568610444 0.03072782289420461 0.007037709491031934 0.0023093129918244854 0.001691632771515379 0.0005942118995084931 0.00020513703728787373 0.0002496775029619556 765346790.9440031 nan
3583.667 141.03387 203.01141 106.753456 11452.381 153.87755 28.085052039220248 325.47361429417583 156.3679624318073 67.33095355802881 10.890938885621647 2.6848140421099393 0.2034121633719756 0.030774842932977112 0.0064083172879795605 0.001471629079636384 0.0014230589331931077 0.0006212140558636744 0.000264243423581049 0.0001626368314353822 765347096.8 nan
3525.8123 128.7091 192.108 107.28194 11200.001 151.7857 27.473013049846525 326.94924150054834 148.28523292186264 64.312775273444 10.347778662306228 2.6977672409049323 0.17136736668897282 0.029603567440704373 0.005938956083492002 0.001278174736289154 0.001434341072184679 0.0006212123086152049 0.00034977258142305064 0.00013906980315286934 765347403.5200009 nan
3286.6045 124.5327 176.44513 99.43814 10414.286 142.44897 28.383100093277587 328.7687348295903 149.6543329088702 62.672822231705624 11.646084372062871 3.203034863676004 0.20079708931029408 0.02944714246100542 0.0074090676069482235 0.0016838179474488546 0.0015563153345226563 0.000786998961980282 0.00023413100619977767 0.00011071842273464706 765347709.3759978 nan
3679.3503 123.48131 168.2243 100.60636 11023.81 161.88776 28.979330788303667 315.40000990107615 143.0520952462509 59.28683161421958 11.516597428676695 3.2745853951160933 0.20401113724187717 0.03476348018135768 0.006227604745696544 0.0014856195138700872 0.0015759571612943219 0.001169132131236309 0.00017323170689767213 0.00013629961938195864 765348016.0959988 nan
3635.9592 115.50817 166.58014 107.11504 11023.81 157.70409 26.688784251721316 300.0058059611695 135.23036964528345 55.22606978868154 12.508059423472224 2.9872457399148553 0.2047775536593213 0.02877060633115135 0.005005963297137305 0.0010231219654778037 0.0019079110384889898 0.0007190202133379478 0.0003082808651274733 0.00019539640948700368 765348321.9520029 nan
3421.2283 118.28271 184.9256 106.08589 10704.762 149.18367 28.3229063989745 286.7060130466192 126.37038982178221 51.444422972944146 13.1542758515898 2.955711325001921 0.19869555745128864 0.031549439865732984 0.006478587953565217 0.0008459071273638273 0.0019699415394279366 0.00044210158765647467 0.0003346216262434744 0.0002228221466127805 765348628.6719967 nan
3575.879 117.90304 170.99342 105.640854 11257.144 160.30612 29.96426839777381 287.8546462477229 125.8118833867235 55.70988736178624 14.29051422440576 3.0492774322198075 0.22609876921314945 0.03640155724770601 0.007107206379684466 0.0014611143742793175 0.0017951264430624463 0.0005978852376566147 0.0002752339631471258 0.00017099664822417917 765348935.3919977 nan
3521.3618 112.908875 175.23364 112.39987 11690.477 153.01021 28.92597850254634 280.70518947732234 136.07340200032357 63.38093518924148 16.043673306556524 3.433942388811627 0.23857688589375467 0.03262865813351249 0.006963600699804463 0.0007886163503752145 0.001862261572465531 0.0007151031476653486 0.00020700359197514882 0.00016406632043981437 765349241.2480017 nan
3531.3752 130.78271 206.64589 112.73364 10290.477 145.20407 28.032578941226156 274.45787309186824 135.73612117877838 67.54850356288718 16.70017459562732 3.1548435412589018 0.19807826651305485 0.03512562548404758 0.004597103315321111 0.0015927125445090334 0.002603669348942958 0.0007247364502835971 0.00021631997095775726 0.0001640642867095983 765349547.9680027 nan
3453.4937 138.55139 217.28973 112.67802 10438.096 143.5204 28.480629165688633 272.3954853086257 136.6701497536847 73.81192282594823 15.723163806162102 3.190441490234148 0.1970625792825997 0.03484419178071976 0.005415943079158441 0.0015473033070642515 0.0017248571280770151 0.0016088337905991435 0.0003127467172537807 0.00010569068252675208 765349853.8239995 nan
3771.6958 134.37498 223.34718 123.72052 11328.572 154.03061 28.257407688088634 250.51801650728143 139.2887164408004 71.25744994275806 15.939613098474203 3.109090224103781 0.21377795344436437 0.03225211707803507 0.006082204027016471 0.0011958038288906875 0.0023440462325582598 0.0007515769022716957 0.0003016367084115448 0.00016229268552490485 765350160.5440006 nan
3555.8523 130.14018 213.22256 115.93236 10885.715 144.13266 29.293086173334224 283.1235006095913 160.8733432542491 86.40587167392317 17.049407475545827 3.105652121222187 0.19160047112203313 0.0373205539046549 0.005714120638279202 0.0016356443314997889 0.0013722554012052571 0.0006212013003459892 0.0003144799075094931 0.00018596275160377452 765350479.3600019 nan
3242.1006 129.41005 213.56871 121.244995 10704.762 136.63264 28.859608513644552 305.7859388512804 192.71011970956513 98.69608178258179 15.72335526859893 3.142065922162616 0.18509133586906729 0.03318519866984667 0.006684399415249959 0.0009294347096372633 0.0012240519353512065 0.0005935353372432054 0.00022465269236686286 0.00022558625106284793 765350785.2159988 nan
3580.3293 140.21613 240.91382 121.217186 10704.762 142.65306 26.0489568212122 310.81696715674104 202.7820747368835 94.76833744355751 14.783894027672 2.9924322042204707 0.2360881845217094 0.02407888207262083 0.005839535203386921 0.0006377322831268352 0.0019400232978491166 0.0001427925165615361 0.0003513461371676401 0.00021625483075616412 765351091.9359998 nan
3539.1633 131.19159 195.3098 125.63974 11514.286 159.43877 28.281462738866008 341.57046213841545 218.89432022722963 96.82369410745792 14.421371792216265 2.8459542477263584 0.181064075423212 0.03404038059606247 0.005436485888657494 0.001230764552045406 0.001557137013934143 0.0005817047120085031 0.000333794659958936 0.0001025387220715773 765351397.7919967 nan
3361.1482 132.68108 215.21289 107.69916 9733.334 130.66327 27.3145948971803 381.7300388410275 220.50205309451687 98.82026651716606 15.875094894600322 3.225625990823673 0.19544510724882025 0.0263252779672253 0.006974196475796709 0.001687674874981642 0.001367328634219956 0.0002680245472464495 0.00017124733516177794 0.0001097842428092871 765351704.5119977 nan
3531.3752 143.92523 232.17377 113.28995 9957.144 133.77551 25.417315406747125 393.29965301117807 205.9335279258952 95.15956002679951 15.061985295279372 2.8549922969415564 0.17053698038250648 0.02191605896519226 0.005763786533607881 0.001780552229624925 0.001308038196473198 0.0006811939745218195 0.00021718297987058288 0.0001583126791278277 765352011.2319987 nan
3453.4937 144.39252 230.18346 111.009125 9633.334 134.79591 25.20133081881104 398.93509256985027 220.52344846097503 99.8582672330226 13.424154304282009 2.830385080438286 0.16572130472216826 0.020723450016279933 0.0059028819783171335 0.001048058318612093 0.0015246009398175552 0.0005133210439004486 0.00031788074928954077 0.00013286983821785865 765352317.0880027 nan
