json/2022_118.ecsv
# %ECSV 1.0
# ---
# datatype:
# - {name: p1, datatype: float32}
# - {name: p3, datatype: float32}
# - {name: p5, datatype: float32}
# - {name: p7, datatype: float32}
# - {name: de1, datatype: float32}
# - {name: de4, datatype: float32}
# - {name: hrc_shield, datatype: float64}
# - {name: gp1, datatype: float64}
# - {name: gp2a, datatype: float64}
# - {name: gp2b, datatype: float64}
# - {name: gp3, datatype: float64}
# - {name: gp4, datatype: float64}
# - {name: gp5, datatype: float64}
# - {name: gp6, datatype: float64}
# - {name: gp7, datatype: float64}
# - {name: gp8a, datatype: float64}
# - {name: gp8b, datatype: float64}
# - {name: gp8c, datatype: float64}
# - {name: gp9, datatype: float64}
# - {name: gp10, datatype: float64}
# - {name: times, datatype: float64}
# - {name: fi_rate, datatype: float64}
# meta: !!omap
# - __serialized_columns__:
#     times:
#       __class__: cxotime.cxotime.CxoTime
#       format: secs
#       in_subfmt: '*'
#       out_subfmt: '*'
#       precision: 3
#       scale: utc
#       value: !astropy.table.SerializedColumn {name: times}
# schema: astropy-2.0
p1 p3 p5 p7 de1 de4 hrc_shield gp1 gp2a gp2b gp3 gp4 gp5 gp6 gp7 gp8a gp8b gp8c gp9 gp10 times fi_rate
[from data line 479]
6487.539 3358.6448 1008.99963 130.70206 9328.572 275.71426 18.191357169933966 88.7700701939406 39.471109617490676 17.140330409563475 3.740618991213575 0.7495413194271792 0.024155853568447322 0.0015976724766149713 0.0026036308276773485 0.0007076974554020103 0.0017091869234490253 0.0006243252923981879 0.0002239165833035599 0.0001911920838348566 767720566.1439992 nan
6189.364 3107.4766 951.0211 123.88741 10828.572 300.8163 17.242669327063446 92.74746435486273 40.631511611343306 17.657396795249763 3.8441839118822405 0.7687979168023087 0.02820515257102503 0.0005272443477761296 0.001531997577454566 0.0009077751323348543 0.001778397838987028 0.0005560456207621773 0.00022463897567304034 0.0001910147199245866 767720872.0000032 nan
6083.667 3323.5981 1045.3445 135.06898 11504.763 340.8163 16.84865048186042 85.8400356306046 38.531007043491925 17.389404396525045 4.021158602203338 0.8167908311294617 0.02142055781006676 0.00033622063772994706 0.0009933548625830995 0.0006151332251558366 0.0018813901002559187 0.0007157277943974479 0.000280059270346198 0.0001863420106350503 767721177.8560001 nan
5537.3833 2755.2568 909.48425 128.5603 13452.382 368.97958 17.08912443564953 81.15992819053542 37.00622922876217 16.237606989610683 3.9079909172543505 0.7381207152994483 0.025477972702755973 nan 0.0015025538009894204 0.00032761818626947435 0.001378881250202497 0.0005966929711082859 0.0002351266780426238 0.00021774949517127236 767721483.7119969 nan
5580.7744 2776.577 898.23474 119.13107 15004.763 423.11224 17.218186693316866 84.65660280572956 40.31326075585629 17.687049221901734 4.32351692021564 0.8463364628105396 0.025962172959032425 0.00023430207376864422 0.0016121039666738978 0.0007376691786839239 0.001291329373614606 0.000632671935691387 0.00028069230126422356 0.0001594962691924465 767721802.5279983 nan
5349.355 2683.7031 871.4088 117.82377 15542.857 428.7245 17.3185952932 86.92995280157785 37.95262468386593 16.741550542060835 4.360911980283725 0.8303365675890866 0.027312839698805234 0.0002825456968202963 0.0017498736387281536 0.0006268954773180024 0.0012733030895739298 0.0007097993984735123 0.0002575117361406424 0.00013108243822122494 767722108.3840023 nan
5437.2495 2610.397 839.1312 111.927025 16719.049 433.36737 17.21801133673742 84.46805050404778 36.24636331668964 14.763362473775238 3.90038662311402 0.8277594335194853 0.027729942757917837 nan 0.0017036123220233056 0.0004624820613568374 0.0016646263398618032 0.0007315325264746122 0.0002763244120719909 0.0002037211661239847 767722414.2399992 nan
5821.0947 2776.577 868.81274 114.90321 17666.666 467.29593 17.075656842430366 93.50039555266916 38.99970792869209 15.285075042588128 4.110233852978443 0.8287482120678625 0.03284571395531377 nan 0.0014748544018126438 0.0008298624394229552 0.0015734775927299409 0.000517649704233898 0.0002676834064914224 0.00016355916760272155 767722720.0960033 nan
8064.086 4287.383 1201.973 140.18692 13947.62 434.23468 17.407465399537152 97.26658554513179 35.70659432103973 16.743054038704575 4.13756350299005 0.8035709187268549 0.026674714946711177 nan 0.002002994726587679 0.00045816140675635137 0.0014392412432309423 0.0003012481490476946 0.0002676836110822477 8.202874377957438e-05 767723025.9520001 nan
8096.3506 4672.897 1307.5459 158.71162 11914.286 418.62244 17.036535807266127 86.79927272776371 34.274724356863146 17.81034515710816 4.017139012414947 0.7936248401303998 0.025684678496041315 nan 0.0014195271384584746 0.0006326685702727719 0.0016209749696395755 0.0002718953330980823 0.00034930675654280943 9.314629678099624e-05 767723331.807997 nan
7027.1475 3758.7615 1116.3032 140.49287 13580.953 426.88773 17.12122193695158 82.08708327692942 36.86265966468459 18.91086572815458 4.309210717470648 0.8052337916993868 0.024064659764343143 0.00029787966767386213 0.0014356938899568188 0.0007992871491966276 0.001464686154064236 0.00035568149894588493 0.0003143747189725322 0.00014884097229268583 767723638.527998 nan
6641.0767 3399.5325 1038.4216 132.20406 14071.429 467.95917 18.012888771842142 81.21311757592937 38.28665707429684 19.341903671235222 4.316140637859282 0.8115063450720971 0.01767753541971658 0.0008359498433606282 0.002631635439322414 0.0003158230978965435 0.0012638634239033823 0.00043151659299300865 0.0002537657574106335 0.00024444830572021014 767723944.3840021 nan
6435.247 3235.9812 989.0966 124.8053 13657.144 438.7755 17.592398482375973 80.25215196814423 44.36661626024913 19.345110958060737 4.057271414836102 0.7267767239313965 0.011694916891627445 0.0010556813834763912 0.001886950782863614 0.0006193933034928074 0.0010630313007084133 0.0005801384158173393 0.0003686583320892306 0.0002375981329389751 767724250.2399989 nan
6718.9585 3419.9763 1033.2295 126.4742 14214.286 464.84692 17.146808627194453 89.38552148319081 49.58524025534412 21.58857857845244 4.109258997474537 0.770077665337887 0.012802954064454718 0.0003979894716547144 0.0014460302373131913 0.0007268286204928934 0.0019667732424490927 0.0006211868529680771 0.0003307543437029738 0.00017952143560332541 767724556.0960029 nan
6824.6553 3577.6868 1046.2098 128.97752 14976.191 473.06122 16.93273208859125 99.33682905172797 53.16163280982522 23.62228035994285 4.306143799548262 0.7970991915964346 0.02962379008082288 0.0003604022958727257 0.0011089596558111698 0.0008356337316784448 0.0014846761324204456 0.0005504864585451701 0.0003248106532116185 0.0001500556109339186 767724874.0480002 nan
6178.238 3162.9673 952.75183 121.71784 15057.144 489.69385 17.27756191282831 109.82717271074497 57.294593466182256 24.756783283254283 5.085094391896179 0.7894937421568605 0.03485717765956995 0.0005276816410526698 0.001580937320084071 0.001114959791662027 0.0018842916278560726 0.0004449326188660094 0.0003043312793342568 0.0001579563413798995 767725179.9039971 nan
5714.2856 2854.556 816.02637 104.361374 15442.858 491.37753 18.24511504244612 125.79368348786394 62.89961546278942 28.931256104600006 4.965795944750249 0.8693248290941775 0.025291771905886405 0.0016750386768526664 0.002656497176219667 0.0008418137812647713 0.0018370083130006968 0.00026404354741271254 0.0002237848643324162 0.00019378631477954796 767725486.623998 3.9766000000000004
6140.409 3019.8596 898.23474 116.266136 17833.334 525.0 17.24680059072121 141.01211761007986 67.25027534548315 31.809910265049975 5.313361646837472 0.9033031078819737 0.02556121333421402 0.001324952236522669 0.0012230450744889854 0.0009760274025998274 0.0013811334666282266 0.0009776556269744854 0.0002630273408908404 0.0001134893904094336 767725792.480002 4.034
6161.549 3002.3364 924.19525 119.43703 19247.62 545.40814 17.418918207499004 151.38954068080577 68.36318799651703 31.547498482181215 5.218921734975175 0.8408236705331817 0.03239483580456785 0.0006521666773727582 0.0017561960139068598 0.0007047459912643164 0.0012804003469136782 0.0008469615339921739 0.0002971939561289085 0.00017601538837658774 767726098.335999 4.149100000000001
6170.449 3104.556 919.8685 114.23565 18757.143 558.1632 17.389350277784256 157.5281765786024 73.72768076748264 30.48268174540665 5.090770877324957 0.8208207397878856 0.015028490820981316 0.00011430084291148081 0.0019391710344725728 0.0003141518731482872 0.0016661755436582775 0.0006436144785612216 0.0002356160808916131 0.00015687939092855026 767726404.192003 4.3383
6469.738 3113.3176 879.19696 109.97998 19171.428 546.4286 16.802157805014037 162.20914602048353 74.49264959619362 29.858649411457215 4.758022946327308 0.7916567054766135 0.02734515801442862 nan 0.0010488418232517767 0.0005226467167232238 0.0012983948438147759 0.0007043017933580441 0.0002443579029666765 0.0001435516867059047 767726710.0479999 4.154100000000001
6158.211 2876.7522 819.48773 105.75212 19442.86 570.40814 17.108628710184384 164.89246675926304 71.05143791053126 30.02167390832632 4.332910527465728 0.6562274602684781 0.025642710772102267 0.0004338050486716041 0.001360317349779327 0.0011777412043309106 0.0013439128359193613 0.00038413932217973827 0.0002371948235148995 0.00016041598869495974 767727015.9039967 4.0273
6163.774 3037.383 862.06305 111.39853 19557.145 572.95917 17.209441989409058 168.7046361370647 72.12103178063053 28.51215436405937 4.217759682608393 0.7240409164301476 0.03665621486769506 0.0005274162915163385 0.0014721481473336433 0.0009034562074196293 0.0009628599538700592 0.0008353611550795526 0.0002766233458687261 0.00012940850283465986 767727322.6239977 4.0934
6733.4224 3300.2334 972.6549 120.1324 18952.38 557.1428 17.200039920111536 172.0931658554078 67.8988990612416 28.296424466868363 4.3047084689700785 0.6794576899697636 0.01999495673827246 0.0005273112378738915 0.00147204003456817 0.0011372516216358636 0.0014823284445155665 0.00039486964287821415 0.00031333300965320863 0.00014076822096256917 767727628.4800018 4.0114
6701.157 3279.7896 906.0228 113.09524 19766.666 571.4285 17.56711101490064 168.95267836966826 67.16772389895254 24.536660786804852 4.175842064565676 0.7357909551560811 0.014769816371629104 0.0005273432680949617 0.002054885619417796 0.0008568317902289847 0.0018489371051564692 0.000597621701133927 0.0002560274237446971 0.00021935909106122212 767727946.431999 4.1956
6989.3193 3256.425 872.2742 107.00379 19547.62 588.26526 17.85040432983016 170.42864757073352 62.42600949389215 27.501164620279706 3.986620054852997 0.6508606588722534 0.01687605898519449 0.0010249821830956025 0.002301067262129747 0.0007179810860955301 0.0011277845916349443 0.0005234759531180482 0.0002667390219160908 0.00016752276344265556 767728252.2880031 4.0483
7085.0024 3384.9297 898.23474 109.14554 18009.525 538.2653 17.86414093250119 167.3568587550494 61.908656501835786 24.3465155759911 3.6996359855711973 0.6050012579301274 0.014670454437803066 0.0015623172958325279 0.002110586792025428 0.0010538721440701336 0.002411555693279603 0.00041792733548459877 0.00033214042962765027 4.55425133841852e-05 767728558.1439999 4.0998
7096.128 3311.9158 888.7158 109.17335 16319.049 521.9387 17.863662463031396 159.89528085654015 60.824125445958465 24.945582039129555 4.342977421561496 0.5792633782931924 0.014556870867355035 0.0005452480561876655 0.002515108392606555 0.0008339550002440171 0.0015911824607122743 0.0006175955828856684 0.00030171894727264804 0.0001417784898669237 767728863.9999968 3.8866000000000005
6738.9854 3005.2568 772.49915 97.1295 15885.715 516.83673 17.210693083132462 159.46240143446454 63.77826621952894 23.043086663575234 4.3929629888002415 0.7335084028051124 0.038695516274016455 0.0005324908779603872 0.001470302919893705 0.0008280325545592365 0.0016723337785252658 0.0007246985263736609 0.0002517231254000383 0.00018540360602960202 767729170.7199978 4.0605
5946.8184 2483.9368 654.98444 87.0049 14914.286 482.19388 17.33755063388343 163.64255315972676 66.29141249055196 25.48443588658202 3.9289436049995508 0.7544976945595735 0.01715527308680608 0.0015551183019539647 0.0012817113909778133 0.0005034121672299411 0.0012731066297581813 0.0007221510484228175 0.0003994603508158682 0.00034710541344699073 767729476.5760019 3.922
6085.8926 2442.7568 613.10144 82.55452 14595.238 479.84692 17.590238607234713 161.81372031556737 62.518749184003525 25.653822312228467 3.751064150556253 0.651494298818202 0.024349856446082105 0.0005502008074996948 0.0020737832934640908 0.0015968825213101292 0.00101100571589601 0.000612034665023747 0.000322304695871074 0.0002861938334777925 767729782.4319987 3.8574
6010.236 2366.8223 591.46765 75.46172 13409.524 470.05103 17.345055438262445 163.7258954611901 57.954954866690116 25.653040852781366 4.090371534566729 0.823244183037149 0.027234059964912793 0.0010202399025354822 0.0014977473358349681 0.0002899453984581667 0.0015695908376985692 0.0004536718694900005 0.0004129243812057237 0.0002652865033960647 767730088.2880027 3.9294000000000002
6654.428 2556.0745 613.5341 78.32666 13733.334 469.33673 17.452610146005302 156.07630961221892 59.2802420788317 23.256864497323676 3.7175065041465034 0.8236693206283165 0.03562816784600747 0.0005269167959339107 0.001856323373682096 0.0010373579130571876 0.001460981151937377 0.0010008355557746007 0.00034156177013347413 0.00023755473163406278 767730394.1439996 4.1633
6018.024 2331.4836 560.315 73.57032 13790.477 454.43875 17.302677214183653 154.39174688424256 59.87595437944101 23.110136969116567 3.8860985357799285 0.652027260796251 0.033438423997722566 0.0006352655212409156 0.001578892051846074 0.0007112964444604627 0.0013309680052385941 0.0005786330025566686 0.0004130956056730053 0.00016040159162048167 767730699.9999964 3.7938
5644.1924 2164.4275 535.2198 68.39675 13185.715 444.89795 18.07328846578804 155.78471124733733 60.88793132696685 23.29566957715825 3.922244156695317 0.7144373793551354 0.03185783770579564 0.0013192390765183585 0.0025217764198896277 0.0007897482473505794 0.0017565482516744492 0.0002413142830560027 0.00039574069853695387 0.00029064319997163776 767731018.8159978 3.8979000000000004
5571.874 2101.6355 526.8259 67.11726 14033.334 457.0408 17.660220184774573 159.40904663174217 58.26019357353314 23.984757743537884 4.437360883826327 0.7493277302028154 0.022117512006218417 nan 0.002405178690411995 0.0010320102531060807 0.0016014779604731767 0.000452410935544109 0.0005106085884886477 0.00019369217845802204 767731324.6720018 4.04
5615.265 2154.2056 527.172 68.17423 13776.191 439.59183 17.38366181301357 158.57732894617087 60.58142769354422 25.61455553285737 3.956612928456616 0.6714926138923158 0.013353969395025134 0.00021550508367446057 0.0018913660404361004 0.00037989216352105005 0.0012602509720090122 0.0006000035102483096 0.0003912604823604453 0.00013935656425921735 767731630.5279987 3.7929000000000004
6070.3164 2243.5747 547.07513 68.59145 13904.763 448.87756 17.685224978308092 157.3274943811507 66.07030536971305 24.68631967546554 3.8715154388682347 0.634437420457034 0.013298939850693208 0.001171940860682946 0.0019854573004481697 0.0006600857825414727 0.001336328741716488 0.0005176439226488493 0.0003663215094858619 0.00013222925615019896 767731936.3840028 3.9236000000000004
6147.085 2269.8596 531.2392 67.78483 12814.286 437.0408 17.968719948349808 156.57211377925515 62.327296230336394 24.43967674886079 3.749689823570473 0.7107465274543959 0.023364860589993854 0.001709163942012381 0.002209182957048607 0.0013617838950487908 0.001727424614825361 0.0005176438787384505 0.0004304736832392894 0.000174044315645352 767732242.2399997 4.1035
6122.608 2309.5793 536.7774 68.84179 13166.667 439.84695 17.61785082666718 154.72927307333865 61.81354936047902 24.688332526718206 3.93092621074249 0.6991552958491909 0.015587274122990356 0.001969264994251677 0.0015596723438007776 0.0012916874031198798 0.0013840123599974863 0.0005721111610288213 0.0004860448216437328 0.00021585976148020658 767732548.0959965 4.2103
6935.9146 2378.7966 529.3354 65.17023 13023.811 420.7653 17.085251623864487 154.16145642559295 64.49262950572913 24.511829555439444 3.467826730077381 0.6829410755496599 0.021152957220343483 0.0012800398949432022 0.0009903222676715569 0.0006265898589654514 0.001646237745148634 0.0005769486112397711 0.0004685066212506895 0.0002694999659508739 767732854.8159975 3.8977999999999997
6641.0767 2355.4321 528.1239 64.975525 13138.096 443.82654 17.345166098660858 151.15495530984856 61.82945778616989 22.763691936113158 3.503192879500431 0.5775222093055156 0.021902741573240802 0.0003662741833783893 0.0017631369565776836 0.0007474555025407399 0.0016960054196975844 0.000491209073891452 0.0003062438434673671 0.00029059020667794366 767733160.6720016 3.9495999999999998
