json/2023_195.ecsv
# %ECSV 1.0
# ---
# datatype:
# - {name: p1, datatype: float32}
# - {name: p3, datatype: float32}
# - {name: p5, datatype: float32}
# - {name: p7, datatype: float32}
# - {name: de1, datatype: float32}
# - {name: de4, datatype: float32}
# - {name: hrc_shield, datatype: float64}
# - {name: gp1, datatype: float64}
# - {name: gp2a, datatype: float64}
# - {name: gp2b, datatype: float64}
# - {name: gp3, datatype: float64}
# - {name: gp4, datatype: float64}
# - {name: gp5, datatype: float64}
# - {name: gp6, datatype: float64}
# - {name: gp7, datatype: float64}
# - {name: gp8a, datatype: float64}
# - {name: gp8b, datatype: float64}
# - {name: gp8c, datatype: float64}
# - {name: gp9, datatype: float64}
# - {name: gp10, datatype: float64}
# - {name: 2shldart, datatype: float64}
# - {name: times, datatype: float64}
# - {name: fi_rate, datatype: float64}
# schema: astropy-2.0
p1 p3 p5 p7 de1 de4 hrc_shield gp1 gp2a gp2b gp3 gp4 gp5 gp6 gp7 gp8a gp8b gp8c gp9 gp10 2shldart times fi_rate
[from data line 655]
12547.595 1080.9968 110.9092 11.441726 166841.27 1812.9252 20.92933432195791 0.6526068195853441 0.37863990280584403 0.2057705391109721 0.2273995550865493 0.21731210924258448 0.03348040863215829 0.009468017466929268 0.0037733077333790277 0.001065976864444984 0.0009871730384247712 0.001343784198526432 0.00016729295351791684 0.00010261064535554976 2.988250494003296 805920068.5980625 2.6097
10622.1875 750.7789 92.52048 11.38446 102492.06 1111.8197 20.68136143357376 1.1228607036179907 0.6818182264652213 0.11768166622061421 0.2380952355451882 0.2055438103884517 0.06448839101800144 0.015257345675592792 0.0010490547535939334 0.0008298157453702346 0.0005909176969659006 0.000517619981889695 0.00018402209969018048 0.0001640491679380708 2.988250494003296 805920369.1840036 2.5917000000000003
11737.049 749.2211 104.65943 12.201453 117767.195 1181.9728 21.469715713451016 1.122137512242346 0.3795277158560612 0.14704463330620363 0.23801068470007858 0.3227565529108525 0.04775984930395186 0.01368001525193973 0.0029340681013687044 0.0007110372627821316 0.000885990634159061 0.0006213471138304923 0.0002508094057984142 8.202452840555525e-05 2.988250494003296 805920669.7699374 2.5135
8173.2437 645.379 97.7847 11.682242 148492.06 1347.3639 20.53690377902264 0.7246432665351275 0.7573908400788824 0.11769603105664705 0.19482633137882743 0.1997313530514196 0.042994594461538464 0.014204852546376422 0.0012596867559427636 0.0005927812639545235 0.0006894987878136756 0.0007246174368204535 0.00018405515662049232 8.202493242612595e-05 2.988250494003296 805920969.0375183 2.4833000000000003
7221.357 590.8619 89.41964 10.685817 141619.05 1246.1735 22.683556723664875 0.905517884648674 0.9088690279118345 0.14710209507029504 0.3031254245749232 0.21720314370951263 0.07643768707478459 0.01788640583754121 0.003145317318825702 0.0005925490495293905 0.0008873903299169954 0.0008272815141064832 6.706429301316777e-05 0.00010262065654738211 2.988250494003296 805921269.6234521 2.547
12570.671 1122.8799 67.30511 8.658604 63671.957 889.45575 21.62304979654519 0.8697393964652682 0.7586115424365427 0.14700153674204236 0.3676694457675458 0.1587630954558183 0.08124842171870551 0.01683747118258992 0.0018882989089030345 0.00047417745716039135 0.0015754484326665965 0.00020881766231083658 0.0001672353445231265 0.00016376834360397758 2.988250494003296 805921570.2093931 2.6277999999999997
19989.617 2223.2605 112.6399 10.743082 94206.35 1131.8027 21.76279906026622 1.0139569059958908 1.0600882261720352 0.11768167314585298 0.2813112809845586 0.2172776990825978 0.09311957962255975 0.0173618282026667 0.0018891137217801903 0.0004747570202031679 0.0014771044340200533 0.0007243665673712252 0.00015059542998284884 8.200461555494585e-05 2.988250494003296 805921869.4769669 2.6587
15935.444 1830.4777 104.563286 10.055891 98222.22 1095.238 22.284373970113354 0.803501568924411 0.5331883516248389 0.118543600961304 0.2064837798658828 0.2059223222369815 0.06219789874471472 0.017377231268689473 0.0027318435676201075 0.0010648166987487552 0.0012811869980197677 0.000414096067768994 0.00018382595149678602 6.175845081213435e-05 2.988250494003296 805922170.0629078 2.6499
11064.959 1004.84595 66.39168 8.101215 54084.652 796.4852 24.558714990965488 3.048684396947065 1.5152624381732207 0.41194330942056145 0.49788307264517745 0.334788649518742 0.09554418952816363 0.022623109609652848 0.004195522283467777 0.00035569049161477773 0.0015759277395474194 0.0004139962178677967 0.00011712893316636793 0.00014355291827465946 2.988250494003296 805922469.3304816 2.6044
12967.29 1219.3666 79.03542 8.452446 45825.4 646.47107 23.628380544542406 6.094274970882384 1.7424243266646042 0.5301421546091578 0.5956344504232296 0.42884902700070493 0.10746316326472324 0.022611683825148266 0.002723996182170101 0.0004747596922362497 0.001869806847388797 0.00020780544203952058 0.00016729299490147954 0.0001641494528435129 2.988250494003296 805922769.9164226 2.6288
21642.436 2097.352 106.366104 9.425966 60317.46 742.3469 21.499849987970283 5.3710332170165485 1.742424220136472 0.7649309142010281 0.7575757340860012 0.4874324672420443 0.10031527968197869 0.017888140021875644 0.0012588788233573337 0.0007112681714715508 0.0012803242225423892 0.0005176196372091464 0.0001672927692395971 0.000205061552333892 2.988250494003296 805923069.1840035 2.611
21365.523 1529.2488 69.85308 8.192842 36677.25 708.04987 22.058799630764607 5.632032798111165 2.576793428277876 0.9717356750181264 0.8010982754267273 0.6048631557906734 0.13616548485609412 0.014224837362710909 0.003567234977103098 0.0007105691478851261 0.0008861886729275015 0.0003101680410001533 0.0002677007161433625 0.00010249120075671539 2.988250494003296 805923369.7699374 2.5781
14771.548 1140.4465 68.362755 8.807495 34206.35 750.4252 24.720064129539832 6.684540158531858 3.1058017383177177 1.4119645418230107 0.9198552797220415 0.5931464562646435 0.1480786346639673 0.02419682398259477 0.003776543376634745 0.0003558073322082256 0.0007879418708328655 0.00010362541035777831 0.00028438883543283126 8.203460440229057e-05 2.988250494003296 805923669.0375183 2.5542
17791.623 1259.0862 65.26191 8.4639 37460.316 806.97284 20.989602837330875 6.972251839804572 3.031745813134346 1.3535978694047892 0.952222409626355 0.5403554139061375 0.14083861779674203 0.016300614719285903 0.0010518396868689523 0.001066207374059095 0.0006907013622933885 0.0004139416917525387 0.0002341359360479448 0.00012294661289190495 2.988250494003296 805923969.6234521 2.5799000000000003
15515.75 1067.3243 70.910736 8.2615595 40560.848 750.28345 20.56663397462712 6.424872700730178 4.015151875364605 1.5302640565240084 0.8437488858053228 0.5873081794130782 0.0859600329546997 0.010016145438637474 0.0029373913995600614 0.0005927212909096219 0.0015737664386339472 0.00031021703022655086 0.0001837938298211528 6.165853605447434e-05 2.988250494003296 805924270.209393 2.4731
17004.154 1196.2616 70.02134 9.2541685 42000.0 763.60547 22.02078561667516 5.848163756026974 4.015447337571152 1.6477157789868386 0.7253196328514633 0.5989904686104749 0.078851800943481 0.0157842031624912 0.0029365715885699972 0.0005931880320104456 0.0009849592332144782 0.00020795799073260028 0.00011721901445120188 0.00010257080490116528 2.988250494003296 805924569.4769669 2.5787
19683.857 1255.6248 74.75674 9.26944 54328.043 773.52606 21.640691094282825 7.005501272076983 4.317737999532958 1.8238072328039077 0.9412414430068838 0.5755570695584148 0.11220859572766592 0.0163090377351051 0.0020993606723000106 0.0010662057898103128 0.0010832112521361324 0.0011373997435663254 0.00023403809639890253 0.00014348159475083126 2.988250494003296 805924868.7445477 2.4976
22481.828 1611.6302 87.83316 10.582738 56063.492 749.14966 21.777374307841338 5.917099690133525 3.8636364041622095 1.353597748570411 0.6925667416578585 0.4933481651631222 0.11939846476366575 0.015257518498401623 0.0027272552216648987 0.00047435269198163024 0.0010834522700210042 0.00010392827109837534 0.00018407109508182038 0.00012304700996874083 2.988250494003296 805925169.3304815 2.5989999999999998
25571.13 1917.4454 94.39541 10.502565 57523.81 755.9524 21.350840759003983 6.6057241665475885 3.863636171899998 1.8818724586253666 0.5414214106167492 0.5812232955122454 0.06936327619655458 0.015257518498401623 0.0020993511169464796 0.0008291178533736954 0.0012799388429129976 0.0009300988223492901 0.00028420129935535776 0.00014350292587561597 2.988250494003296 805925468.5980625 2.5936000000000003
20433.828 1489.4426 75.09326 8.68151 56423.28 773.2426 20.819300760491213 6.205385108216995 3.863636429592819 1.8240659213993409 0.7683982270202648 0.6636128534134307 0.07165376910290874 0.012626940630673234 0.002307938975142369 0.0004741792479344308 0.0015757859660087503 0.0005176194630999903 0.0001672918309376245 8.202388930757543e-05 2.988250494003296 805925769.1840035 2.6811000000000003
14183.108 1110.0728 73.1943 8.3035555 56412.7 795.06805 21.230216056001 8.198300283099533 6.0552426312561085 1.3838369489849152 0.8763591004849112 0.7163379419548723 0.0954800536328137 0.016300771663874038 0.0014707381723078434 0.000710689283626876 0.000986307662533815 1.2637210523644546e-06 0.0002340452137743437 0.0001843040050507876 2.988250494003296 805926068.4515772 2.5244999999999997
13395.639 909.6573 64.39656 8.1088505 58380.953 785.71423 21.197611309945323 8.417279176736827 5.606282324270913 1.5003838827339233 0.8982578543355444 0.6636386600218602 0.03585603988856592 0.017361509055608522 0.0010492705356755384 0.00047429387286593625 0.0007879926849908006 0.00020694619758711283 0.0003010945410796544 0.00010257071296941528 2.988250494003296 805926369.0375183 2.6731000000000003
15003.75 1227.9335 75.04519 7.986684 44105.82 708.9002 19.21996914777119 6.242608527640628 3.56659847912405 1.4417728853101102 0.5853350602313786 0.4703822029808428 0.05726003653782456 0.00844411629598954 0.0014674546373019029 0.00047417941190230125 0.001573476791383372 0.0003102678029434212 0.00018436458587978876 6.163818422492684e-05 2.988250494003296 805926668.305092 2.6523000000000003
9430.166 1020.2492 97.92893 13.652189 75714.28 911.5646 20.411722490866772 8.667935321126247 3.484922402582574 1.8530840602755954 0.8222782314136159 0.4874152608763453 0.05970914518989912 0.013148299194882994 0.0014686806967256587 0.0009478938942664234 0.0008870507522357407 0.00020714905723392052 0.00013388325928289862 0.0001434628461913335 2.988250494003296 805926968.8910329 2.6814
8363.62 920.30115 102.68836 15.06093 75841.27 860.96936 20.420505413688446 6.962538761144992 2.8053608626591897 2.000085666074294 0.995079169323333 0.417201177588176 0.07161295034051697 0.009482683216340954 0.0029323330848039612 0.0004758004273252425 0.0006900814755422314 0.0009292369359573512 0.000167177897760854 0.00020485118514665767 2.988250494003296 805927268.1586066 2.6257
6778.5854 784.70056 103.55371 15.6526785 80000.0 863.9456 20.95804120630081 7.354995783516615 3.9377293159990527 1.6186832822475372 1.3522907522358463 0.6104748993455613 0.08357857370224786 0.013672862271879636 0.0020993388204463962 0.0005925456471150711 0.0014761435682952588 0.0005182299678968981 0.00018399705311246523 0.00014363228256999397 2.988250494003296 805927568.7445477 2.5143
7007.182 835.41016 108.24103 15.221275 88952.375 939.62585 19.761077173333547 6.557635683571257 4.16733224342464 2.2654582717441607 1.0714655211523894 0.5637658730359529 0.08359373483494519 0.009468798211505688 0.0018885006225995225 0.0009482407363610066 0.0011820312634980691 0.0007245681382978474 0.0002007351351875483 0.0001435527759914336 2.988250494003296 805927869.3304815 2.5639999999999996
7610.765 940.80994 121.14919 16.332233 91460.32 877.12585 19.360513640367653 9.40640185194962 5.527639525466128 2.441549957823441 1.1470381866428405 0.540332473983893 0.07882847636343474 0.006844619904790603 0.0023070798831901418 0.0007117291923429225 0.0015750147293702738 0.000518023863220869 0.00016735769163497892 0.00016400879112328303 2.988250494003296 805928168.5980624 2.593
9508.769 1496.0194 192.15607 22.158083 97862.44 890.5896 19.888957075876558 11.57672709046144 6.0606058634591875 3.5892908933833763 1.2445887553205905 0.4521963994025149 0.074042232551483 0.009996133473275562 0.0018882821044067788 0.0007112681091639356 0.0013788123840205381 0.000724672073433717 0.000200750905442612 8.202437863684455e-05 2.988250494003296 805928469.1840035 2.5776
9337.142 1468.8473 186.77165 21.302914 89809.52 857.9932 19.87218559163754 16.592026564674573 5.610351802788736 3.649395779061183 1.2662337394431233 0.38779188910235673 0.045413373507088205 0.008941803849308573 0.0023070730220679835 0.00023755088033348772 0.0012799397332463624 0.0004136920096189518 0.0003343232042272181 0.00010265012625294962 2.988250494003296 805928769.7699373 2.5808999999999997
9190.031 1399.7924 181.219 20.650082 85269.84 749.14966 19.350334079982638 16.331770253242478 7.80195805683187 4.295065217264474 1.2662337394431233 0.4873837479752825 0.062091770899180665 0.007892120187692548 0.0018884731209878572 0.0004740601561659118 0.0010834432938250152 0.0002071468981485111 0.00020081615183973266 0.00016401799444649322 2.988250494003296 805929069.0375181 2.585
10652.475 1556.9401 194.31944 22.074095 95746.03 829.93195 19.473213794137447 17.60094107111656 10.681374348972858 5.117989235005166 1.2881483453462965 0.5401403504935736 0.04540520977442907 0.008413098739554817 0.0018891886409657776 0.000592550125521396 0.001574775640797443 0.00020719818705019553 0.00011705538811274306 2.074635734251918e-05 2.988250494003296 805929369.623452 2.634
11089.477 1913.811 237.89949 22.826185 117269.84 957.0578 19.084791669809107 20.913264059627224 10.379084151415062 4.325576995726074 1.4716818288892368 0.44054852061375316 0.06208360717316515 0.005264165699106732 0.0025170742599710597 0.00047429151823317204 0.0008870473454053457 0.0003104701686920577 8.367883764498222e-05 0.00018439355346803682 2.988250494003296 805929668.8910329 2.6762
11842.333 1991.1735 247.49048 27.029503 131555.55 963.43536 18.415889219493625 18.749151300641124 5.53311464101903 4.17795790738941 1.147228425842029 0.39355561009025924 0.054925226973402054 0.006844014570617112 0.0008402542534725726 0.00023766597865409404 0.0007880812477062596 0.00031057035837499675 0.0002509384556537163 6.165809351461527e-05 2.988250494003296 805929969.4769667 2.6622000000000003
11734.164 1967.809 272.97028 29.793537 127915.34 908.1632 20.269320774466877 18.750974094477705 8.404874303820698 4.442095320377225 1.190412706581339 0.48143074040437855 0.04539471365947821 0.011567425470336037 0.0018867276952192309 0.0008289436337256725 0.0009845722434820225 0.0003105717759910343 0.0002509383138921125 0.00020485031993492447 2.988250494003296 805930268.7445476 2.6781
11829.354 1902.3883 265.73495 29.732452 131174.61 974.4898 20.14179554190649 19.58190334384904 10.530229251425007 4.560365753769533 1.2445676178039577 0.48741526110016115 0.05017046802171101 0.011573588071864486 0.0016791750235660018 0.00023737685600054532 0.0013784721308273498 0.0007243622541209429 0.00015058777198833167 0.00012309633372273323 2.988250494003296 805930569.3304815 2.6026
11474.559 1786.6044 230.25557 25.987265 125714.29 943.87756 20.688284195818003 19.43465839218742 10.37908322365747 4.971245967517501 1.2013833370646476 0.45226519155484757 0.07637937509863026 0.009999117015896291 0.003144245814683919 0.0008286482593853981 0.0006907514908358027 0.0001047370556642894 0.00020065296625020003 0.0002458323819853487 2.988250494003296 805930868.5980624 2.5812
10486.616 1525.4413 193.02142 18.409077 98582.01 904.195 19.361674532475714 27.884766590945873 12.651516219010249 6.796116517897089 2.186147269414679 0.6988489218783634 0.08359606721711504 0.009469948048321228 0.0012588470874712494 0.0008298090432168663 0.0011818380005889511 0.0006211452023008999 0.0002342084853083579 0.00012303597475395004 2.988250494003296 805931169.1840034 2.5989999999999998
8794.133 1146.4175 140.54749 12.037292 63492.062 746.17346 19.761335249732998 39.71441353718894 21.138435461646832 10.651972768030696 2.7387503902962975 0.998585082377183 0.07890311567274037 0.0089530806482003 0.0020984840059521523 0.0011847495511913804 0.0010848833547472167 0.0004138961069700775 0.0002173811615557023 0.00016400847961914702 2.988250494003296 805931469.7699373 2.5843000000000003
8517.221 1000.0 105.14018 9.013652 50841.27 634.3537 21.112621969246717 46.05743507667276 22.196451152677668 11.561778225648533 3.0734290886159266 1.1157518453752715 0.12179042014175206 0.013676495630653412 0.0023077826522854604 0.0008299839930081407 0.001870853575360833 0.0003106211625518339 0.0001673166335733716 0.0001435530315337126 2.988250494003296 805931769.0375181 nan
