json/2023_195.ecsv
# %ECSV 1.0
# ---
# datatype:
# - {name: p1, datatype: float32}
# - {name: p3, datatype: float32}
# - {name: p5, datatype: float32}
# - {name: p7, datatype: float32}
# - {name: de1, datatype: float32}
# - {name: de4, datatype: float32}
# - {name: hrc_shield, datatype: float64}
# - {name: gp1, datatype: float64}
# - {name: gp2a, datatype: float64}
# - {name: gp2b, datatype: float64}
# - {name: gp3, datatype: float64}
# - {name: gp4, datatype: float64}
# - {name: gp5, datatype: float64}
# - {name: gp6, datatype: float64}
# - {name: gp7, datatype: float64}
# - {name: gp8a, datatype: float64}
# - {name: gp8b, datatype: float64}
# - {name: gp8c, datatype: float64}
# - {name: gp9, datatype: float64}
# - {name: gp10, datatype: float64}
# - {name: 2shldart, datatype: float64}
# - {name: times, datatype: float64}
# - {name: fi_rate, datatype: float64}
# schema: astropy-2.0
p1 p3 p5 p7 de1 de4 hrc_shield gp1 gp2a gp2b gp3 gp4 gp5 gp6 gp7 gp8a gp8b gp8c gp9 gp10 2shldart times fi_rate
[from data line 2229]
9769.816 806.33435 61.00727 4.707257 2382.9365 55.27211 16.397187090347824 7.648818446989622 3.1059497785770436 1.559267858983041 0.34629920276657755 0.14681127691876644 0.01671454730024024 nan 0.000420231468970858 0.00023708773218278996 0.0008867633473942228 0.0004141404254003779 0.0001673251852051548 0.00010255608193152543 2.988250494003296 806392269.3304819 2.5403000000000002
10708.723 903.6864 68.579094 4.8446946 2339.2856 51.232994 17.18900679022135 8.332411659374149 2.879393320383607 1.5299944588710213 0.30313138359431885 0.13510145815609043 0.007184405057694181 nan 0.0016759999284539874 0.00023708696667012937 0.0016727271039917863 0.0005050624338175 0.0002339609642373616 0.00015408123644251604 2.988250494003296 806392568.5980629 2.5196
10136.148 853.5825 68.69928 5.596787 2588.6243 58.67347 16.65901906092329 8.261693642345103 3.712357711087496 1.2945799416040389 0.3896424304372367 0.1350803649984096 0.009554461003770416 0.000526108573070733 0.0006294167863719251 0.00023708828678080303 0.0007878875961463648 0.00012627971978961179 0.00014047947265243357 9.251859791388932e-05 2.988250494003296 806392869.1839967 2.6307
9605.399 752.596 59.63713 5.3257284 2361.111 54.42177 16.66367040616797 7.3625857800633385 2.8029766476419615 1.5886452056059237 0.36797863765514616 0.18193341080339148 0.01669637983750597 1.0275445919688536e-06 0.0008396389063748313 0.0007105702206885598 0.0011824108635602446 0.00037976394532489153 0.00025766959850987467 9.234361968633504e-05 2.988250494003296 806393169.7699376 2.4405
10185.186 868.1205 67.4974 5.0279455 2226.1904 53.14626 16.9225892791379 8.910323093183973 2.727467505836303 1.529983203324888 0.3679892636513308 0.11749304405615635 0.0047830835000936475 0.0005258458431828122 0.0010489318256227172 0.0003558048608302493 0.0014771484347294822 0.0008836415883807847 0.0003043692447317437 4.517697699968218e-08 2.988250494003296 806393469.0375186 2.4314
11036.114 978.71234 72.16069 6.2152586 2662.6982 56.689342 16.925389908508347 7.4697165838209125 2.576116534602584 1.8235497356469552 0.3679210451690623 0.17033243587171717 0.009558178172575763 0.0005261052264116086 0.00104903847236715 0.0004738312657894195 0.00039553129603356405 0.0003787683839448152 0.00023384037263348022 0.0001540878231307784 2.988250494003296 806393769.6234524 2.6639999999999997
10803.911 936.39667 73.55486 5.4975257 2398.8096 58.886055 16.926720453742227 8.477263089845819 2.6516324119823005 1.3538975434841285 0.313929139199898 0.17618782429153437 0.011940908115774296 0.0005261060769812311 0.001049037451683603 0.00023732142291058047 0.0014762354302496363 0.0002527805654867725 7.03793839837224e-05 9.2563464302849e-05 2.988250494003296 806394068.8910333 2.4768000000000003
10388.542 898.4943 65.55036 5.4631667 2488.0952 56.335033 16.79393780413568 7.396981711766236 2.6529893884840803 1.2943098173573448 0.4762484549331572 0.10571940404510563 0.011940591488806284 1.0275442765413057e-06 0.0010490388118178538 0.00011866114479028704 0.0013781351636629354 0.0003786619125352066 0.00023395216635982758 0.000154014797629013 2.988250494003296 806394369.4769672 2.5652
9700.589 815.334 62.593746 5.0852113 2369.0476 57.114513 17.05804117373266 8.620547868403197 4.013340568083559 1.0301520814260154 0.508633326718348 0.11157804413588514 0.009557739970856372 0.0010506695846857035 0.0010490356363579297 0.00023691577561841886 0.0006904143535574639 5.552212366437617e-07 0.00014055532642903888 2.258275352503864e-07 2.988250494003296 806394668.7445481 2.5217
8882.831 692.108 50.983616 4.787429 2617.0635 52.72109 17.32733121124107 7.756508660952921 2.8034493685142774 1.853471488585148 0.4112963726266107 0.12335776702984363 0.014330303485126036 0.0010519577736171196 0.001468545056034683 0.000592549904863154 0.0009846738777807907 0.0001264419505485538 0.0001872293348665322 6.167399564611997e-05 2.988250494003296 806394969.3304819 2.5383
8986.673 711.5784 53.86812 3.9169872 2301.5872 54.209187 17.060428218697684 7.793150347468458 3.4082083732706536 1.6481806101003373 0.4545093377662658 0.17610490724615005 0.011948760255716204 0.0005271365830895585 0.0012592546884956659 0.00023778270210399394 0.000591685421743592 0.0002525413354389822 0.0002572334263099555 9.242377447604492e-05 2.988250494003296 806395268.5980629 2.5186
8764.566 700.0692 53.603706 4.413292 2293.651 57.114513 16.527337317543573 8.664074344184453 2.8049761962338904 1.707416842028054 0.5091060878231763 0.10577557337603988 0.011954875844701876 5.853594518823169e-12 0.0006294502056331376 0.0002370891394320891 0.0007878904262637075 0.000379229247485635 0.0001637663881593609 9.247942500683686e-05 2.988250494003296 806395569.1839967 2.4814
8917.445 701.973 55.23826 4.478193 2593.254 50.382652 16.789842113117384 6.9371631645962815 3.2628664699884182 1.5022368826846266 0.3147075838364636 0.1645686691160359 0.0024302135206977246 0.0005251033187288927 0.0008421766824203549 0.0001192381736290066 0.0015746280870182513 7.409203093001248e-07 0.0001870950266287474 3.094478801347923e-05 2.988250494003296 806395869.7699376 2.4472
8996.77 702.8383 56.440136 4.4591045 2267.1958 52.43764 17.597845113799433 7.514739361177951 3.5658439313099044 1.3554658620657645 0.5201573005594526 0.11765415564382167 0.021519387425312855 2.5689484491866945e-07 0.0023073409794921087 0.0004740043768275433 0.000985154192416699 0.00037916589476061504 0.0001637386399648601 9.243707682259902e-05 2.988250494003296 806396169.0375185 2.4711000000000003
9144.6 748.9616 59.92558 4.7759757 2446.4287 50.382656 17.058984998734548 9.464284026397776 3.4136243676516576 1.6795340853845762 0.4767180124550343 0.1176111207638263 0.009574012991410332 1.5415039135465553e-06 0.0014684550133098528 0.0004741806632069295 0.0007884710787098363 0.0005051240338075768 0.00028051410407114053 6.173229550335002e-05 2.988250494003296 806396469.6234524 2.5178000000000003
8904.465 764.0187 61.872623 4.787429 2335.3176 53.57143 17.19257998227902 8.85347163822375 3.185861448193115 1.7960943244448782 0.37947269969167 0.11201130362612616 0.014341744692503293 0.0010487381931624862 0.00125753910847942 0.0004741785611384001 0.0011821771277017927 8.644347120842047e-07 0.00018678403882468458 0.00012317973879383268 2.988250494003296 806396770.2093934 2.5468
9899.619 865.5244 68.795425 5.2455564 2707.6719 56.122448 16.65909410075527 8.348174639122728 2.5819006620098506 1.2379569649281075 0.3686526721899817 0.17645320223681052 0.009571930707607503 nan 0.0008391083579099724 0.00047383069794266586 0.0012800385335914883 0.0002530316598377347 9.373977628819503e-05 9.25567018573948e-05 2.988250494003296 806397069.4769671 2.4743
10189.512 906.2824 76.583595 5.8296685 2472.2222 57.82313 16.5275977214534 7.626452470049087 3.945148344203382 1.2386034965778814 0.37950096330498895 0.11762471577865664 0.009579042535285241 3.08299622084962e-06 0.0006307229106807736 0.00012166983611282404 0.0009848648757637842 0.00037930887630813144 0.00028049503818034616 0.0001848522268987931 2.988250494003296 806397370.0629082 2.4408000000000003
9449.636 887.07166 72.68951 5.497526 2549.603 61.011906 17.060002604079603 7.6977108328685855 3.338998239395615 1.4441777367056636 0.3794587717853804 0.10003296926121161 0.011960054126124215 0.0010520701815061578 0.0010494536136980194 0.0011850397697710448 0.0009853000478708444 0.0003792957322250864 0.00021049515503132897 0.00015406174588857772 2.988250494003296 806397669.3304819 2.5255
10056.825 904.8113 76.82397 5.444078 2855.82 58.815193 17.321437987846867 7.590679090435648 2.581272548538792 1.4147709307312284 0.3578065983508662 0.13531139085648602 0.004809252027956855 0.0005261633355124964 0.0016771031035007654 0.00035679163752102856 0.0018690757650619478 0.0003796144049931768 0.00014063620246553327 3.097443116228595e-05 2.988250494003296 806397969.9164228 2.4934000000000003
9752.51 875.9086 77.016266 5.612058 2498.0159 57.39796 16.928161614395 8.204339065019411 2.9601149682896066 1.4442986572475633 0.36865318530747954 0.13532908633330884 0.014357827129716186 0.0005261700266600337 0.001049155464875869 0.0008298131265219226 0.000984868403275491 0.0005056800759110063 0.0002573359254418042 9.2477804258876e-05 2.988250494003296 806398269.1839966 2.4777
9938.56 901.60956 78.24218 5.8869343 2501.9841 56.54762 16.92427517820495 8.600744342201649 2.807740461685761 1.443982829128507 0.34704373554765977 0.1117420491332015 0.009557876885758076 0.0021005439863571894 0.0004200649373066239 0.0003565609244745746 0.0008863781973955671 0.00025359984421961037 7.036065478415684e-05 0.00012335913225473496 2.988250494003296 806398569.7699376 2.615
10075.574 932.15643 76.92012 6.2458005 2654.762 55.839005 16.5222210974201 8.096967605256022 2.5808990178489455 1.2971220391648641 0.3903590412070848 0.08827536400294253 0.0023966642681950744 1.0276433272718953e-06 0.0006293920210176458 0.000829580808698498 0.0008863826770622458 0.0006319009190292428 0.00016371492370533772 0.0001541136884384577 2.988250494003296 806398869.0375185 2.4981
9012.634 808.9304 64.035995 5.3142753 2357.143 56.97279 16.9304919143656 6.689137211240687 2.3524768066229043 1.0023143197233526 0.4120389419489618 0.07069777311814303 0.01913854786205247 0.0010523245067006208 0.0008390125461895663 0.00011871779476826334 0.0011816960105956386 0.0005058381742732102 0.00011704272400049548 6.183285894807479e-05 2.988250494003296 806399169.6234523 2.5185
7798.979 663.5514 56.96896 4.982133 2492.0635 55.909866 16.79435885290632 8.057524012271385 1.9011280872774623 1.032194022568195 0.3900285485691671 0.12938062000401032 0.014335197573093499 0.0010505454665838104 0.0006294927582250599 0.00023749555769321187 0.001082345423334145 0.000631187896969925 0.00016384834792275505 0.0001850671744920777 2.988250494003296 806399470.2093934 2.6452999999999998
7108.861 607.4766 52.642204 4.3980207 2436.508 54.705215 16.657625853720585 7.048707448428065 2.884422256069988 1.149474966223223 0.2820177689711679 0.1059596896677844 0.007184312543114834 0.0005256557941552311 0.0006294880591783796 0.00035563470879297496 0.0007877025064850701 0.000379617447253975 0.00018711163723651025 0.00021572107164075834 2.988250494003296 806399769.4769671 2.5296000000000003
7195.3965 569.5743 49.541363 4.1231446 2720.238 52.083332 16.52756033229448 7.156678718206967 2.808613263779241 0.9435995418991603 0.35773217247624395 0.14704512567383848 0.011958887814042668 7.707544103940532e-07 0.0006294909511150963 0.0003556324406073149 0.0005912099796839867 0.0007580187475174627 0.00014042569938032659 0.0001542133910655108 2.988250494003296 806400068.744548 2.4224
7020.1626 574.76636 51.70474 4.329302 2410.714 56.335033 16.524759409061073 6.253683202173174 2.808411874679153 1.2381011214566813 0.3687523141586819 0.11179706090118807 0.007181724011165434 nan 0.000629589379933155 0.00011860316888776086 0.0009847703968124384 0.000253075456112858 0.00032747956410409453 0.00015410031871155355 2.988250494003296 806400369.3304818 2.5128
7237.2217 609.8996 55.670933 4.5583653 2464.2856 53.004536 16.660306324026017 7.1911719931642395 2.5054766849595067 1.267510511093643 0.4985561157479441 0.10592613268543787 0.011956298830358023 nan 0.0008389198376537303 0.00023685723980466282 0.0007882767358402544 0.0007573846498430759 0.00023415696468801882 9.260504225213877e-05 2.988250494003296 806400668.5980628 2.4941
6671.8584 495.3271 49.7577 4.46674 2694.4443 57.39796 17.326259428154533 7.481973614939047 3.1880084346490616 1.473879904902759 0.422896061501756 0.12356626373398169 0.011965359590252448 0.001052297636003532 0.0014688023311686237 0.00011854367579826532 0.0004924320398855021 0.0003791717845657136 0.00016378646786442894 0.0001541421134732279 2.988250494003296 806400969.1839966 2.5547999999999997
6085.583 466.77048 47.161648 3.8711746 2583.3333 60.161564 16.529313589260934 7.409735890578149 3.869358922847377 1.3268072958785393 0.36880567610491355 0.11182246245020772 0.01196510010981262 2.5690885638773777e-06 0.0006315310413811691 0.00047331070992601593 0.0009836627524101396 0.0002530293012854033 9.378052645984074e-05 0.00012340103988364994 2.988250494003296 806401268.4515774 2.4854
5349.3135 380.92767 38.12353 3.573392 2571.4287 60.657597 17.05839999954187 7.048356312416821 3.264134130980132 1.2086174039167052 0.3795133394004066 0.1059134578305801 0.009573430924720502 0.0005258954998639428 0.0012586442041185898 0.0004741791314322191 0.00049267298889992 0.000126409305178337 0.00030415151894980593 6.169654026386144e-05 2.988250494003296 806401569.0375185 2.4991
4447.906 312.8245 34.397713 3.3672347 2722.2222 67.81463 16.92705640036148 7.5528958187759585 2.8854826940962903 1.6494733775865342 0.3038440496196276 0.1059136975029967 0.011958339483159327 0.0010507792150857855 0.0008405344519874686 0.00023778583728777588 0.0006888317841496822 0.0002523009543367394 0.0001642518237152993 0.00015389805370452235 2.988250494003296 806401868.3050922 2.5565
4573.382 297.2482 30.64786 3.71083 2958.3333 69.30272 16.523608510038155 7.301439515895343 2.7326778194388237 1.3856822470371284 0.37944006871205327 0.11178951969457336 0.004793029982782165 0.0005266699861082345 0.00042006592856561487 0.0001186595350684253 0.0005910156928145988 0.0005051020399127084 0.00018722074569435087 0.00018497151495385387 2.988250494003296 806402168.8910332 2.465
4703.1846 332.98718 35.767853 3.6497464 2861.111 62.07483 16.924092055793604 6.616693217439895 1.8247449937321543 1.532277156252229 0.3470903303962547 0.08247467464817504 0.009555788189996096 0.0005261507185494885 0.0010469778982464314 0.0005911034963509243 0.0007872207553494288 0.0006311451535528103 0.00018726817174027745 0.00012355449815772327 2.988250494003296 806402468.158607 2.5683
4365.6978 332.55453 36.849545 4.1231446 2813.492 76.53061 16.662280291030036 6.650563283885843 2.1248707524311015 0.8852661764650599 0.39029818398599886 0.0882536519133027 0.01435155168685101 7.707266826417758e-07 0.0008396147029844545 0.00011923864920166804 0.0006895534130166392 0.0007576682539775676 0.0002574009015807116 9.255534355676398e-05 2.988250494003296 806402768.744548 2.4863999999999997
4577.7085 314.90134 39.01292 3.7566428 3103.1746 66.32653 16.25855901461335 6.180667250640028 2.6566410392686866 1.2085180853595054 0.3578394623154979 0.15886837327641257 0.007180037406804972 nan 0.0002102357613110027 0.00035574800382810723 0.0013785769430757658 0.0006315791080561217 0.00021069818510340496 0.00021583870808463912 2.988250494003296 806403069.3304818 2.4349000000000003
4291.4214 302.52682 36.537056 3.3825057 2871.6929 67.88548 16.791364856485124 5.999769827068615 2.656346530784269 1.0613675482282845 0.3686197677070077 0.15885295687211193 0.00956702337452692 nan 0.0010474835784599536 0.000592261164022686 0.0008873404374026824 0.0008831434096029572 0.0001874043720021366 0.00015434133355348792 2.988250494003296 806403368.5980628 2.5173
4456.559 302.6999 34.25349 3.7795491 3037.6982 67.60204 16.523347091878957 5.673999901885612 4.174164944532811 1.7389346534504289 0.379472476072588 0.13531581525805642 0.0047855720009844 nan 0.0006294730545206091 0.0008298127313501201 0.0006894046600752683 0.0005046853219040856 0.00016400073859217904 0.00018510119978940373 2.988250494003296 806403669.1839966 2.4516999999999998
4196.954 288.162 33.532364 3.5275793 3081.349 80.78231 16.925626650410663 6.469450444456015 2.9612522562274535 2.2383408277164563 0.44458686062398556 0.1118355284432937 0.011981984444631166 0.0010512644271765126 0.00083806801171038 0.00047348257317669784 0.0014757582852409357 0.0005036333333985343 0.0001171984966019668 0.00021570676299320635 2.988250494003296 806403969.7699375 2.5883
4224.357 260.1246 33.07565 3.9017165 3376.9841 76.10544 16.399622054159348 6.75771804313067 3.718237772318801 1.4445201507019099 0.487846539483734 0.14117485472077476 0.021528992911949443 0.0005263920325667305 0.00021012911894451654 0.0001187170291696186 0.0006897919772475829 0.0001262159295459124 0.0001172422300567254 6.18041780621138e-05 2.988250494003296 806404269.0375184 2.4497
