json/2023_074.ecsv
# %ECSV 1.0
# ---
# datatype:
# - {name: p1, datatype: float32}
# - {name: p3, datatype: float32}
# - {name: p5, datatype: float32}
# - {name: p7, datatype: float32}
# - {name: de1, datatype: float32}
# - {name: de4, datatype: float32}
# - {name: hrc_shield, datatype: float64}
# - {name: gp1, datatype: float64}
# - {name: gp2a, datatype: float64}
# - {name: gp2b, datatype: float64}
# - {name: gp3, datatype: float64}
# - {name: gp4, datatype: float64}
# - {name: gp5, datatype: float64}
# - {name: gp6, datatype: float64}
# - {name: gp7, datatype: float64}
# - {name: gp8a, datatype: float64}
# - {name: gp8b, datatype: float64}
# - {name: gp8c, datatype: float64}
# - {name: gp9, datatype: float64}
# - {name: gp10, datatype: float64}
# - {name: times, datatype: float64}
# - {name: fi_rate, datatype: float64}
# meta: !!omap
# - comments: [idx = 575]
# - __serialized_columns__:
#     times:
#       __class__: cxotime.cxotime.CxoTime
#       format: secs
#       in_subfmt: '*'
#       out_subfmt: '*'
#       precision: 3
#       scale: utc
#       value: !astropy.table.SerializedColumn {name: times}
# schema: astropy-2.0
p1 p3 p5 p7 de1 de4 hrc_shield gp1 gp2a gp2b gp3 gp4 gp5 gp6 gp7 gp8a gp8b gp8c gp9 gp10 times fi_rate
[from data line 787]
38369.676 7624.0913 950.73267 59.51072 8904.762 162.62755 19.73025829540107 102.00548171488292 31.90385922641676 13.805870896977838 1.8664865055449176 0.31798114649478965 0.026344358043177668 0.00631363946013152 0.003147266170594783 0.0005927271901847881 0.0015757912026084751 0.0005149900629874586 0.00039236442716162603 0.0001530027446717721 795330969.1839999 nan
37417.793 7451.7134 911.5034 58.121067 9275.133 160.28911 19.059898115076923 99.58698798216315 31.525432339427024 12.567732144791918 1.844870897526873 0.30622059929579526 0.01916168228234795 0.008417644581183343 0.0012593601550516564 0.0008297582639970447 0.001280399314775008 0.0007720530390006555 0.0002770868953791552 9.183337248908859e-05 795331269.1107608 nan
38066.805 7588.7847 910.63806 57.56368 9595.238 154.33673 18.135785205484652 101.31691484498015 30.162159938316375 11.33211327446049 1.7148602845977945 0.2943658787978696 0.028737102009885777 0.0021099222705663234 0.002307987194638531 0.0007118801935169586 0.0009855377797962645 0.0005146473914615631 0.00020812412627187361 0.00018357837444309827 795331569.6966947 nan
35144.8 7142.956 867.08203 56.196934 9074.074 157.45465 18.930819647041222 97.4415004482441 32.43269916799605 13.478919954400864 1.8339891025371529 0.253251031820704 0.02636380515543933 0.005259811302161705 0.0023076837108149313 0.0010670722219619528 0.0013778037528591922 0.000642086068387214 0.0003463887266333203 0.00012238094371830433 795331869.6234556 nan
35981.31 7100.7266 856.98627 57.426243 10015.873 157.95067 18.539762728208146 86.8678410170144 28.341453792390897 10.94640652883976 1.7474859421398483 0.2649834711434896 0.03830565657300052 0.004213575869731066 0.002097923601591931 0.0011855941977317091 0.0006903659873452969 0.00012932615411952755 0.00023121260542600288 6.135177695641055e-05 795332169.5502094 nan
39286.95 7555.555 901.1192 56.212204 9531.746 161.98979 19.329458892043682 92.15132346351204 31.453242811494498 11.33050767511713 1.8448907716929788 0.23567193004931297 0.023946895671751373 0.007890497891617098 0.0018898004232153773 0.0013031830042775452 0.0014773012229074428 0.0007709531045916831 0.0003465319235583311 0.00015319304155527372 795332469.4769704 nan
40117.688 7676.012 909.1958 56.97575 9862.434 172.76077 19.85943360256607 101.14466316401493 32.510378684277235 12.537412844186168 1.7147458808583704 0.3415229711439459 0.019159347823305996 0.006316322327211865 0.003356014526932337 0.00047426842656066225 0.0014770823269394033 0.0005138460074566571 0.00025412530429533357 0.0002448786262361601 795332769.4037242 nan
39061.957 7578.401 914.0995 58.777718 9380.952 147.7466 19.85719115698669 97.6775211617484 26.3616187334291 10.975209856564334 1.736461944165355 0.27682548876659935 0.016770106136906007 0.009995513338224111 0.0018888850713581894 0.000593187415922164 0.0011816968024275256 0.00012877366766411648 0.00016182487828020632 0.00012247157450322874 795333069.3304851 nan
38646.59 7732.0874 939.4831 58.594467 9293.651 161.7772 19.994979602551886 98.31755258248643 25.371860352403928 11.003585078247795 1.660276995465192 0.3356352207859513 0.023949635560088407 0.007892410099443813 0.0029374550650773604 0.0015409384768489734 0.0008864040511735778 0.0006425577786246436 0.0002772953137960782 9.186639749607211e-05 795333369.2572389 nan
36990.883 7284.1816 879.19696 57.097916 9529.101 154.90363 20.392690966053657 98.24219346049443 27.269726618370083 11.268701404227741 1.4432617464034034 0.2826421114361062 0.02155392758236026 0.0094704109863509 0.0029374555197136942 0.0009483549663482035 0.0009848669150933078 0.0005140574899598108 0.00016177594379813263 9.186778981984334e-05 795333669.1839999 nan
34432.332 6776.7393 832.46796 53.28019 8920.635 148.59694 19.063859428387325 92.89737175968733 27.72760944845006 10.679702678603455 1.519313137538017 0.3003312909920716 0.02395104492986442 0.004210368632986899 0.0029374614299860244 0.001185394223567348 0.000787942380869898 0.000257086378900706 0.00023109411814203895 0.00021432971226535791 795333969.1107608 nan
34319.836 6847.352 850.92883 54.310978 8904.762 164.96599 19.86131128670301 88.08508849590615 27.87887371451266 11.239562417628713 1.5735129866010051 0.24735413382387234 0.023950343067018653 0.007890249171067893 0.002727742774073373 0.0007115002196327899 0.0017722812792359194 0.0003854331921112195 4.631617616372068e-05 0.0002449767674912196 795334269.0375146 nan
33852.543 6686.0503 812.08417 52.211227 8809.524 149.80159 20.128939214456384 85.44256335082682 26.360287504801832 10.974298211213132 1.6602687481634502 0.2826282871848223 0.026342172033256325 0.008943538537286182 0.0027276373679163478 0.0011851011720213967 0.001083858414667203 0.00038539504321127805 0.00023103713449942607 0.0001532031769628221 795334568.9642756 nan
33852.543 6637.591 791.7965 51.401867 8436.508 151.57314 19.19723199943879 85.22730312096674 26.284505029727814 11.622992270949458 1.6170436852488868 0.21795268280265032 0.023952859840588165 0.005790614146936242 0.0025180354712456103 0.00035644536522608683 0.0011817451184681332 0.0006419384862337683 0.0003928967013793879 0.0001225489823096015 795334868.8910294 nan
33843.887 6550.3633 788.6235 50.783398 8777.778 160.5017 19.466420563075236 82.83727387424726 25.219886399266002 10.737660038099566 1.5843253775076367 0.2590695775302359 0.02872865755091605 0.005264980734427647 0.0031472948114341223 0.001658695133285801 0.0005916868460920115 0.00038536536128472645 0.0003005916868389553 0.00018385200024641078 795335169.4769703 nan
33056.418 6461.7515 788.6235 49.325027 8349.206 153.76984 20.39024294546962 86.70353547101516 26.131881411016806 10.561419377309036 1.5843691058963478 0.23555894947827694 0.019159437994324225 0.00894161722506887 0.0031463645948772412 0.0007112707284262612 0.0013780952596742174 0.0005131024610576281 0.00027757400662747125 0.0002449777106915051 795335469.4037241 nan
32519.902 6417.446 778.8162 49.099777 8896.825 160.7143 18.661407827310093 82.16557880049754 26.668072443320618 11.005413184709273 1.5846797850001069 0.25324637543025197 0.019164152619873302 0.005261082207297653 0.0018890987356124799 0.0007115587819493532 0.0003941873395557608 1.252577912357354e-07 0.00030075657352138143 9.190657982213808e-05 795335769.3304851 nan
34406.367 6737.2793 811.4111 50.897926 8134.921 154.12415 19.46161837749841 82.96382033477992 26.59294482453656 10.268554939639749 1.5738985584272422 0.21795043914637624 0.02155894325641023 0.004735259143018797 0.00335706697857405 0.0013037894257728613 0.0008865992977608906 0.00025649533219631275 0.0002777062777690453 6.130790859754195e-05 795336069.2572389 nan
33939.08 6704.05 819.1993 51.951622 8296.296 154.90363 19.32710802263102 85.02247929409411 25.37660859621893 10.710631496852887 1.628090511033074 0.30037519166213184 0.019163286198903614 0.004735215497930802 0.0031472934553524717 0.0004741785921624814 0.0017727613787660362 0.0001280224354216341 0.000185408239945601 0.00012267780386660985 795336369.1839998 nan
33982.348 6633.437 796.70013 51.035366 8539.683 162.41496 18.934191551821346 74.06154454497312 23.09728193413102 8.793077224527297 1.259136236115229 0.28859375306584195 0.031136981471352437 0.0052612411012375425 0.0023082257315402317 0.00118527118838008 0.0018712212881757612 0.00038394188724476274 0.0002781197125744048 0.00012268519175580707 795336669.1107608 nan
31031.498 6010.3843 752.5672 47.461975 8388.889 154.54932 18.92875434193442 71.6081536535433 21.276817311590698 8.646188121998449 1.2700435298886399 0.29451846791783315 0.021565184340996305 0.005261380005672185 0.0023080278844788997 0.00023755374114876882 0.0014774966503250085 0.0001281353398867197 0.00023179829837444995 9.202648879262015e-05 795336969.0375146 nan
31331.488 6173.7627 754.58636 47.698673 8417.989 145.26643 18.929521701996208 68.75219819883658 20.97260646018681 8.439874567754517 1.4002389882240862 0.26509105152427875 0.023955019322152913 0.0073643811575654 0.0014693497465892895 0.0005924648987778974 0.0010836422443294335 0.0003839478713077746 0.00027803878156118067 3.071211741020673e-05 795337268.9642755 nan
33212.184 6728.9717 833.3334 53.577976 8944.444 149.44728 18.932339306959246 69.72287871866972 24.083683598500265 9.441654538012832 1.5412489604059127 0.20032814053640066 0.028742175943917727 0.006840315946791012 0.0016783505594180487 0.0007111550752959936 0.000493008941819791 0.00025628878861688227 0.00020857846019612522 0.00018383136478703388 795337568.8910294 nan
33281.414 6610.592 792.66187 52.249405 9309.524 165.39116 19.59268460152447 67.95531590638693 22.873280964806238 8.676629737828248 1.3571220345683754 0.2708733040217863 0.019177691835579908 0.004737814995955936 0.0035646175862255377 0.0005928669567925016 0.0007875333959767032 0.0011519505095967265 0.00023160652986952118 0.00018396256383841194 795337868.8177903 nan
33344.87 6602.9766 811.6995 51.63093 9412.698 155.47052 19.062720352082984 70.95316279855659 22.72026863519498 9.235699557502173 1.476146894956617 0.2709607344257739 0.02155742972867759 0.005260611572000555 0.002519382331213631 0.0011845828222872812 0.0011812670617128368 0.0005135153087216572 0.00018534610190185078 9.210823352596153e-05 795338168.744544 nan
33835.24 6814.1226 834.19867 54.4026 9261.905 154.97449 18.93431487932052 70.06017261921602 24.31498306813782 9.502397179948353 1.259674648392138 0.22393895359654115 0.031129643660467898 0.005261372297171706 0.0023083742056447774 0.0005937395776990006 0.0015751127328522594 0.00038466261577376506 0.00018527481993740476 0.00018378748674365375 795338468.6713051 nan
34631.36 6855.659 843.1407 54.562946 9563.492 173.04422 19.462456719026154 75.9917523134745 26.519966337917047 10.063338265249383 1.5198118054506353 0.18852167243963092 0.02396027108447726 0.006839467285211853 0.0025180097116739193 0.000829704247115152 0.0010833791178476828 0.0001281857262836599 0.0003241963584292333 0.00015326057288696997 795338769.2572389 nan
35606.324 7100.0347 859.00543 55.830433 9248.678 158.305 19.4682070975532 75.84963738929602 21.96241543059243 9.827577509173407 1.4330451377425892 0.23564072031041786 0.033542281009090465 0.005261404568390634 0.003147298002158991 0.0003556334608350431 0.001181846414432527 0.00025630910716974246 0.0002315836412262306 6.13134077574289e-05 795339069.1839998 nan
37937.004 7605.4 942.656 60.44988 9214.285 150.7228 19.061778318902178 76.21257830197159 25.989422693543514 9.975292039643389 1.3136677914057437 0.22386527561615854 0.02156675265341898 0.006313431677605953 0.002098472441245899 0.0009482136741389627 0.0015756926414022703 0.0003844292061497967 0.00018527780826117923 6.131345030649423e-05 795339369.1107607 nan
35375.562 7302.1807 894.77325 57.975994 8674.604 141.79422 20.659697326735508 76.28926618026404 27.20727929064444 10.064299525902223 1.2268968859791576 0.23565252475821508 0.02395970758182049 0.009469008692065725 0.0033565219085759756 0.0009483582062708169 0.0007882806015857344 0.0005126638709100087 0.0003935258620608416 9.19469502355934e-05 795339669.0375146 nan
35033.562 7110.9688 883.6938 54.996403 8416.875 136.54672 19.866622866703928 72.23432443412086 21.890389608393797 8.943107364453695 1.3786584884799935 0.20620653853583407 0.03114264863027769 0.006841780756820438 0.0031474653240640828 0.0005929862394850507 0.0006894802591786404 0.0006408937101081254 0.00023164440097818133 3.0697621480813746e-05 795339968.9642755 nan
34337.14 6880.581 852.94794 55.04398 8539.682 143.2823 21.32408652281731 74.00201772801273 24.011931495077125 9.325486411536101 1.2594346237731022 0.29446475397768923 0.021572448256978148 0.007891098106502141 0.005033859761371948 0.0007111554731528199 0.0008861875941418491 0.0005130321155447773 0.0002314877549511107 9.18888963379516e-05 795340268.8910292 nan
34008.31 7032.191 864.7745 56.258015 8579.365 142.64456 19.062829738021314 78.59652193482421 25.6845873507771 9.503083701725012 1.5087545941672826 0.24748557117708647 0.01917115724462235 0.007366631658364136 0.0016826678388252572 0.0011848705489227447 0.0018700506009688947 0.0005129801609052431 0.00030081687060583783 6.133363008410971e-05 795340568.8177903 nan
34244.836 6881.2734 863.6206 55.29595 8634.921 147.95918 19.327510829905147 78.45931757230116 25.156045217822673 8.943285578306439 1.29218406040081 0.21210638438266288 0.019183437610319154 0.005262575202431576 0.002937823128041762 0.0007114393765278132 0.0016739867339365935 0.0008981253195796072 0.0002776554111493456 0.0002756483125364715 795340869.4037241 nan
33541.02 6795.4307 828.7181 54.585854 8626.983 151.36053 20.002423808028343 73.65469033175616 24.24487981490787 9.120710617232268 1.4982501911457533 0.22387443943805954 0.03833148384046371 0.006838848649863526 0.0033562395542980523 0.0009482418728009797 0.0012804701990151608 0.0011546495947169935 0.00020825098424078996 6.128035438463315e-05 795341169.330485 nan
33471.79 6940.8096 844.39056 54.97526 8513.228 146.40022 18.26201374627791 73.65827030559142 21.739098915483005 8.766941563164346 1.1184908536018388 0.1826539342647161 0.019171522760308278 0.004735945043126686 0.0014691140647394565 0.0007112430380268423 0.001575758747343271 0.0005135422734696392 0.0002775481189192552 6.129059047209288e-05 795341469.2572387 nan
34354.445 6870.1973 857.2747 56.028954 8658.7295 146.04593 19.860568651379303 76.27277076036522 22.729663177537276 8.590832352778238 1.357469940368106 0.1650017075148103 0.021570871465794794 0.007366016232209629 0.002937508269239137 0.0005927201415066449 0.0014773011117413758 0.00038532826362103374 0.0003930429669699646 0.00015314638794253877 795341769.1839998 nan
34614.055 6876.4277 846.60205 55.08979 8373.016 142.85713 19.859372655495054 69.32891594548948 19.842977526171595 9.004809387162753 1.0535653523220856 0.2062592782144783 0.019175105299379935 0.006840022910382269 0.0031472752012343943 0.0009482703041184797 0.0012803827718988706 0.0005138822843623217 0.00020808525677355738 0.00024498524306938154 795342069.1107607 nan
34856.35 6975.424 838.6216 54.31861 8089.9473 146.54195 19.866643091284764 62.74602284391065 16.957262793811893 6.643392497756123 0.9558783042654087 0.2593344526862066 0.03593687234683047 0.005261443244752822 0.0037728460407033303 0.0008298150059732365 0.001280836886369003 0.00025781618708671484 0.00030047817462843895 9.214189229919731e-05 795342369.6966945 nan
36327.45 7127.7256 850.35187 53.761223 7952.381 155.61224 18.399671422469176 68.10483434229991 19.392108254819362 6.998735266348821 1.053608722597557 0.27702269698712095 0.026366683183931625 0.00526222801818374 0.0014699814222062556 0.0008292929823869869 0.001575066448905615 0.0007712002341070883 0.00027729761198040485 0.000244924630839404 795342669.6234555 nan
36552.44 7156.802 850.35187 54.104816 8309.524 158.80103 19.063836248350167 67.09040697631053 21.36622571920375 7.293808092070531 1.0321048549067628 0.2710177032845605 0.02398036394298748 0.00578758595504136 0.002309074477562709 0.0004743284962996492 0.0010838346027897095 0.001027317293456423 0.00020805126015720324 0.00018386028657436896 795342969.5502093 nan
35733.242 7158.186 893.0426 56.60925 8201.059 153.20296 19.60036387067607 67.63180579034504 22.352295537751115 7.824378568182135 1.227166348421449 0.1886622152058018 0.03114344395620909 0.00578916781577208 0.003147352342081064 0.0005930728389807159 0.001476630470719225 0.0005141153672808482 0.00023104015793902477 0.0002755276379749692 795343269.4769702 nan
36327.45 7343.718 902.56146 57.449146 8071.428 139.03061 19.98852804204013 66.4808523760962 20.683764357747986 7.4124641410359935 0.9994062967468456 0.24169237396143006 0.011992306782015011 0.00736759224198918 0.0031468883562385777 0.0009483563878226389 0.0007883260120767067 0.0006424868690941562 0.00013868158149575144 0.00018366784793229644 795343569.403724 nan
