json/2023_195_txings.ecsv
# %ECSV 1.0
# ---
# datatype:
# - {name: time, datatype: float64}
# - {name: fi_rate, datatype: float64}
# - {name: bi_rate, datatype: float64}
# - {name: fi_rate_limit, datatype: int64}
# - {name: bi_rate_limit, datatype: int64}
# schema: astropy-2.0
time fi_rate bi_rate fi_rate_limit bi_rate_limit
[from data line 1943]
806256925.242 263.86 0.0 400 25
806257126.142 254.46 0.0 400 25
806257324.992 266.88 0.0 400 25
806257525.892 264.6 0.0 400 25
806257724.742 270.33 0.0 400 25
806257925.642 264.07 0.0 400 25
806258124.492 275.8 0.0 400 25
806258325.393 253.99 0.0 400 25
806258526.293 269.66 0.0 400 25
806258725.143 254.35 0.0 400 25
806258926.043 255.07 0.0 400 25
806259126.943 265.28 0.0 400 25
806259325.793 260.89 0.0 400 25
806259526.693 270.82 0.0 400 25
806259725.543 268.15 0.0 400 25
806259926.443 270.84 0.0 400 25
806260125.293 267.22 0.0 400 25
806260326.193 262.35 0.0 400 25
806260525.043 262.18 0.0 400 25
806260725.943 262.87 0.0 400 25
806260926.843 262.52 0.0 400 25
806261125.693 267.34 0.0 400 25
806261326.593 265.79 0.0 400 25
806261527.493 274.25 0.0 400 25
806261726.343 263.68 0.0 400 25
806261927.243 267.38 0.0 400 25
806262126.093 271.15 0.0 400 25
806262326.993 269.55 0.0 400 25
806262525.843 254.25 0.0 400 25
806262726.743 268.22 0.0 400 25
806262927.643 265.57 0.0 400 25
806263126.493 262.08 0.0 400 25
806263327.393 269.14 0.0 400 25
806263528.293 269.01 0.0 400 25
806263727.143 263.46 0.0 400 25
806263925.993 278.14 0.0 400 25
806264126.893 267.72 0.0 400 25
806264327.793 267.51 0.0 400 25
806264526.643 266.77 0.0 400 25
806264727.543 260.35 0.0 400 25
806264926.393 258.93 0.0 400 25
806265127.293 252.27 0.0 400 25
806265326.143 260.79 0.0 400 25
806265529.093 281.72 0.0 400 25
806265727.943 255.08 0.0 400 25
806265926.793 268.15 0.0 400 25
806266127.693 259.02 0.0 400 25
806266326.543 265.38 0.0 400 25
806266527.443 259.57 0.0 400 25
806266728.343 268.22 0.0 400 25
806266927.193 251.53 0.0 400 25
806267128.093 263.69 0.0 400 25
806267326.943 264.02 0.0 400 25
806267527.843 264.65 0.0 400 25
806267726.693 263.43 0.0 400 25
806267927.593 267.08 0.0 400 25
806268128.493 263.56 0.0 400 25
806268327.343 259.2 0.0 400 25
806268528.243 257.12 0.0 400 25
806268729.143 261.82 0.0 400 25
806268927.993 262.08 0.0 400 25
806269128.893 267.29 0.0 400 25
806269327.743 258.33 0.0 400 25
806269528.643 260.63 0.0 400 25
806269727.493 264.2 0.0 400 25
806269928.393 276.68 0.0 400 25
806270129.293 269.56 0.0 400 25
806270328.143 262.99 0.0 400 25
806270529.043 260.14 0.0 400 25
806270727.893 276.28 0.0 400 25
806270928.793 255.45 0.0 400 25
806271127.643 264.16 0.0 400 25
806271328.543 264.07 0.0 400 25
806271529.443 274.61 0.0 400 25
806271728.293 253.55 0.0 400 25
806271929.193 266.31 0.0 400 25
806272128.043 264.89 0.0 400 25
806272328.943 271.55 0.0 400 25
806272529.843 262.62 0.0 400 25
806272728.693 260.55 0.0 400 25
806272929.593 264.05 0.0 400 25
806273128.443 267.76 0.0 400 25
806273329.343 266.16 0.0 400 25
806273528.193 267.11 0.0 400 25
806273729.093 255.03 0.0 400 25
806273929.994 266.94 0.0 400 25
806274128.844 265.54 0.0 400 25
806274329.744 263.15 0.0 400 25
806274530.644 263.75 0.0 400 25
806274729.494 257.19 0.0 400 25
806274930.394 263.37 0.0 400 25
806275129.244 263.71 0.0 400 25
806275330.144 264.18 0.0 400 25
806275528.994 265.86 0.0 400 25
806275729.894 278.72 0.0 400 25
806275928.744 271.05 0.0 400 25
806276129.644 266.5 0.0 400 25
806276330.544 272.94 0.0 400 25
806276529.394 246.87 0.0 400 25
806276730.294 260.9 0.0 400 25
806276929.144 250.0 0.0 400 25
806277130.044 257.14 0.0 400 25
806277330.944 268.74 0.0 400 25
806277529.794 260.28 0.0 400 25
806277730.694 268.86 0.0 400 25
806277929.544 270.13 0.0 400 25
806278130.444 269.46 0.0 400 25
806278331.344 258.81 0.0 400 25
806278530.194 265.19 0.0 400 25
806278731.094 262.0 0.0 400 25
806278929.944 261.09 0.0 400 25
806279130.844 267.66 0.0 400 25
806279329.694 257.62 0.0 400 25
806279530.594 259.16 0.0 400 25
806279731.494 260.85 0.0 400 25
806279930.344 262.93 0.0 400 25
806280131.244 263.82 0.0 400 25
806280332.144 268.92 0.0 400 25
806280530.994 265.8 0.0 400 25
806280729.844 261.89 0.0 400 25
806280932.794 263.54 0.0 400 25
806281131.644 255.56 0.0 400 25
806281330.494 260.11 0.0 400 25
806281531.394 259.35 0.0 400 25
806281730.244 261.9 0.0 400 25
806281931.144 269.35 0.0 400 25
806282132.044 271.64 0.0 400 25
806282330.894 269.98 0.0 400 25
806282531.794 257.1 0.0 400 25
806282730.644 262.52 0.0 400 25
806282931.544 255.24 0.0 400 25
806283132.444 259.36 0.0 400 25
806283331.294 262.8 0.0 400 25
806283532.194 258.22 0.0 400 25
806283731.044 270.13 0.0 400 25
806283931.944 269.41 0.0 400 25
806284132.844 263.26 0.0 400 25
806284331.694 261.23 0.0 400 25
806284532.594 263.58 0.0 400 25
806284731.444 250.37 0.0 400 25
806284932.344 257.56 0.0 400 25
806285131.194 255.15 0.0 400 25
806285332.094 266.12 0.0 400 25
806285532.994 256.56 0.0 400 25
806285731.844 259.76 0.0 400 25
806285932.744 264.19 0.0 400 25
806286131.594 257.61 0.0 400 25
806286332.494 263.27 0.0 400 25
806286531.344 257.4 0.0 400 25
806286732.244 258.1 0.0 400 25
806286933.144 265.24 0.0 400 25
806287131.994 268.17 0.0 400 25
806287332.894 263.04 0.0 400 25
806287531.744 279.93 0.0 400 25
806287732.644 274.58 0.0 400 25
806287933.544 265.78 0.0 400 25
806288132.394 270.96 0.0 400 25
806288333.294 259.56 0.0 400 25
806288532.144 254.38 0.0 400 25
806288733.044 261.52 0.0 400 25
806288931.894 258.88 0.0 400 25
806289132.794 264.57 0.0 400 25
806289333.694 272.88 0.0 400 25
806289532.545 264.62 0.0 400 25
806289733.445 261.24 0.0 400 25
806289934.345 258.56 0.0 400 25
806290133.195 262.64 0.0 400 25
806290334.095 272.47 0.0 400 25
806290532.945 268.68 0.0 400 25
806290733.845 271.42 0.0 400 25
806290932.695 266.37 0.0 400 25
806291133.595 265.95 0.0 400 25
806291332.445 267.45 0.0 400 25
806291533.345 262.95 0.0 400 25
806291734.245 264.01 0.0 400 25
806291933.095 260.27 0.0 400 25
806292133.995 265.42 0.0 400 25
806292332.845 263.38 0.0 400 25
806292533.745 259.79 0.0 400 25
806292734.645 266.24 0.0 400 25
806292933.495 265.89 0.0 400 25
806293134.395 259.65 0.0 400 25
806293335.295 281.32 0.0 400 25
806293534.145 271.24 0.0 400 25
806293735.045 257.98 0.0 400 25
806293933.895 272.92 0.0 400 25
806294134.795 258.96 0.0 400 25
806294333.645 264.4 0.0 400 25
806294534.545 263.39 0.0 400 25
806294733.395 258.95 0.0 400 25
806294934.295 257.36 0.0 400 25
806295135.195 268.23 0.0 400 25
806295334.045 258.52 0.0 400 25
806295534.945 259.87 0.0 400 25
806295733.795 258.31 0.0 400 25
806295934.695 264.86 0.0 400 25
806296135.595 269.7 0.0 400 25
806296334.445 262.81 0.0 400 25
806296535.345 271.28 0.0 400 25
806296734.195 271.56 0.0 400 25
806296935.095 266.39 0.0 400 25
806297133.945 266.83 0.0 400 25
806297334.845 265.76 0.0 400 25
806297535.745 265.46 0.0 400 25
806297734.595 267.49 0.0 400 25
806297935.495 256.3 0.0 400 25
806298134.345 260.96 0.0 400 25
806298335.245 261.99 0.0 400 25
806298536.145 261.77 0.0 400 25
806298734.995 275.24 0.0 400 25
806298935.895 269.81 0.0 400 25
806340011.748 251.71 0.0 400 25
806340212.648 255.98 0.0 400 25
806340411.498 259.42 0.0 400 25
806340612.398 246.14 0.0 400 25
806340811.248 252.39 0.0 400 25
806341012.148 246.18 0.0 400 25
806341213.048 252.03 0.0 400 25
806341411.898 267.63 0.0 400 25
806341612.798 259.5 0.0 400 25
806341811.648 258.47 0.0 400 25
806342012.548 245.68 0.0 400 25
806342211.398 257.1 0.0 400 25
806342412.298 257.38 0.0 400 25
806342613.198 248.95 0.0 400 25
806342812.048 252.44 0.0 400 25
806343012.948 263.91 0.0 400 25
806343211.798 266.61 0.0 400 25
806343412.698 259.47 0.0 400 25
806343613.598 254.06 0.0 400 25
806343812.448 260.17 0.0 400 25
806344013.348 264.46 0.0 400 25
806344212.198 242.34 0.0 400 25
806344413.098 257.73 0.0 400 25
806344611.948 256.73 0.0 400 25
806344812.848 251.99 0.0 400 25
806345013.748 251.55 0.0 400 25
806345212.598 248.59 0.0 400 25
806345413.498 258.59 0.0 400 25
806345614.398 252.91 0.0 400 25
806345813.248 265.01 0.0 400 25
806346014.148 260.28 0.0 400 25
806346215.048 256.38 0.0 400 25
806346413.898 252.02 0.0 400 25
806346612.748 256.94 0.0 400 25
806346813.648 259.05 0.0 400 25
806347012.498 259.77 0.0 400 25
806347213.398 256.57 0.0 400 25
806347414.298 247.97 0.0 400 25
806347613.148 257.47 0.0 400 25
806347814.048 255.67 0.0 400 25
806348012.898 255.34 0.0 400 25
806348213.798 251.64 0.0 400 25
806348414.698 252.46 0.0 400 25
806348613.548 250.81 0.0 400 25
806348814.448 252.14 0.0 400 25
806349013.298 255.16 0.0 400 25
806349214.198 254.97 0.0 400 25
806349415.098 252.76 0.0 400 25
806349613.948 265.9 0.0 400 25
806349814.848 250.91 0.0 400 25
806350013.698 256.04 0.0 400 25
806350214.598 257.17 0.0 400 25
806350413.448 253.27 0.0 400 25
806350614.348 260.38 0.0 400 25
806350815.248 250.01 0.0 400 25
806351014.098 256.78 0.0 400 25
806351214.998 253.6 0.0 400 25
806351413.848 257.19 0.0 400 25
806351614.748 257.43 0.0 400 25
806351813.599 248.02 0.0 400 25
806352016.549 254.47 0.0 400 25
806352215.399 257.88 0.0 400 25
806352414.249 247.65 0.0 400 25
806352615.149 251.25 0.0 400 25
806352816.049 258.69 0.0 400 25
806353014.899 255.39 0.0 400 25
806353215.799 261.69 0.0 400 25
806353414.649 251.89 0.0 400 25
806353615.549 251.9 0.0 400 25
806353814.399 255.59 0.0 400 25
806354015.299 257.59 0.0 400 25
806354214.149 255.15 0.0 400 25
806354415.049 258.34 0.0 400 25
806354615.949 261.43 0.0 400 25
806354814.799 263.31 0.0 400 25
806355015.699 269.3 0.0 400 25
806355216.599 265.25 0.0 400 25
806355415.449 263.83 0.0 400 25
806355616.349 254.72 0.0 400 25
806355815.199 261.9 0.0 400 25
806356016.099 267.87 0.0 400 25
806356214.949 263.86 0.0 400 25
806356415.849 271.5 0.0 400 25
806356616.749 261.55 0.0 400 25
806356815.599 261.23 0.0 400 25
806357016.499 262.14 0.0 400 25
806357215.349 262.96 0.0 400 25
806357416.249 255.37 0.0 400 25
806357615.099 275.22 0.0 400 25
806357818.049 260.61 0.0 400 25
806358016.899 271.65 0.0 400 25
806358215.749 261.24 0.0 400 25
806358416.649 258.8 0.0 400 25
806358615.499 258.0 0.0 400 25
806358816.399 265.36 0.0 400 25
806359017.299 257.4 0.0 400 25
806359216.149 257.36 0.0 400 25
806359417.049 266.76 0.0 400 25
806359615.899 258.65 0.0 400 25
806361417.849 265.52 20.08 400 25
806361616.699 263.43 19.9 400 25
806361817.599 276.34 20.34 400 25
806362016.449 271.94 20.7 400 25
806362217.349 268.29 19.91 400 25
806362418.249 277.65 19.73 400 25
806362617.099 276.78 21.6 400 25
806362817.999 275.31 20.76 400 25
806363016.849 249.66 20.36 400 25
806363217.749 263.74 20.75 400 25
806363416.599 253.38 20.08 400 25
806363617.499 257.57 20.23 400 25
806363818.399 280.03 21.34 400 25
806364017.249 265.01 21.47 400 25
806364218.149 267.49 19.27 400 25
806364416.999 264.21 20.87 400 25
806364617.899 279.3 20.29 400 25
806364816.749 265.83 20.47 400 25
806365017.649 271.36 20.09 400 25
806365218.549 280.85 20.62 400 25
806382489.8 254.49 19.54 400 25
806382688.65 256.87 20.58 400 25
806382889.55 257.29 20.87 400 25
806383088.401 259.09 19.33 400 25
806383289.301 256.12 18.42 400 25
806383488.151 263.26 20.48 400 25
806383689.051 255.66 19.72 400 25
806383889.951 261.83 19.07 400 25
806384088.801 263.91 20.82 400 25
806384289.701 269.41 19.66 400 25
806384488.551 260.06 20.33 400 25
806384689.451 256.87 19.34 400 25
806384888.301 251.92 20.09 400 25
806385089.201 256.28 18.9 400 25
806385290.101 262.24 19.92 400 25
806385488.951 258.82 21.17 400 25
806385689.851 258.06 19.67 400 25
806385890.751 257.88 21.21 400 25
806386089.601 254.21 19.72 400 25
806386288.451 248.32 20.08 400 25
806386489.351 255.11 19.89 400 25
806386690.251 257.61 19.05 400 25
806386891.151 259.36 19.68 400 25
806387090.001 250.92 20.04 400 25
806387290.901 250.85 19.56 400 25
806387489.751 250.54 21.1 400 25
806387690.651 256.84 21.36 400 25
806387889.501 254.5 20.16 400 25
806388090.401 270.71 20.67 400 25
806388291.301 244.19 20.79 400 25
806388490.151 248.89 19.29 400 25
806388691.051 256.37 19.47 400 25
806388889.901 260.43 20.54 400 25
806389090.801 263.73 19.66 400 25
806389289.651 251.42 20.47 400 25
806389490.551 262.63 20.55 400 25
806389691.451 268.73 19.61 400 25
806389890.301 251.71 20.22 400 25
806390091.201 250.48 20.15 400 25
806390292.101 250.52 20.79 400 25
806390490.951 248.24 19.75 400 25
806390689.801 253.97 19.53 400 25
806390890.701 255.2 19.14 400 25
806391091.601 255.12 19.93 400 25
806391290.451 247.25 19.47 400 25
806391491.351 258.57 19.67 400 25
806391690.201 263.4 19.82 400 25
806391891.101 249.5 19.57 400 25
806392089.951 265.26 19.47 400 25
806392290.851 256.02 20.14 400 25
806392491.751 254.03 18.55 400 25
806392690.601 251.96 19.52 400 25
806392891.501 250.59 20.82 400 25
806393090.351 263.07 21.57 400 25
806393291.251 244.05 19.8 400 25
806393490.101 259.5 20.37 400 25
806393691.001 243.14 20.14 400 25
806393891.901 266.4 20.16 400 25
806394092.801 257.12 20.32 400 25
806394291.651 247.68 19.42 400 25
806394490.501 256.52 19.9 400 25
806394691.401 251.65 20.72 400 25
806394892.301 252.17 20.04 400 25
806395091.151 253.83 20.13 400 25
806395292.051 255.09 19.87 400 25
806395492.951 251.86 20.43 400 25
806395691.801 248.14 18.7 400 25
806395890.651 242.5 20.9 400 25
806396091.551 244.72 19.79 400 25
806396292.451 247.11 19.18 400 25
806396491.301 254.28 19.06 400 25
806396692.201 251.78 20.19 400 25
806396893.101 254.68 19.03 400 25
806397091.951 244.36 20.21 400 25
806397292.851 247.43 19.38 400 25
806397491.701 244.08 20.94 400 25
806397692.601 252.78 20.25 400 25
806397891.451 252.55 21.52 400 25
806398092.351 249.34 20.6 400 25
806398293.251 246.95 19.29 400 25
806398492.101 247.77 20.57 400 25
806398693.002 261.5 20.05 400 25
806398891.852 248.29 20.24 400 25
806399092.752 249.81 20.49 400 25
806399291.602 251.85 19.8 400 25
806399492.502 249.5 19.4 400 25
806399693.402 264.53 19.73 400 25
806399892.252 252.96 20.87 400 25
806400093.152 251.31 21.23 400 25
806400292.002 242.24 19.34 400 25
806400492.902 251.28 19.96 400 25
806400693.802 258.14 19.51 400 25
806400892.652 249.41 19.03 400 25
806401093.552 255.48 20.13 400 25
806401292.402 259.77 19.67 400 25
806401493.302 248.54 19.42 400 25
806401692.152 249.91 20.52 400 25
806401893.052 256.02 19.3 400 25
806402093.952 255.65 19.88 400 25
806402292.802 246.5 18.85 400 25
806402493.702 251.55 19.99 400 25
806402692.552 256.83 19.52 400 25
806402893.452 248.64 20.95 400 25
806403094.352 246.35 19.61 400 25
806403293.202 243.49 19.38 400 25
806403494.102 251.73 18.47 400 25
806403692.952 251.33 20.02 400 25
806403893.852 245.17 20.83 400 25
806404094.752 258.83 20.13 400 25
806404293.602 250.57 19.39 400 25
806404494.502 244.97 20.76 400 25
806404693.352 245.45 18.37 400 25
806404894.252 247.3 19.82 400 25
806405093.102 245.88 19.25 400 25
806405294.002 250.85 19.59 400 25
806405494.902 259.4 19.16 400 25
806405693.752 248.47 18.61 400 25
806405894.652 254.37 20.84 400 25
806406093.502 252.26 19.75 400 25
806406294.402 246.97 20.01 400 25
806406493.252 261.29 19.37 400 25
806406694.152 246.73 18.23 400 25
806406895.052 251.96 19.81 400 25
806407095.952 250.74 20.13 400 25
806407294.802 253.65 20.77 400 25
806407493.652 249.2 20.01 400 25
806407694.552 259.8 20.98 400 25
806407895.452 250.25 19.55 400 25
806408094.302 253.06 21.79 400 25
806408295.202 252.97 19.09 400 25
806408494.052 241.42 20.02 400 25
806408694.952 250.32 20.42 400 25
806408893.802 249.42 20.84 400 25
806409094.702 244.89 19.14 400 25
806409295.602 250.52 19.67 400 25
806409494.452 258.33 21.05 400 25
806409695.352 250.15 19.46 400 25
806409896.252 250.1 20.22 400 25
806410095.102 257.31 20.3 400 25
806412229.152 250.5 0.0 400 25
806412428.002 256.01 0.0 400 25
806412628.902 249.64 0.0 400 25
806412829.802 237.01 0.0 400 25
806413028.652 252.99 0.0 400 25
806413229.552 261.35 0.0 400 25
806413428.402 245.51 0.0 400 25
806413629.302 248.75 0.0 400 25
806413830.202 254.41 0.0 400 25
806414029.052 243.91 0.0 400 25
806414229.953 247.75 0.0 400 25
806414428.803 255.86 0.0 400 25
