json/2023_058.ecsv
# %ECSV 1.0
# ---
# datatype:
# - {name: p1, datatype: float32}
# - {name: p3, datatype: float32}
# - {name: p5, datatype: float32}
# - {name: p7, datatype: float32}
# - {name: de1, datatype: float32}
# - {name: de4, datatype: float32}
# - {name: hrc_shield, datatype: float64}
# - {name: gp1, datatype: float64}
# - {name: gp2a, datatype: float64}
# - {name: gp2b, datatype: float64}
# - {name: gp3, datatype: float64}
# - {name: gp4, datatype: float64}
# - {name: gp5, datatype: float64}
# - {name: gp6, datatype: float64}
# - {name: gp7, datatype: float64}
# - {name: gp8a, datatype: float64}
# - {name: gp8b, datatype: float64}
# - {name: gp8c, datatype: float64}
# - {name: gp9, datatype: float64}
# - {name: gp10, datatype: float64}
# - {name: times, datatype: float64}
# - {name: fi_rate, datatype: float64}
# meta: !!omap
# - comments: [idx = 575]
# - __serialized_columns__:
#     times:
#       __class__: cxotime.cxotime.CxoTime
#       format: secs
#       in_subfmt: '*'
#       out_subfmt: '*'
#       precision: 3
#       scale: utc
#       value: !astropy.table.SerializedColumn {name: times}
# schema: astropy-2.0
p1 p3 p5 p7 de1 de4 hrc_shield gp1 gp2a gp2b gp3 gp4 gp5 gp6 gp7 gp8a gp8b gp8c gp9 gp10 times fi_rate
[from data line 832]
34579.44 6093.458 970.9242 103.49093 4396.8257 63.137753 17.33450987331012 134.9691739819558 48.0291219438891 19.0340902813368 2.1539280960117066 0.7457960069801804 0.026280045627449757 0.002105413380748559 0.0010496675769961906 0.00047429708793281006 0.0009848306471779747 0.0006209971958142941 0.00010045092373271145 0.0001844870052968757 793931769.330484 nan
33662.168 5996.5386 988.61584 103.41457 3925.926 59.382084 17.475834740688644 128.50138914717223 45.60768948066864 17.152591107427384 2.6622900563028735 0.6753768670236494 0.040603801608973845 0.002105786695517499 0.0012595485116876234 0.0007112167661105437 0.0008866037537295403 0.0003106007770936345 0.0002509422077565216 4.1003142186133e-05 793932069.257245 nan
33904.465 6089.304 983.0391 97.90177 3853.1746 66.96428 18.008355079725085 130.957245815984 52.272725821203665 19.15269157906116 2.4675324102065392 0.7517030459285605 0.040603805246064426 0.0036847061368552223 0.0014694443270773262 0.00047418447583318 0.001772783089782029 0.00041410120798214686 0.00025094342959163814 1.792688041199128e-13 793932369.1839987 nan
35773.62 6382.139 1036.9794 101.84167 3777.7778 57.823128 17.33741608483433 136.1575838785592 47.12246954749235 18.32912111762327 2.4567126175037135 0.5579519102141155 0.031052299638832683 0.0015796226328546451 0.00125950850043686 0.0007112176222279009 0.0009850680242206602 0.00041410146416759493 0.0002174915866767903 0.00012300758505691688 793932669.1107597 nan
35444.79 6259.605 1006.1152 100.39094 4047.619 60.515873 17.859185263403525 137.3218576835364 44.395269730965225 18.62297928954494 2.489161656621641 0.5520348357912864 0.011951624859452274 0.002105205259682599 0.0018888992152553351 0.0005927828031368558 0.001083315168310393 0.0005175776152200154 0.00018404125004179404 6.154855912025448e-05 793932969.0375135 nan
36310.14 6419.522 1038.7101 106.14806 3934.5237 45.91837 17.340914798184734 139.3840879086774 48.40884347824711 19.65296903999158 2.684002535504688 0.6753324195087567 0.038210096694366855 0.0026317640928021596 0.0008395741710604072 0.0003556819042307045 0.0010831158996894624 0.0008279729530223719 0.00021745285618753377 8.204769655510733e-05 793933269.2938645 nan
35098.652 6415.3687 1028.6143 103.17024 3928.5715 53.996597 17.465944315391155 120.7469092355992 47.726606128612765 20.00578309902071 2.7380687013939164 0.6048896800876175 0.023888381411521827 0.00315761728703294 0.0008396534154047518 0.00047419846157435827 0.0003939992117636646 0.00020707587717591313 0.00013383028245921616 0.00014353991741300454 793933569.2206182 nan
35352.49 6224.991 999.1923 102.71211 4140.212 62.358276 17.084481223280726 120.9800629250856 42.27339377005933 19.18221448775528 2.521671466864394 0.6342458900141724 0.05493077021204322 3.854958734602308e-07 0.0014691679442951733 0.000592716584365948 0.000787852855223398 0.00041407758212516773 8.365308618291572e-05 0.00010253683480969852 793933869.1473792 nan
34908.273 6087.2275 989.67346 102.07073 3837.3015 61.64966 17.46210539239518 122.2450502263035 39.09723442193487 18.975651559917296 2.0890220868956506 0.6929547833555011 0.016727958655782877 0.004209764837398534 0.0004207570617635379 0.00035572619653631083 0.0007878323332822065 0.0003107270622976847 0.00016740490497873636 0.0001025171004630928 793934169.403723 nan
34700.59 6120.457 983.0391 100.37566 4357.143 53.14626 17.86830891606648 113.2636702964981 47.72727191448212 18.271041528855793 2.467542978217509 0.6636300578870036 0.02866150862246286 0.002631598447215562 0.0016788656749279441 0.0004740697297175159 0.0006891734178740616 0.0005175253617000515 0.0003177615635583223 8.199550509466122e-05 793934469.3304839 nan
34602.516 6176.5317 991.5003 98.711136 4843.915 55.839005 17.202547581372052 124.94409926052971 47.72939897752336 20.241393011849873 2.489275275728588 0.6988174328470887 0.028662674905226188 0.002105748327313649 0.0008395525251910204 0.00023726498583439098 0.00019716596742256606 0.00031062537127698385 0.00011713441170481296 2.0521318710498008e-05 793934769.257245 nan
34683.28 6112.1494 983.9044 96.38996 4246.0317 62.074833 17.471077776104117 147.92132367578697 56.43939595586723 20.829655227473392 2.8896103595575644 0.5696499725863096 0.033438423976842636 0.0036839739936233283 0.0006296489809838361 0.0009483675822426679 0.0009848733918382774 0.0005176283925765402 0.00023421243560022841 8.202521657207556e-05 793935069.1839987 nan
33445.83 5939.7715 979.5777 97.90177 4000.0 61.64966 16.941502779669566 147.85309358412587 51.209984552707695 21.74214262680225 3.2681576683762943 0.6812509875994469 0.03821738576374207 0.001578192651130845 0.0006300765489202545 0.0002375951553767703 0.0010830186720661786 0.0005175315191654783 0.000167350445710487 0.00016394440350795474 793935369.4403497 nan
24847.121 4719.972 858.2362 93.48849 3899.471 53.287983 17.20878565084204 161.35171612972272 48.713737799340464 22.272709516573798 2.987026176579532 0.7046499768653136 0.04059651269157452 0.0010526861152058214 0.001258392243773869 0.0008295266149339268 0.0006895270965745562 0.00041396921034037357 0.00023417933122597584 4.105019800938406e-05 793935669.3671035 nan
29638.281 5437.1753 911.21497 91.90031 4178.5713 59.523808 16.66964288930347 149.4778228558986 51.36097243112316 24.653168133442986 3.0086422128918238 0.5872486780475416 0.028659759245389067 0.0015783739374025593 0.0002101440702134147 0.0003557617382132304 0.000886272373960277 0.00020700979337230893 0.0001840583747618005 0.0001025377749674858 793935969.2938644 nan
29603.67 5345.7944 895.92706 93.75573 3876.9841 53.14626 17.066616453062668 148.13170106332393 44.091780965871976 21.536019675117455 2.9653480497833984 0.534425375462072 0.02388692190654223 0.0010524959333604433 0.0010492077192549108 0.0007112235120827634 0.0005909556906111155 0.00010356205284757584 0.0002843789385811285 0.00012303182093589897 793936269.2206182 nan
27610.477 5143.6484 884.58136 90.60229 3690.4763 59.09864 17.60981135245795 154.86651383788413 51.21124779381953 23.771424713871788 2.8030502402731576 0.6283653170591887 0.04298992955984216 0.0021048417447361105 0.0014688834277803862 0.000355677383991535 0.0008863469532413581 0.0004140603977816822 0.00013385313926178382 8.202937056124392e-05 793936569.1473792 nan
26722.049 5017.6533 890.735 92.5646 3960.3174 55.27211 17.076304980972825 148.52276409542898 46.36541236385407 23.683470398209725 3.1275866426796037 0.728175795404197 0.040604676261839306 7.708397030134831e-07 0.0014687406775355017 0.0005926334341471514 0.0012801806477576718 0.0005175795140219832 0.00016728038791587315 8.202470512530915e-05 793936869.0741401 nan
25562.477 4764.2783 842.27527 89.3348 3682.5398 53.57143 17.07968398194043 146.90895448577294 46.28792558666236 22.742557333964797 3.192600974826425 0.5932231627722385 0.047764805804791984 0.0015774187543120268 0.0008396652215624931 0.00047424779094392604 0.0003944874122037269 0.0004141591635208151 0.00023416849530166528 0.00012301125537199438 793937169.000894 nan
26081.69 4976.1167 867.2743 93.21361 3867.7249 58.106575 17.202047130723045 152.94627021235013 47.04480704726919 22.88895941737762 3.1277610246131355 0.6283466784138726 0.028677835818261627 0.0021042558376104786 0.000839345377236771 0.00047417733932063533 0.0007875602842673334 0.00020722363069765635 3.3630054291816636e-05 0.00012303671289779294 793937468.9276549 nan
26272.066 4959.5015 864.7745 91.21312 3734.127 52.295918 16.65790506638853 189.0506593795254 56.74242596560053 26.390114783838857 3.2900432117638134 0.698848918237957 0.0071653772495754615 0.0010527609265915253 0.0004199588393162783 0.0003556349104835242 0.0012803380947237573 0.0003105736818747138 0.0001505652131183418 0.00012303755170250586 793937769.1839987 nan
26817.238 5017.6533 878.9085 93.04562 3904.762 54.634354 17.593657197132135 182.6479721767365 53.258424169290876 26.125395120984386 2.9870869457923264 0.6401364989495762 0.011941128593424423 0.0015799532336946789 0.0016798599959019164 0.0004741602495905533 0.0008864947697002116 0.0003105802177244933 0.00018401931550604455 6.153478923393455e-05 793938069.1107596 nan
28516.21 5192.108 900.15765 94.03824 3629.6296 63.49206 17.069263204542825 170.9694538012449 47.88141704616509 26.213548821276454 2.9653784338776683 0.7222995219581152 0.026266050659968395 0.0015808655726642013 0.0008407941889508158 0.0003557027414348654 0.0008864052996603915 0.00031058286124872273 0.00018402650473620848 0.0002459895891717413 793938369.0375134 nan
28331.602 5227.4146 923.0414 94.7636 3519.8413 53.996597 17.07275056301181 166.87551277000247 50.83116932139717 24.802446903835584 2.8896658475197987 0.6108405072217207 0.03343317957784277 0.001579970872936304 0.000840337497795403 0.0008294978784840016 0.001378489907802343 0.00020712809463120337 6.700460853936359e-05 8.214675086057593e-05 793938668.9642744 nan
30443.059 5663.552 946.69434 94.87814 4011.9045 57.610546 17.746350280304128 156.74868656875506 39.31765449548589 23.1537437477957 2.7814101892183727 0.6342430229927872 0.04537897322290865 0.0021072115513476783 0.0016809317693353117 0.0005927248840716427 0.0014772809068601526 0.0004141086543188946 0.00020077112382571984 0.00010254939029966383 793938969.2206181 nan
29266.182 5338.8716 916.1186 96.29833 3886.2434 51.587303 17.07164892839935 140.91741622374963 35.000527267335855 22.12428019001911 2.986987864709072 0.5814017985492254 0.031051716567966507 0.0005268496811313768 0.0012602352884153235 0.00047420252743209123 0.000984949083762664 0.0004141037101487682 0.000317848504123672 0.00022555842504769197 793939269.1473792 nan
27872.965 5372.7935 953.32874 96.61902 3623.0159 50.382652 17.204050965486587 146.6938397795409 37.726275273474855 23.741684618967266 2.7057308627106127 0.6988059652564795 0.031049967219587415 0.0015788360263525845 0.0010497290248186293 0.00011867523246311375 0.0009848805606337448 0.0004141043630050207 0.00015062666264793907 4.108026914345105e-05 793939569.0741401 nan
26869.158 5237.799 932.56024 94.83232 3753.9683 55.909866 16.679708297480133 139.894154266441 38.105830323736 19.420115568516128 3.051736657225449 0.6166815942278535 0.045371971971547236 0.0005270902145771579 0.0006300997867861664 0.000355495598029496 0.001280168784093523 0.0002071779886511831 0.00013384688906865856 8.200054683471567e-05 793939869.0008938 nan
29721.934 5732.087 996.5001 98.80276 3896.8254 54.84694 17.608708851455443 137.31031201342466 35.45681084794727 19.12352436197641 2.9221888680089583 0.5931607937371013 0.04060788340664675 0.0015785472590965591 0.0016789055486665044 0.00023719621836766904 0.0017723689049884174 0.0003104883481083624 0.00023412841309066644 4.10480686537004e-05 793940168.9276549 nan
27760.47 5113.188 917.8493 95.88602 3603.1746 48.044216 17.334943681796435 143.90781518650192 37.50000148036263 19.56457830755088 2.5541123485974815 0.6107587250040805 0.026273048274683262 0.0015795308172524172 0.0012598558234474069 0.0004741863494991395 0.00029546584550683443 0.00010352405964618149 0.0002676739255317212 0.0001025322188661105 793940469.1839986 nan
27760.47 5399.792 948.42505 97.07715 3523.8096 55.909866 17.745175023443657 134.3601713028086 43.25616985873497 20.00577591106061 2.8137894461358295 0.6401149930797476 0.04537605759467439 0.0021058503408570256 0.0016796251832198127 0.00023715120005151244 0.0008862512594465573 0.000724529525976194 0.00016732054230178572 6.152895914310249e-05 793940769.1107596 nan
26733.588 5282.1045 924.3875 93.94661 3751.3228 52.862812 16.93863842271274 138.01524182929302 44.696268933013236 18.506175535963393 2.705680431880321 0.6577315628055648 0.031056964766856113 0.0010539611888322742 0.0008407061371045633 0.0004740752396413796 0.0008864034800603559 0.0008281673224651704 0.00013385501921039624 8.201698645020377e-05 793941069.0375134 nan
23753.895 4697.8193 871.12036 93.54957 3448.4128 56.12245 16.937941494957474 131.99066691489352 51.66375275232117 18.622778172173696 2.7272290904824197 0.5872744859649077 0.03104821784251362 0.0015797661834480755 0.0006301481454328979 0.0008296657959823802 0.0014769427902810504 7.58268463002312e-08 0.0002175114643710695 6.1528247015173e-05 793941369.2938644 nan
23901.002 4714.434 856.31323 86.28062 3484.1267 54.280045 16.402587457261685 132.7106949684372 43.7127862873438 17.68161744059419 2.6081919574087498 0.6048932059804739 0.02627304820657093 3.863232843615989e-07 0.00042017373846139157 0.000355651508902823 0.0003940730535495112 0.00020704318325392092 0.00028439703008179397 8.203553291307818e-05 793941669.2206181 nan
22594.324 4392.523 788.3351 82.73776 3849.2063 53.358845 17.470115788849668 128.31443582224782 49.16600237027808 17.240419837259825 2.3376952978599452 0.6636056840270346 0.026273050025116262 0.00316463156183922 0.0008413321297287838 0.00035565690770928077 0.001280302534391066 0.00010354307666702792 0.0001840464451084843 0.00014354275676956816 793941969.147379 nan
21564.557 4051.9211 743.62524 80.21806 3613.0955 63.350338 17.072027752146496 130.41593615682763 45.07725738172151 14.975822301527671 2.5107589669001613 0.6988360732917109 0.031048217913412286 0.001054631788211332 0.0010505797155943534 0.00023714535821799465 0.0006896515978599249 0.0004139998079824282 0.00013385749011485585 0.00016404879345844126 793942269.0741401 nan
20479.98 3775.701 698.62695 76.79738 3640.2114 59.807255 17.330068345362523 127.64929830655687 45.98688383057177 16.328620252092705 2.759830057105395 0.5051308180698345 0.016729708114761235 0.0010542407304601762 0.0014698360773137107 0.0008296106958611897 0.001477348974210367 0.0004139613225951514 0.0001840042996745989 0.00016402489887931348 793942569.3304838 nan
19730.01 3908.619 760.06696 83.585304 3609.127 51.87075 17.075400833890768 143.4325905041028 50.151127333000005 16.91749303581009 2.9436540640816413 0.6694697682016322 0.038215927970161004 0.0026336927758765427 0.00042052695518050376 0.00035567542104842975 0.001477277633858449 0.00010355281771606946 0.0001338592197703429 0.00010252849184528143 793942869.2572448 nan
19678.088 3848.3904 729.49115 79.23309 3753.9683 56.12245 18.277565986789806 148.14375338691562 48.56060818596319 20.005883634261394 2.662337852121043 0.6048860380712426 0.04060380159669658 0.002107944740380032 0.0025216850089975107 0.0004741945923601329 0.0011818922317152541 0.00020706005394203336 0.0002174913756211204 8.202846411905324e-05 793943169.1839986 nan
21374.178 4087.2275 782.4699 83.79146 3632.2751 46.91043 17.617373043064717 142.49574478657854 46.061217175254804 15.240940617192962 2.5974184014015105 0.6870835299137295 0.05254318451690711 0.0021077490169319137 0.0014712308407772755 0.0004741968945218406 0.000788020772663943 0.0002070595571772277 0.00021748977058546275 0.0001845375907791632 793943469.1107595 nan
23476.98 4720.6646 871.12036 92.45006 3484.127 58.460884 17.466929921407367 134.43269279646708 47.19641451680836 16.180770843843476 2.759660954577519 0.5227488234334149 0.02389858652186296 0.0031595482459721843 0.0008404278493579397 0.00035570521667713825 0.001181680088470095 0.00041400962893870126 0.00016732190919335912 4.1083824394158434e-05 793943769.0375134 nan
23425.06 4691.589 876.024 91.02987 3920.635 59.523808 16.6770295822979 153.2319916309415 50.9071487431034 20.122304991417586 2.8894993873537556 0.681185750961964 0.04059680410938159 0.0005272322285709176 0.0006300253534807944 0.00035559661482535183 0.001477165903446225 0.00020701666985902502 0.00016727245438058746 0.00020502909242188603 793944069.2938643 nan
22839.506 4521.98 834.9679 87.73135 3521.164 51.162132 17.199486850007364 157.09166429328675 45.60632997936701 16.68147739451544 2.5866144604165346 0.5579060892172468 0.021497588693344546 0.0021071910619081904 0.0008404611762894959 0.00023709995346583165 0.0009848368197341857 0.00010358981365181128 0.00010038416861455009 0.00010253487646700056 793944369.2206181 nan
