json/2023_113.ecsv
# %ECSV 1.0
# ---
# datatype:
# - {name: p1, datatype: float32}
# - {name: p3, datatype: float32}
# - {name: p5, datatype: float32}
# - {name: p7, datatype: float32}
# - {name: de1, datatype: float32}
# - {name: de4, datatype: float32}
# - {name: hrc_shield, datatype: float64}
# - {name: gp1, datatype: float64}
# - {name: gp2a, datatype: float64}
# - {name: gp2b, datatype: float64}
# - {name: gp3, datatype: float64}
# - {name: gp4, datatype: float64}
# - {name: gp5, datatype: float64}
# - {name: gp6, datatype: float64}
# - {name: gp7, datatype: float64}
# - {name: gp8a, datatype: float64}
# - {name: gp8b, datatype: float64}
# - {name: gp8c, datatype: float64}
# - {name: gp9, datatype: float64}
# - {name: gp10, datatype: float64}
# - {name: times, datatype: float64}
# - {name: fi_rate, datatype: float64}
# meta: !!omap
# - comments: [idx = 575]
# - __serialized_columns__:
#     times:
#       __class__: cxotime.cxotime.CxoTime
#       format: secs
#       in_subfmt: '*'
#       out_subfmt: '*'
#       precision: 3
#       scale: utc
#       value: !astropy.table.SerializedColumn {name: times}
# schema: astropy-2.0
p1 p3 p5 p7 de1 de4 hrc_shield gp1 gp2a gp2b gp3 gp4 gp5 gp6 gp7 gp8a gp8b gp8c gp9 gp10 times fi_rate
[from data line 650]
15204.223 4097.612 688.24274 49.7068 3821.4285 21.683674 16.923046771395263 97.38037581256117 23.64008284658333 8.768641966367415 1.1254936072595008 0.24661816688412597 0.004775168770661151 3.8533007620377303e-07 0.0012589900547337596 0.00011854290684308908 0.0006897634958787063 0.0005173887087024783 6.697806765201619e-05 6.157748045650623e-05 798698768.9642768 nan
14330.218 3983.3853 693.81946 51.004826 3859.7886 26.502268 16.66061113219095 103.64215227995749 27.344859718385944 10.618960926095674 1.1687888596830072 0.17624922211927113 0.011935297349344143 0.0005255910517589762 0.0006300359300400279 0.0002369717670860109 0.0010829597907369335 0.00010392777921781334 0.00016719314018331677 6.151832730727283e-05 798699068.8910306 nan
14200.415 3935.618 688.81964 51.035366 3980.1587 21.683674 16.52214224974661 98.63955250147094 24.775872075103806 8.798931560944876 1.00669162606941 0.2348355289922855 0.002400121369307593 6.422134165514921e-07 0.000629418313080585 0.00011868951578294656 0.000984981221707514 0.0001035222410745899 0.0001004570149636649 4.1037302549795676e-05 798699368.8177916 nan
14360.505 3966.7705 683.3391 49.477734 4329.365 27.210884 16.527409286041923 98.21229792192362 27.72777359816346 8.532631698024655 1.0716108426492719 0.23488140897289217 0.01194404506394006 nan 0.0006295731133355226 0.00047408920961837395 0.0007881773112950143 0.0006210645516430349 0.00013380911743153968 0.00014346718546994673 798699669.4037254 nan
15455.174 4124.6104 720.5492 55.021072 4386.2437 28.911564 16.662087296690338 113.3622685093357 28.409719956489628 9.503341861838237 1.3202934637721864 0.19966540958553464 0.014329588673788682 nan 0.0008396370374596165 0.0003555160168045475 0.0011816880502258259 0.0005174269801067924 0.0001004177111052374 4.1052655294501055e-05 798699969.3304863 nan
15827.275 4267.9126 750.2596 54.849277 4444.445 23.809525 17.19322253114084 111.23190193455147 29.698980426381254 10.621678986354652 1.2122106836222404 0.18796035611187828 0.011945892410655872 1.2843928488438382e-07 0.0016783999904920245 0.00011851557929275753 0.0008863530640107629 0.0001254159109841589 0.0001883345866500255 0.00012369575434870983 798700269.25724 nan
16683.973 4470.751 770.3549 59.953575 4669.312 22.959185 17.198414815195747 123.34962180953093 27.805061994356798 10.621559801327958 1.1580936841981286 0.25841692686992923 0.021497755352552255 0.0005261027240521827 0.001468638968185633 1.2718414171765564e-12 0.0007878875876931948 0.00025083554123150274 0.0002588873540523821 3.092648648196161e-05 798700569.1840011 nan
16368.12 4458.9824 749.9711 54.79201 4408.7305 22.7466 16.796303116294183 100.30210343193343 23.184770277546914 9.268494135797205 1.1148174273253586 0.23493109822569797 0.0167216352976967 0.0005261035196657469 0.0008393804145572062 0.00035554580832164787 0.001181735339903011 0.00037631442744097106 0.0002117889348371787 9.275375153156728e-05 798700869.1107548 nan
15844.582 4386.2925 749.68274 54.33388 4333.333 26.785715 16.924838955535094 103.47276430288314 25.382058038675364 9.327906325364419 1.1581675597136971 0.19965433469642843 0.009552165844393785 nan 0.0012577632251391405 6.077737581496552e-07 0.001279643478123157 0.0007524710614779695 0.00018824724346958846 9.281196685383196e-05 798701169.6966958 nan
14151.379 3590.1694 624.5914 44.789566 4484.127 25.510204 16.525037417885557 97.27422926119118 24.47625815706664 9.209503629550447 1.1255114576070493 0.1704174784419433 0.007173431216832624 7.706528074695563e-07 0.0006297276255699493 0.00035650237747748945 0.0008868050190383439 0.0005016709183261278 0.00021166448984594714 0.00012357723078657324 798701469.6234497 nan
13564.382 3381.1006 566.51666 40.750412 4107.1426 24.02211 16.79304996959627 98.57853240365766 26.597543967486327 8.91575567244876 0.9961169908276815 0.2290160433590435 0.011949077889894888 0.0005254609068582316 0.0008387113374370216 0.0009477750004986892 0.0011817117552057029 0.0002509356513834736 0.00018819508788793515 6.190239198579929e-05 798701769.5502106 nan
13737.452 3495.327 594.49634 42.124794 3916.6667 18.707481 16.397316515530438 110.06695651652177 30.37742897428748 9.475301788480582 1.2987316967960625 0.19972101551475843 0.01672062329660439 nan 0.0004204300104266225 0.0004740610889110432 0.0010833467734006 0.00012641241347848722 0.0002351807950119527 0.00012377109229788614 798702069.4769715 nan
13966.7705 3693.3193 634.9756 45.965427 3994.709 23.100908 16.929424820378774 103.29165021179604 26.520663634169853 10.680408530403177 1.2231948631735878 0.2349055362774694 0.01671513129709908 1.1559810732126937e-06 0.0012582237736608937 0.00035580429445549735 0.001083129694837954 0.001004052549909509 0.000258659140959038 0.0002472110369633618 798702369.4037253 nan
13871.582 3410.1765 583.24677 44.003117 4123.016 21.258503 16.79192145677201 105.77870055163491 31.59185362100037 10.768524714153417 1.4501267440920573 0.21143774388408365 0.00955439460881243 0.0015777951345435281 0.00041981670154454066 0.000592603352436496 0.0007878901447377971 0.0005024994094042552 0.0002351005821685649 0.00012363322270801587 798702669.3304863 nan
13568.709 3299.0654 563.1995 39.868515 3920.635 23.809525 16.792301441703557 106.85777558104354 29.774425596913975 10.797880314975195 1.093168877060307 0.22905719008082254 0.009554919544920869 0.0005262366208048606 0.0008393299235317172 0.0003556049177670272 0.00078777094817958 0.0007536027622346837 0.00023506915895607947 0.00012362973013135774 798702969.25724 nan
13747.548 3535.4792 606.13055 42.32332 3970.8994 22.534014 17.19294419418115 100.29356183560009 30.834870420412575 11.033214632063789 1.2662960218467707 0.2760301576180584 0.011942846845117188 0.0010522129497631965 0.0012588395721347156 0.00023708970937363487 0.0002954587339742798 0.0002512614412964811 0.00025855152292865224 0.00015452276584341915 798703269.184001 nan
14624.4375 3885.7737 659.10925 46.614437 4325.3965 25.72279 16.523331683826612 106.38993365445921 33.18315766304675 12.092232057675465 1.3312300183741395 0.25254610386469595 0.004778954090142264 0.0005262332768513464 0.00041981619487350974 0.0007111438761035196 0.0005908434542803951 0.0006280341899760025 0.0001410626143064416 6.183323858475963e-05 798703569.1107548 nan
14507.615 3922.1184 651.32104 46.889317 4067.4604 23.59694 16.399528224327604 112.52059134010705 32.19902191592115 12.180618730361424 1.4069599887721744 0.26427782670635286 0.021489001980051 2.5688691362968884e-07 0.00041961581366545443 0.00023731764237676275 0.000984668420151989 0.00037696801681315405 0.00023502482693605562 0.00018537776034763031 798703869.0375158 nan
15002.308 3896.1577 654.97485 46.186855 4044.9736 23.384354 17.056889248336045 114.36205462605663 32.80416073189319 11.063437212497796 1.3312886768915213 0.24080882388608668 0.007176229269496199 nan 0.0014678775840035044 0.00011863153996797197 0.0018705886353672218 2.760057136050537e-07 0.00011764598714524115 0.00012368552391623427 798704168.9642767 nan
15749.395 4037.383 666.03204 46.809147 4000.0 20.833334 16.39077792850647 114.29104576399355 32.65317058721608 11.709241477822852 1.2771696739417737 0.15278268209016066 0.00477947808789009 nan 0.00042063742242446473 0.0007106832054677984 0.0006905563526981824 0.0003763038769933931 0.0002115477695218863 0.00015453136511644707 798704468.8910306 nan
15576.324 4120.4565 685.06976 48.17207 4309.524 22.32143 16.797673570168158 115.0369782481055 30.833939331957236 11.414170983358675 1.3420024287881946 0.3111808923015462 0.019103896680444075 5.137827174114108e-07 0.0010488250544425405 0.00047452179944015795 0.000493009507567748 0.0006272394615269108 9.406701102088411e-05 0.00012374352617693319 798704769.4769715 nan
15325.372 3984.7698 659.20544 47.362717 3968.254 27.210884 16.79486742916841 103.09256537676042 29.997057653080812 9.885271798114017 1.2879291026118427 0.2231992180790888 0.01432967147874582 0.0005261085739699819 0.000839221574622215 0.000829459757286481 0.0010832055753340374 0.00012572032584319727 9.415945163968269e-05 0.00021637661793188812 798705069.4037253 nan
15749.394 4016.6145 648.43665 44.38107 3884.9207 25.510204 16.793339035910726 82.51715699907469 23.942855770614706 9.209531133465134 1.2662991421974223 0.2583663738716869 0.011939267947364192 0.0005258449255609734 0.0008390223629162573 0.0003555763715994201 0.0008864224700244584 0.0003764123744430527 0.00021160136496614304 0.00018550344205396996 798705369.3304863 nan
16337.834 4191.0693 691.70416 49.52355 4214.2856 21.471088 16.39032204340564 103.03741309788288 28.94107576601091 10.298006780660314 1.2880251885889784 0.1703197295786496 0.0047771437069451745 3.8532153215917794e-07 0.0004197678017070345 0.0002370880021023005 0.0009848852756016771 9.19287136284851e-08 7.056265882361728e-05 0.0002164037224450866 798705669.25724 nan
15368.64 4047.075 668.82043 46.942764 4134.9204 23.100908 17.188805047739713 112.81573769723475 30.457021663253858 11.886808079903725 1.6451580436863862 0.1879407064945209 0.00477734238302209 0.0015783232323176373 0.0010490350625938596 0.00023708611478109951 0.0010833516616615096 0.00037655104279097165 9.408439901312434e-05 0.00021641441991830722 798705969.184001 nan
14806.161 3848.3904 659.68616 46.68316 4033.7302 27.210884 16.789633387458036 104.30250347847534 28.790351965142037 8.739265004136067 1.2339573117830747 0.22316907120344748 0.004777311922388487 0.0005263654781391789 0.0008392796729982505 0.0009481782971761155 0.0007879604629052036 0.00037650856270959366 0.00011760971890272032 5.283778778530511e-08 798706269.1107547 nan
14235.029 3689.512 624.2067 45.904343 4107.1426 26.9983 16.926655483894017 101.70322874806945 27.956747495077973 9.708886023803803 1.406930587518813 0.2701382254146801 0.011939598972348902 0.0005261069312700866 0.001048935914016551 0.00023743710302940235 0.000591010177413698 0.0008782004327824724 0.00021167525054217233 9.271160763277163e-05 798706569.0375158 nan
15887.851 4202.8384 691.8965 50.271824 4325.3965 25.226757 17.066469887918725 100.72902375624322 28.713556075162185 9.238991121671674 1.0176713460600673 0.17626112877601777 0.023877359453653848 0.000526103522358009 0.0012586870500902038 0.0004740019061392985 0.000984569632150266 0.0005022218992058256 0.000305761598630513 0.00024724232847709183 798706868.9642767 nan
15195.569 3990.654 675.2625 51.493496 4162.698 29.54932 16.79246561332306 91.93200677230237 26.3671533913883 9.620549299898691 1.179551859425879 0.13511842006220465 0.009568269644940551 0.0005261018162228174 0.0008396305041250716 0.0004741745849856676 0.0006896918813173245 0.00025122219696613573 0.00011780905004619039 0.00015468621132042117 798707168.8910304 nan
16580.13 4321.9106 700.9346 49.89005 4029.762 21.683674 16.926414366425355 98.84175003255885 28.25657043790691 9.356455006069357 1.2445679275048647 0.18787021845852053 0.011939873919894664 0.0010515728875210746 0.0008392231023168962 0.0005925772501911788 0.0011812286000722207 0.00037634458641662395 0.00018810335146147268 0.00012371093589177827 798707468.8177915 nan
18691.588 4819.6606 764.77826 54.715652 4111.111 22.817461 16.529228036962465 112.07244975503721 29.772272466042956 10.560804444249314 1.0069047441050598 0.21725915962638817 0.014328164465149219 1.5413365832932235e-06 0.0006297262662450073 0.0005927184412724192 0.0005917831769741028 0.00037652204551416976 0.0001412033358761204 0.000123669386092894 798707768.7445452 nan
18873.312 4830.7373 741.89453 48.217884 3746.0317 23.384354 17.05871198047546 87.0232951022841 25.614203151372532 8.858815533632987 1.082166695587918 0.18212134769761779 0.0119468439609302 0.0015756133157671574 0.0008388653486303193 0.0003560359100254385 0.0010825062440488994 0.0005017920074958951 0.0002585552599266373 3.107631752892889e-05 798708068.6713061 nan
19781.932 4814.1226 674.3971 42.136246 3765.873 21.89626 16.66288049004876 76.80396127711815 25.07538448991336 7.531784968299064 1.1363579997690527 0.10572883728424637 0.016717981178221594 0.001051951070452526 0.00041971339801877825 0.00011851520284415044 0.0008863007150102816 0.0011292113538553074 0.0001176672936903556 0.00012366185854506418 798708369.2572399 nan
20381.908 4912.4263 644.3983 40.04795 3874.3386 21.825397 16.659160030807353 67.71727662535358 20.30451970337228 7.179114507728168 0.9632511063728868 0.17618879790425626 0.009554652039430409 nan 0.0008392274246641271 1.5073565225870444e-12 0.0005909178642870977 0.0003764489227913048 0.00028231258345331854 6.184037538523397e-05 798708669.184001 nan
20941.502 5048.806 665.7436 40.635883 3753.9683 24.87245 16.52868751251767 102.87071587169922 26.67295194727527 9.004715171278704 0.9418231726752735 0.17035531196884868 0.014333512642037636 nan 0.0006294840829310625 0.00047405759202862643 0.0006893771455585423 0.0001255381910243557 0.00011767405224678696 0.00030914330509699623 798708969.1107547 nan
22551.055 5444.0986 695.1656 41.506325 3719.5767 24.51814 17.859638719282387 107.6644007152936 29.1889133704899 9.098441405512858 1.191344216891821 0.20571367266342122 0.014343321125487307 0.001051768263427011 0.0023071723539436206 0.00023720254536258034 0.0008862795653763467 0.001003702233028092 0.00030568403258657284 9.285512180684519e-05 798709269.0375156 nan
20353.064 5136.033 677.8585 41.391792 3698.4126 19.982992 17.061999298012303 96.51466519276107 26.226202594907885 8.830070721688855 1.1909636858948205 0.14692517168513441 0.014340537060922903 7.70703119197828e-07 0.0014693162038885359 0.00023708885369541082 0.0009847878492832637 0.0005024935032918808 0.00011773226527384025 0.0001545293400885091 798709568.9642767 nan
22300.104 5541.0176 717.08777 44.11765 3904.762 24.447279 16.929687822514012 93.46209039478703 26.29477320968675 9.534038515852732 1.288109724171229 0.16445984102455308 0.01672135395794835 nan 0.0012590931291197212 0.0002370882021540695 0.001181639393118003 0.0005021950533754831 9.408931366966217e-05 0.00012368242574830923 798709868.8910304 nan
23543.324 5860.8516 769.97034 48.36296 3746.0317 24.801586 16.521167328292552 101.05294967535445 28.432072404269377 9.864033057271614 1.1807795153353249 0.18807526835903676 2.0414523708007365e-05 nan 0.0006302324037168305 0.00011868884959761422 0.0011818333385815846 0.0001260000346779527 0.00021151674642650643 3.102735265048501e-05 798710168.8177913 nan
20404.984 5111.111 680.16614 41.735386 3460.3174 22.321428 16.930821932045472 105.55852182952557 29.555488657812983 8.853582801127116 1.3134480928340375 0.2002275171953718 0.019161124172875573 0.0010515879320307424 0.0008398060016806485 0.00011880498980764119 0.0013785941678093135 0.0003768643207064169 0.00021156830129501165 3.100275169312084e-05 798710469.4037253 nan
20128.072 4996.885 670.3588 40.81913 4035.714 23.596937 17.06288594517719 112.95501362285907 29.271516328314306 9.359645205376099 1.1404891193122406 0.14144210147118966 0.01677488018392124 2.569323919921385e-07 0.0014687754888149098 0.00047405901766152365 0.0010832086442966364 0.0006279413062604945 0.00011755871856288697 0.00015454022921753807 798710769.3304862 nan
22060.69 5451.021 728.62585 45.22479 3645.5027 23.526077 17.060089948073273 105.928130029753 29.822906896763627 9.690479705709901 1.4127977393978077 0.17691249451967225 0.011992287142362416 0.0005261911287242444 0.0012590601418667117 0.00023703239472225345 0.0007879900706620336 0.0005025658616946168 0.00014099578830768428 0.00015449937137734448 798711069.2572399 nan
24299.066 6089.304 813.7187 49.409016 3746.0317 26.147959 17.065517808389284 103.48553211462777 29.031328846859182 9.882526470682745 1.1973958458882308 0.24806833235778344 0.02161696826381764 0.0005262450045935724 0.001259119924793404 3.297401487824446e-13 0.0011818378885458676 0.00012572566381950634 0.00011745915890893227 0.00012358256648838136 798711369.1840008 nan
