json/2023_074.ecsv
# %ECSV 1.0
# ---
# datatype:
# - {name: p1, datatype: float32}
# - {name: p3, datatype: float32}
# - {name: p5, datatype: float32}
# - {name: p7, datatype: float32}
# - {name: de1, datatype: float32}
# - {name: de4, datatype: float32}
# - {name: hrc_shield, datatype: float64}
# - {name: gp1, datatype: float64}
# - {name: gp2a, datatype: float64}
# - {name: gp2b, datatype: float64}
# - {name: gp3, datatype: float64}
# - {name: gp4, datatype: float64}
# - {name: gp5, datatype: float64}
# - {name: gp6, datatype: float64}
# - {name: gp7, datatype: float64}
# - {name: gp8a, datatype: float64}
# - {name: gp8b, datatype: float64}
# - {name: gp8c, datatype: float64}
# - {name: gp9, datatype: float64}
# - {name: gp10, datatype: float64}
# - {name: times, datatype: float64}
# - {name: fi_rate, datatype: float64}
# meta: !!omap
# - comments: [idx = 575]
# - __serialized_columns__:
#     times:
#       __class__: cxotime.cxotime.CxoTime
#       format: secs
#       in_subfmt: '*'
#       out_subfmt: '*'
#       precision: 3
#       scale: utc
#       value: !astropy.table.SerializedColumn {name: times}
# schema: astropy-2.0
p1 p3 p5 p7 de1 de4 hrc_shield gp1 gp2a gp2b gp3 gp4 gp5 gp6 gp7 gp8a gp8b gp8c gp9 gp10 times fi_rate
[from data line 612]
180893.05 46338.523 6403.5996 415.0632 22380.951 188.35034 20.265507733662307 843.4509488946858 283.6164431963352 105.35793661085862 14.52527061460814 1.9600357919986415 0.03352032083262498 0.007888819006080027 0.003356636467326398 0.00035632854330106326 0.0013784311883924126 0.0007793454332530399 0.00027524244085134114 0.00012199463546306368 795278469.4769711 nan
194669.44 49556.246 6758.201 440.29077 21576.719 198.27098 18.937696257480702 771.2683999559245 283.91969965457974 97.82504800832584 14.564846977371758 1.8069196448362224 0.038295758493204386 0.00420773462561178 0.002727138391173664 0.0010667245752554646 0.0009850811566675085 0.0010383070804561851 0.00025236121715665447 0.0001220882739848123 795278769.4037249 nan
185115.95 47202.492 6454.3667 417.07898 21142.857 185.16156 17.87280581038787 808.0106510817454 254.39236828808487 95.72906559029265 13.235016474639218 1.9778123353989638 0.0359138887870575 0.002106452640579485 0.0018887730858552702 0.000829638003624661 0.0012805677453889123 0.0005193274042509578 0.00027523742748105685 0.00024393870005542535 795279069.3304859 nan
178954.66 45374.87 6170.5317 398.93713 21714.285 197.27892 19.209704472700167 1020.4354679439756 300.53733134189207 119.07304056171539 15.99236038395574 2.1017841494753973 0.04788925932423022 0.005787336303207804 0.0025179262381515083 0.0004742661522416483 0.0017726168898185093 0.0006490175021865316 0.00011473738001039626 9.154734241551991e-05 795279369.2572397 nan
177039.34 44970.58 6198.223 399.8534 21767.195 194.58617 18.536424758608234 935.0675940298854 298.88337848434816 115.77692626854385 13.13273422178814 1.7491753677837192 0.03353304055054944 0.0036832098028274974 0.002308149762712119 0.0008298134739887799 0.0011818426644105572 0.000778594198375505 0.00016064436190421392 0.00024404957319662244 795279669.1840006 nan
187469.7 47385.254 6373.601 403.7017 22269.84 196.64116 20.000603500378492 924.261169191806 288.13585845228835 110.48124417065988 11.91897715566664 1.7022937939360967 0.033539096306366756 0.0063135100658959446 0.003566871115837122 0.0013038771454592845 0.001969542374529252 0.0005190146458050994 0.00020656473318191588 0.00012206539110495745 795279969.1107545 nan
192384.9 48947.043 6728.9717 432.2888 23047.62 197.06633 18.012796467379736 960.412542889019 291.3828710271983 104.90000148718374 11.87470096105103 1.6668756235557831 0.04790197382144438 0.0031586027518625648 0.0016796054794785825 0.0005930702271052489 0.0012806650582158864 0.0011671172369229744 0.00036721226412123704 9.154757768174408e-05 795280269.0375154 nan
183916.0 46554.516 6416.6763 425.9972 22804.232 198.69615 19.60046174296404 935.5770120557321 272.9206113274364 99.96791128130461 10.73522190658256 1.478448885385829 0.03354530735380664 0.005260185954235547 0.0033561263280631323 0.000474266834881414 0.0013787427535727394 0.00038963901405497214 0.00020674915229967618 0.0001220306276128928 795280568.9642763 nan
184700.58 46521.285 6269.759 398.3874 22539.682 196.0034 19.070563575182597 907.1033996846791 260.9333616459163 96.43376029220256 10.550780886481308 1.3607423989143774 0.03593086939203757 0.005787422183397146 0.0023092214000487287 0.0005926089789173438 0.001378815226993345 0.0005185148639188976 0.00022960508823965264 0.0002744934887070736 795280868.8910301 nan
180685.36 46238.836 6456.675 431.37256 22666.666 193.66496 19.34208046500017 869.0081611327258 243.90116013101527 83.66218081778752 9.422546266925425 1.2607459174612385 0.04550173667631403 0.003158062789646952 0.0037760018572915647 0.001303411694028171 0.0015757884778145087 0.0006485181503289303 0.00029847967659147413 0.00018299471296741898 795281169.4769711 nan
183777.55 46045.0 6253.6055 404.12924 23216.93 195.43651 18.931254459909855 796.4488801423362 204.57917352730038 78.88675792815445 8.706546774882579 1.3371886027652604 0.023963050054916918 0.004209814230619769 0.0027287743264343056 0.0007116148429536605 0.0015756481809703691 0.0010367117150984985 0.00020680261993433023 6.108568729707066e-05 795281469.4037249 nan
179716.17 45557.633 6202.8384 387.39233 21349.207 189.83844 19.866352696258826 745.885859539367 197.71490115605508 75.0395278372842 8.011128303173907 1.1603841120104574 0.031138222447226298 0.004735564780533965 0.0039861083146370754 0.0011852154557938869 0.0013791001287488608 0.0007776956856354471 0.00032148610844076375 0.00012206895639107687 795281769.3304858 nan
179785.39 44544.133 5944.386 378.04654 21126.982 186.22449 18.92901736693106 801.7760061293311 215.57037074098253 77.30958036778021 8.763306449311237 1.2255743313338727 0.021568132138718638 0.004735382852183498 0.002517983987901043 0.000711239913301904 0.001969662381191262 0.0009071813081346706 0.0001378304163114966 9.158884831337743e-05 795282069.2572397 nan
180639.22 44361.37 5913.6187 362.34805 21671.957 189.9093 18.537816185777313 753.5045146898971 211.46310864683406 71.5499743916555 9.059459901827168 1.1670995734970968 0.03595991434676763 0.003683238904567102 0.00230819455157404 0.0005927253721846026 0.001674275038625333 0.0002589652862909769 0.0002298551751673622 0.00021372574098362887 795282369.1840006 nan
180893.05 44311.523 5826.6987 357.3392 21301.586 185.58673 18.526712877151034 751.3323366543126 205.44665459260509 76.44696152777995 8.798319358729291 1.0904283074380006 0.016784305365426994 0.005261435701470306 0.0016788622900318375 0.0011853057995229253 0.0007881077504353889 0.00012957330263211068 0.00036761023659967094 0.00015264822095557485 795282669.1107544 nan
179716.17 44078.92 5773.624 352.9412 21761.904 192.60204 19.32549999960569 756.6414166898159 212.870516888423 73.8723270026202 8.254605502748092 0.9724930068926709 0.01677845887115929 0.0052617888444128885 0.002937084976283065 0.00023755277542016127 0.001083212962564303 0.00025912273496458635 0.0001608989518820559 0.00015260996807238883 795282969.0375154 nan
177085.5 43508.48 5799.777 357.09485 22052.91 193.16893 19.065416289348413 675.1082916383979 185.5316892843652 64.49508190563719 6.667328044247167 0.8896566198673012 0.02634826326082723 0.003684368922052411 0.003147349885548546 0.0011847530833949491 0.0013786022383532816 0.0009061733198247344 0.0003675350680420019 0.0003356811332462207 795283268.9642763 nan
172585.67 42168.227 5720.5493 368.33426 20936.508 185.79932 18.26518121756466 629.2099211791244 165.45996661415555 56.02306598759326 6.503148100557999 0.7306492945600688 0.023962651161748463 0.004734495710627266 0.0014704652119370792 0.0008301636128780813 0.0008868635189146458 0.0009071551557140249 0.00029869292267023994 9.180509457412702e-05 795283568.8910301 nan
176024.0 43962.617 5947.4634 375.1756 19206.35 181.12245 18.792887677304893 665.6330959223795 167.8903557751431 55.75014957506209 6.061816547771038 0.8427818705092962 0.016787323271374822 0.0036846019965095676 0.0027263462300372915 0.0004746143920152039 0.0014765848892711558 0.0002600913550178125 0.0002297237644648149 0.00018298896011904073 795283868.8177911 nan
171131.89 42168.227 5658.2437 360.2712 20539.684 196.42856 18.53704633903954 579.1108368174818 149.5241883318481 49.76459574620093 5.486046979766562 0.678011980547017 0.03354721814943316 0.0031579590035205087 0.0025183635003774856 0.0005925524580354707 0.0008872480101124158 0.0006480180493388544 0.00032124270494878713 0.00021353006826827474 795284168.7445449 nan
172031.84 42317.754 5646.7056 354.40717 20746.031 177.93367 19.208392681279264 604.0283855860687 158.4822351791362 52.21980328834014 5.961301607726728 0.7658659056944543 0.047910186774154026 0.0073593155318731574 0.001889603401719227 0.0007110713734846611 0.0011813370459653938 0.0010374752839102243 0.00036710593020051205 9.172655384618056e-05 795284468.6713058 nan
166839.73 40551.055 5322.8726 331.68408 18656.084 185.51587 18.272551523025403 564.1786763035682 149.7582800544926 57.242819065837125 6.393214924234883 0.8069625063328402 0.038320930626653676 0.005261514887491335 0.0012594895297281792 0.0008298736274510677 0.0014772979293753092 0.0006491632828131461 0.00018358970221472992 0.00015249092443365294 795284769.2572396 nan
160539.98 38579.44 5044.4214 314.64175 18873.016 178.78401 19.457878910016575 602.1382808583603 155.619427565962 55.415786804460126 6.516228430619322 0.860427506373203 0.014382774717777049 0.004735607943849064 0.003357351940621523 0.0010669034506836724 0.0014773017939798115 0.0009090050525636432 0.00038993877596922566 9.14933270561404e-05 795285069.1840006 nan
154863.27 37233.645 4894.4272 297.41614 18190.477 175.17007 18.5365474174778 597.0208029328712 157.73387769986834 56.26689719175697 6.841390613321067 0.9133526444894726 0.03354856901018885 0.004209510065702436 0.002098664231084674 0.0009483880585363996 0.0015757644281941341 0.0009093985403007153 0.00018349396282931542 0.00027438882403306084 795285369.1107544 nan
160793.81 38656.973 5085.958 304.6851 18825.396 178.4297 19.467671494042364 568.5790240288914 145.03616541392324 53.43069120110118 6.482835039805923 0.9427564992781371 0.03355066418287175 0.006313014697379035 0.0027275112274562038 0.0008298707886459233 0.0009851596561133353 0.0009097869146374814 0.0001604754880295809 3.060693998184168e-05 795285669.0375153 nan
163170.64 38795.43 5019.038 298.88217 18460.318 179.20918 19.720686480047025 546.8071433676266 143.05962496593963 54.81763127278857 6.352701482352394 0.9133695403882974 0.009603233503232972 0.007365596109076165 0.002727845393013773 0.0008298164263232158 0.0014769432899519217 0.000910226920548852 0.00025200453498550187 0.00012186126608620081 795285968.9642763 nan
149671.16 35422.64 4635.975 291.55215 17761.904 178.57143 18.93607608440245 538.9612562450957 148.4803751448334 49.31807651160476 5.591523215869959 0.8483107210708385 0.03351891851439234 0.006314993253838321 0.0018893094919693828 0.0011850992391617137 0.001280525336216905 0.0010406173326181318 0.0002291017583919616 0.00015235149359139 795286268.8910301 nan
147178.95 34226.375 4472.1357 269.2566 17238.096 174.31973 18.93264533299234 504.2254982662928 136.5891955144761 47.07953205285771 4.821638441732598 0.6483175634520493 0.028759100798775153 0.006314020471243425 0.0018884809486751633 0.0003566476596250428 0.0013786951239147208 0.0007812561340216795 0.00025187204834582473 0.00024365326468747043 795286568.817791 nan
151748.02 35472.48 4580.593 272.03592 16126.984 177.5085 19.597116728762185 535.2007282566901 129.29867811224386 47.288256447285406 5.603505532748848 0.8308518023647623 0.02636005255096449 0.004735507456721155 0.0035661986604419373 0.0004744409370268892 0.001182135285587899 0.0006511981399532457 0.00029744239492058774 0.0001218442952795524 795286869.4037248 nan
143094.5 32980.27 4190.6084 250.96207 15825.396 177.29591 18.798133411801967 558.3172322104224 148.73695020138499 51.09293859642173 6.774914786295674 0.966216453015975 0.026358071768125945 0.004734237842752358 0.002308038889230232 0.0008294640120672254 0.001575404892585359 0.0009118301802625079 4.580920927598701e-05 9.141555226585424e-05 795287169.3304858 nan
140163.83 32299.064 4147.5327 246.77783 16433.861 174.74489 17.997807584012932 564.9975042439357 136.98596605278172 49.95169546146284 5.864324099530983 0.8427271176109201 0.021570469684643167 0.002105695231574916 0.002098616451436631 0.00011860383583101008 0.0007878944076195005 0.0010422123028474744 0.00011446580320463129 0.00015231795551284285 795287469.2572396 nan
136448.6 31268.95 4019.8455 241.24977 16015.873 186.22449 19.86099576867511 540.3854847096808 135.61697304961262 52.13552340447341 5.788256414096377 0.9959121233590376 0.02157134440113473 0.006313992794641586 0.0033572810005351146 0.0003556332056049232 0.0007878949203377047 0.00026069969439550093 0.00034313484316940326 0.0002740772798856593 795287769.1840005 nan
132710.28 30620.975 3936.7717 238.7759 14682.54 185.16156 18.395552955625018 549.3462256258108 140.09823735905883 49.50763013885472 5.701291657921627 0.9251751342613737 0.01917344877055421 0.003683813464834956 0.002098624887722408 0.0009482157642865359 0.0015756005407285938 0.0011734309002173083 0.00032016817896295493 0.00021315213403833271 795288069.1107544 nan
131118.03 30150.225 3878.3123 233.27835 14730.158 173.89455 18.930261351636666 544.1018539131619 141.6940071103454 50.36554489470291 5.875048927578064 0.7073004181989972 0.02396848709151911 0.005262596990518453 0.0023078022731159997 0.0007112708367978948 0.0017722592827174033 0.0005211514184748356 0.00022878277113058676 9.138321423012019e-05 795288369.6966953 nan
129560.4 29873.31 3828.3142 231.2626 15317.46 183.46089 18.92912497071266 561.9657664904405 134.01922920629028 49.475175278898746 5.636262614193941 0.771924695523134 0.023973518461722187 0.005783181914378001 0.002098619418414274 0.0007114408090183184 0.0014771585526801953 0.00013144459138147337 0.000320015053109575 0.00012185072334916313 795288669.6234562 nan
131948.77 30222.22 3839.8523 232.3621 14587.302 175.38264 18.26744543732998 532.0575477004129 130.6598759889808 46.25335968407846 5.570332270842648 0.724769943876167 0.0287439919487586 0.002632091482031903 0.00230737086701345 0.0008298187021554839 0.0013782179763388548 0.0007836082598274364 0.00031995346928791397 0.00018271461497695827 795288969.55021 nan
126410.52 28721.355 3706.0112 223.13847 14857.143 174.31973 18.128101680205454 493.6010319396028 122.75274225206988 42.15331264289383 5.179598076207841 0.70118107107697 0.016786311265308888 0.003684700806621164 0.0016790463481284666 0.0008293552303255371 0.0008869603788302574 0.001304401672245322 0.0002743015448728326 0.00024333566500861427 795289269.476971 nan
129179.64 29574.246 3796.0078 229.79659 15095.238 178.14626 18.80028241450517 495.99926595191823 117.89101247651135 42.65361411603832 5.179299166588597 0.6953302511780782 0.028753692818801614 0.005262784885024438 0.002098756051527786 0.0003559810727699017 0.001476942150406541 0.0006523013476262535 0.0002970809879508626 6.094354953206364e-05 795289569.4037248 nan
120803.04 27730.01 3592.9387 218.25179 15349.207 170.28061 19.596487161849634 512.704234292881 127.92046593346551 45.66426687925538 5.309631625069652 0.8307530695598435 0.0263666586723892 0.006837828673895887 0.0027276879391568438 0.0008302805223445082 0.0009852053615857855 0.00026115672025128273 0.0002513859959416122 0.0001521473112196182 795289869.3304857 nan
117687.78 27292.488 3527.5564 213.48726 15089.947 175.02834 18.273249872724538 529.1316265476117 123.83845781032028 45.58180614541921 5.1476405388792585 0.7484274621420987 0.03834537581857247 0.0021050461331506673 0.0025180277659611586 0.0017779453271360276 0.0016741794350593642 0.0003916906251459864 0.00029701133421182767 9.132850330265308e-05 795290169.2572396 nan
117133.96 27115.264 3505.2498 216.1444 14523.81 164.32823 18.798751402258436 507.79598952033336 126.72013044005024 41.94971919223326 5.006303080133068 0.7484020315291281 0.02636206411364175 0.003683124304262057 0.002727746731488829 0.0008298171110254694 0.0012803337770894627 0.0002611811861620564 0.0002513042715418878 0.0002130203140834544 795290469.1840005 nan
112841.81 25885.773 3364.486 209.18088 14380.952 167.51701 18.274291825152712 512.1587589299473 124.50434735460459 42.97857565098755 5.450861926575867 0.7011820045991712 0.04073548964903398 0.0031571230363339475 0.002098444362284827 0.0008298122805145434 0.0014772554084275288 0.0009141984657058044 0.00020558656863055023 9.131564813426367e-05 795290769.1107543 nan
100911.5 23149.879 3087.5735 188.3819 13005.291 170.35147 18.529277326882408 490.7499537330987 121.14484042868281 43.032076273384675 5.124686426304721 0.5774224749243587 0.021574276646716423 0.004734627599539911 0.0018885545219064076 0.0009482983337446732 0.0011819870448151453 0.0006533910430543388 0.0002740246848406316 0.00015210017654079176 795291069.0375153 nan
