json/2023_195_txings.ecsv
# %ECSV 1.0
# ---
# datatype:
# - {name: time, datatype: float64}
# - {name: fi_rate, datatype: float64}
# - {name: bi_rate, datatype: float64}
# - {name: fi_rate_limit, datatype: int64}
# - {name: bi_rate_limit, datatype: int64}
# schema: astropy-2.0
time fi_rate bi_rate fi_rate_limit bi_rate_limit
[from data line 1451]
806144031.735 270.26 22.16 400 25
806144230.585 287.68 21.04 400 25
806144431.485 273.02 21.03 400 25
806144632.385 276.75 20.91 400 25
806144831.235 274.65 21.81 400 25
806145032.135 277.34 21.43 400 25
806145230.985 273.44 22.75 400 25
806145431.885 267.56 22.55 400 25
806145630.735 277.18 21.95 400 25
806145831.635 275.46 20.75 400 25
806146032.535 272.76 21.28 400 25
806146231.385 269.56 21.49 400 25
806146432.285 260.39 21.76 400 25
806146633.185 282.66 21.74 400 25
806146832.035 273.12 21.28 400 25
806147032.935 276.24 22.42 400 25
806147231.785 268.5 20.75 400 25
806147432.685 272.37 21.93 400 25
806147631.535 264.5 22.02 400 25
806147832.435 280.94 21.95 400 25
806148033.335 264.4 21.38 400 25
806148232.185 277.19 22.63 400 25
806148433.085 270.17 21.01 400 25
806148633.985 281.1 22.94 400 25
806148832.835 254.85 21.35 400 25
806149031.685 269.57 22.9 400 25
806149232.586 273.61 21.89 400 25
806149433.486 268.36 20.89 400 25
806149632.336 274.46 21.03 400 25
806149833.236 274.46 21.02 400 25
806150032.086 273.02 21.77 400 25
806150232.986 272.01 21.25 400 25
806150431.836 263.37 22.34 400 25
806150632.736 268.86 21.31 400 25
806150833.636 281.2 20.83 400 25
806151032.486 261.7 21.67 400 25
806151233.386 263.26 22.25 400 25
806151432.236 272.73 21.56 400 25
806151633.136 269.99 20.52 400 25
806151834.036 271.73 21.46 400 25
806152032.886 264.81 20.74 400 25
806152233.786 256.75 20.66 400 25
806152432.636 272.12 19.73 400 25
806152633.536 267.75 21.28 400 25
806152832.386 255.61 21.74 400 25
806153033.286 266.55 21.63 400 25
806153234.186 257.18 21.55 400 25
806153433.036 270.69 24.05 400 25
806153633.936 251.51 21.27 400 25
806153832.786 257.39 21.0 400 25
806154033.686 254.09 20.65 400 25
806154234.586 258.83 21.05 400 25
806154435.486 264.66 21.5 400 25
806154634.336 260.05 22.54 400 25
806154833.186 269.08 21.21 400 25
806155034.086 267.15 20.71 400 25
806155232.936 276.43 21.77 400 25
806155433.836 268.28 21.38 400 25
806155634.736 247.37 20.3 400 25
806155833.586 259.46 19.37 400 25
806156034.486 252.3 20.58 400 25
806158500.636 273.48 0.0 400 25
806158701.536 272.81 0.0 400 25
806158900.386 262.42 0.0 400 25
806159101.286 274.38 0.0 400 25
806159302.186 280.78 0.0 400 25
806159501.036 268.53 0.0 400 25
806159701.936 275.36 0.0 400 25
806159900.786 268.44 0.0 400 25
806160101.686 261.18 0.0 400 25
806160302.586 262.56 0.0 400 25
806160501.436 266.97 0.0 400 25
806160702.336 261.04 0.0 400 25
806160903.236 258.46 0.0 400 25
806161102.086 269.68 0.0 400 25
806161302.986 260.42 0.0 400 25
806161501.836 264.8 0.0 400 25
806161702.736 261.71 0.0 400 25
806161901.586 265.16 0.0 400 25
806162102.486 263.63 0.0 400 25
806162301.336 269.53 0.0 400 25
806162502.236 269.38 0.0 400 25
806162703.136 262.13 0.0 400 25
806162901.986 268.87 0.0 400 25
806163102.886 264.07 0.0 400 25
806163301.736 269.86 0.0 400 25
806163502.636 274.52 0.0 400 25
806163701.486 260.59 0.0 400 25
806163902.386 260.12 0.0 400 25
806164103.286 261.47 0.0 400 25
806164302.136 262.71 0.0 400 25
806164503.036 269.07 0.0 400 25
806164703.937 266.76 0.0 400 25
806164902.787 266.92 0.0 400 25
806165103.687 264.25 0.0 400 25
806165302.537 260.4 0.0 400 25
806165503.437 266.34 0.0 400 25
806165702.287 274.35 0.0 400 25
806165903.187 262.46 0.0 400 25
806166104.087 264.26 0.0 400 25
806166302.937 273.98 0.0 400 25
806166503.837 260.86 0.0 400 25
806166702.687 260.7 0.0 400 25
806166903.587 263.9 0.0 400 25
806167102.437 258.71 0.0 400 25
806167303.337 279.42 0.0 400 25
806167504.237 260.31 0.0 400 25
806167703.087 270.43 0.0 400 25
806167903.987 260.24 0.0 400 25
806168102.837 272.68 0.0 400 25
806168303.737 279.41 0.0 400 25
806170771.937 274.33 22.26 400 25
806170970.787 261.78 21.78 400 25
806171171.687 262.86 21.74 400 25
806171370.537 258.56 21.37 400 25
806171571.437 273.82 22.22 400 25
806171770.287 266.55 21.66 400 25
806171971.187 267.91 23.71 400 25
806172172.087 256.16 21.81 400 25
806172370.937 276.59 22.85 400 25
806172571.837 261.31 20.82 400 25
806172770.687 259.99 20.68 400 25
806172971.587 271.31 22.68 400 25
806173170.437 258.52 23.17 400 25
806173371.337 259.9 21.39 400 25
806173572.237 260.53 21.11 400 25
806173771.087 261.24 21.52 400 25
806173971.987 257.5 21.85 400 25
806174170.837 255.06 21.79 400 25
806174371.737 260.63 21.25 400 25
806174572.637 261.11 22.02 400 25
806174771.487 259.72 22.32 400 25
806174972.387 261.99 22.31 400 25
806175171.237 273.95 21.02 400 25
806175372.137 268.71 22.38 400 25
806175570.987 258.0 21.86 400 25
806175771.887 259.37 21.96 400 25
806175972.787 260.57 21.25 400 25
806176171.637 271.23 21.24 400 25
806176372.537 270.24 21.9 400 25
806176573.437 263.66 23.36 400 25
806176772.287 273.37 22.72 400 25
806176973.187 274.25 21.73 400 25
806177172.037 262.79 22.78 400 25
806177372.937 256.69 21.37 400 25
806177571.787 260.58 22.37 400 25
806177772.687 263.91 21.06 400 25
806177973.587 264.18 21.52 400 25
806178172.437 272.97 21.68 400 25
806178373.337 265.28 21.96 400 25
806178572.187 275.45 22.57 400 25
806178773.087 278.09 23.46 400 25
806178971.937 262.12 21.6 400 25
806179172.837 272.87 22.72 400 25
806179373.737 262.99 20.83 400 25
806179572.587 257.22 21.44 400 25
806179773.487 264.97 22.22 400 25
806179972.337 259.34 22.31 400 25
806180173.237 270.96 22.18 400 25
806180374.138 262.66 22.25 400 25
806180572.988 255.96 21.49 400 25
806180773.888 259.25 22.12 400 25
806180972.738 264.23 21.08 400 25
806181173.638 259.98 21.2 400 25
806181372.488 252.69 22.02 400 25
806181573.388 260.46 21.58 400 25
806181774.288 259.92 22.18 400 25
806181973.138 264.97 23.87 400 25
806182174.038 265.05 22.48 400 25
806182372.888 256.48 22.28 400 25
806182573.788 263.28 20.66 400 25
806182774.688 260.12 21.44 400 25
806182973.538 251.69 21.62 400 25
806183174.438 260.49 21.07 400 25
806183373.288 262.71 22.04 400 25
806183574.188 256.31 22.14 400 25
806183773.038 249.86 20.84 400 25
806183973.938 263.86 22.02 400 25
806184174.838 255.14 20.56 400 25
806184373.688 259.93 22.16 400 25
806184574.588 252.92 20.91 400 25
806186841.888 257.18 0.0 400 25
806187040.738 262.14 0.0 400 25
806187241.638 256.98 0.0 400 25
806187440.488 261.82 0.0 400 25
806187641.388 256.99 0.0 400 25
806187842.288 254.81 0.0 400 25
806188043.188 257.49 0.0 400 25
806188242.038 255.66 0.0 400 25
806188440.888 253.37 0.0 400 25
806188641.788 256.76 0.0 400 25
806188842.688 258.29 0.0 400 25
806189041.538 255.85 0.0 400 25
806189242.438 251.15 0.0 400 25
806189441.288 257.88 0.0 400 25
806189642.188 258.57 0.0 400 25
806189841.038 259.46 0.0 400 25
806190041.938 254.03 0.0 400 25
806190242.838 253.19 0.0 400 25
806190441.688 262.73 0.0 400 25
806190642.588 252.92 0.0 400 25
806190841.438 250.72 0.0 400 25
806191042.338 255.24 0.0 400 25
806191243.238 259.86 0.0 400 25
806191442.088 255.14 0.0 400 25
806191642.988 256.93 0.0 400 25
806191841.838 255.78 0.0 400 25
806192044.788 256.34 0.0 400 25
806192241.588 269.29 0.0 400 25
806192442.488 257.15 0.0 400 25
806192643.388 258.16 0.0 400 25
806192842.238 259.96 0.0 400 25
806193043.138 253.78 0.0 400 25
806193241.988 266.21 0.0 400 25
806193442.888 261.7 0.0 400 25
806193643.788 256.19 0.0 400 25
806193842.638 255.25 0.0 400 25
806194043.538 257.26 0.0 400 25
806194242.388 261.99 0.0 400 25
806194443.288 265.71 0.0 400 25
806194642.138 262.59 0.0 400 25
806194843.038 256.55 0.0 400 25
806195043.938 251.91 0.0 400 25
806195242.788 261.82 0.0 400 25
806195443.688 251.41 0.0 400 25
806195642.538 250.39 0.0 400 25
806195843.438 267.12 0.0 400 25
806196044.339 257.7 0.0 400 25
806196243.189 257.24 0.0 400 25
806196444.089 267.44 0.0 400 25
806196642.939 265.47 0.0 400 25
806196843.839 258.95 0.0 400 25
806197044.739 255.38 0.0 400 25
806197243.589 263.45 0.0 400 25
806197444.489 262.23 0.0 400 25
806197645.389 257.66 0.0 400 25
806197844.239 250.44 0.0 400 25
806198043.089 260.25 0.0 400 25
806198243.989 272.13 0.0 400 25
806198444.889 261.84 0.0 400 25
806198643.739 254.69 0.0 400 25
806198844.639 258.64 0.0 400 25
806199045.539 256.13 0.0 400 25
806199244.389 267.6 0.0 400 25
806199445.289 265.12 0.0 400 25
806199644.139 272.25 0.0 400 25
806199845.039 256.44 0.0 400 25
806200043.889 267.0 0.0 400 25
806200244.789 263.62 0.0 400 25
806200443.639 262.45 0.0 400 25
806200644.539 265.71 0.0 400 25
806200845.439 274.89 0.0 400 25
806201044.289 270.6 0.0 400 25
806201245.189 264.27 0.0 400 25
806201444.039 267.92 0.0 400 25
806201644.939 252.22 0.0 400 25
806201845.839 265.75 0.0 400 25
806202044.689 261.48 0.0 400 25
806202245.589 267.91 0.0 400 25
806202444.439 264.5 0.0 400 25
806202645.339 264.27 0.0 400 25
806202846.239 264.31 0.0 400 25
806203045.089 266.87 0.0 400 25
806203245.989 266.98 0.0 400 25
806203444.839 260.77 0.0 400 25
806203645.739 267.96 0.0 400 25
806203844.589 265.38 0.0 400 25
806204045.489 273.2 0.0 400 25
806204246.389 267.2 0.0 400 25
806204445.239 265.07 0.0 400 25
806204646.139 267.06 0.0 400 25
806204847.039 270.27 0.0 400 25
806205045.889 267.53 0.0 400 25
806205244.739 268.94 0.0 400 25
806205445.639 268.06 0.0 400 25
806205646.539 270.63 0.0 400 25
806205845.389 261.66 0.0 400 25
806206046.289 275.25 0.0 400 25
806206245.139 281.94 0.0 400 25
806206446.039 264.17 0.0 400 25
806206646.939 265.32 0.0 400 25
806208580.089 270.28 21.13 400 25
806208778.939 271.09 20.59 400 25
806208979.839 268.79 19.98 400 25
806209180.739 285.17 20.25 400 25
806209379.589 276.01 19.77 400 25
806209580.489 278.56 20.18 400 25
806209779.339 274.71 19.94 400 25
806209980.239 267.99 19.9 400 25
806210181.139 284.03 20.52 400 25
806210379.989 272.43 21.06 400 25
806210580.889 279.01 20.44 400 25
806210779.739 265.06 20.1 400 25
806210980.639 276.15 19.82 400 25
806211179.489 288.2 19.4 400 25
806211380.389 272.9 20.91 400 25
806211581.29 264.11 20.39 400 25
806211780.14 268.38 20.5 400 25
806211981.04 271.52 20.27 400 25
806212181.94 264.31 20.32 400 25
806212380.79 277.47 20.32 400 25
806212581.69 276.99 20.09 400 25
806212782.59 280.75 20.67 400 25
806212981.44 288.22 20.33 400 25
806213180.29 275.75 19.91 400 25
806213381.19 275.01 20.62 400 25
806213582.09 277.26 20.43 400 25
806213780.94 273.15 20.68 400 25
806213981.84 275.64 20.33 400 25
806214180.69 276.96 20.56 400 25
806214381.59 273.39 19.72 400 25
806214580.44 273.84 20.58 400 25
806214781.34 279.99 20.69 400 25
806214982.24 278.65 20.54 400 25
806215181.09 265.89 20.28 400 25
806215381.99 275.42 20.53 400 25
806215580.84 267.83 20.73 400 25
806215781.74 272.04 21.43 400 25
806215982.64 264.45 20.0 400 25
806216181.49 275.44 19.94 400 25
806216382.39 276.19 20.86 400 25
806216581.24 275.03 20.31 400 25
806216782.14 277.24 20.34 400 25
806216980.99 270.79 19.89 400 25
806217181.89 275.8 19.96 400 25
806217382.79 272.85 20.88 400 25
806217581.64 272.2 20.68 400 25
806217782.54 275.79 20.26 400 25
806217981.39 264.67 19.75 400 25
806218182.29 278.68 21.24 400 25
806218383.19 260.05 20.31 400 25
806223383.14 265.59 0.0 400 25
806223584.04 279.41 0.0 400 25
806223782.89 262.19 0.0 400 25
806223983.79 263.87 0.0 400 25
806224184.69 267.14 0.0 400 25
806224383.54 255.18 0.0 400 25
806224584.44 264.42 0.0 400 25
806224783.29 252.93 0.0 400 25
806224984.19 261.82 0.0 400 25
806225183.04 273.62 0.0 400 25
806225383.94 265.05 0.0 400 25
806225584.84 270.41 0.0 400 25
806225783.69 269.88 0.0 400 25
806225984.59 280.41 0.0 400 25
806226185.49 278.31 0.0 400 25
806226384.34 268.46 0.0 400 25
806226585.24 273.86 0.0 400 25
806226784.09 272.73 0.0 400 25
806226984.99 274.25 0.0 400 25
806227183.841 269.62 0.0 400 25
806227384.741 260.48 0.0 400 25
806227583.591 264.01 0.0 400 25
806227784.491 269.92 0.0 400 25
806227985.391 271.51 0.0 400 25
806228184.241 271.18 0.0 400 25
806228385.141 257.81 0.0 400 25
806228583.991 266.97 0.0 400 25
806228784.891 269.11 0.0 400 25
806228985.791 269.48 0.0 400 25
806229184.641 271.12 0.0 400 25
806229385.541 265.27 0.0 400 25
806229584.391 269.79 0.0 400 25
806229785.291 266.23 0.0 400 25
806229986.191 258.35 0.0 400 25
806230185.041 259.41 0.0 400 25
806230385.941 269.45 0.0 400 25
806230584.791 271.97 0.0 400 25
806230785.691 260.15 0.0 400 25
806230984.541 266.24 0.0 400 25
806231185.441 266.72 0.0 400 25
806231386.341 270.67 0.0 400 25
806231585.191 263.5 0.0 400 25
806231786.091 262.6 0.0 400 25
806231984.941 268.15 0.0 400 25
806232185.841 262.06 0.0 400 25
806232386.741 258.62 0.0 400 25
806232585.591 274.36 0.0 400 25
806232786.491 268.83 0.0 400 25
806232985.341 274.66 0.0 400 25
806233186.241 273.02 0.0 400 25
806233385.091 268.75 0.0 400 25
806233585.991 262.96 0.0 400 25
806233786.891 264.18 0.0 400 25
806233985.741 269.27 0.0 400 25
806234186.641 263.73 0.0 400 25
806234387.541 257.94 0.0 400 25
806234586.391 267.98 0.0 400 25
806234787.291 264.7 0.0 400 25
806234986.141 270.45 0.0 400 25
806235187.041 265.92 0.0 400 25
806235385.891 261.77 0.0 400 25
806235586.791 272.05 0.0 400 25
806235787.691 277.43 0.0 400 25
806235986.541 267.46 0.0 400 25
806236187.441 272.67 0.0 400 25
806236386.291 256.42 0.0 400 25
806236587.191 269.64 0.0 400 25
806236786.041 268.88 0.0 400 25
806236986.941 267.74 0.0 400 25
806237187.841 251.92 0.0 400 25
806237386.691 266.49 0.0 400 25
806237587.591 253.5 0.0 400 25
806237788.491 255.78 0.0 400 25
806237987.341 271.87 0.0 400 25
806238186.191 270.35 0.0 400 25
806238387.091 269.32 0.0 400 25
806238587.991 279.27 0.0 400 25
806238786.841 271.13 0.0 400 25
806238987.741 272.14 0.0 400 25
806239186.591 265.8 0.0 400 25
806239387.491 264.05 0.0 400 25
806239588.391 272.58 0.0 400 25
806239787.241 270.03 0.0 400 25
806239988.141 276.01 0.0 400 25
806240186.991 251.77 0.0 400 25
806240387.891 275.28 0.0 400 25
806240586.741 255.72 0.0 400 25
806240787.641 274.93 0.0 400 25
806240988.541 268.94 0.0 400 25
806241187.391 272.19 0.0 400 25
806241388.291 265.73 0.0 400 25
806241589.191 272.96 0.0 400 25
806241788.041 267.08 0.0 400 25
806241988.941 258.04 0.0 400 25
806242187.791 256.3 0.0 400 25
806242388.691 267.79 0.0 400 25
806242587.541 262.66 0.0 400 25
806242788.442 259.72 0.0 400 25
806242987.292 257.94 0.0 400 25
806243188.192 261.43 0.0 400 25
806243389.092 272.98 0.0 400 25
806243589.992 269.79 0.0 400 25
806243788.842 260.84 0.0 400 25
806243987.692 260.06 0.0 400 25
806244188.592 267.02 0.0 400 25
806244389.492 267.41 0.0 400 25
806244588.342 263.65 0.0 400 25
806244789.242 254.73 0.0 400 25
806244988.092 262.14 0.0 400 25
806245188.992 271.46 0.0 400 25
806245389.892 264.16 0.0 400 25
806245588.742 267.6 0.0 400 25
806245789.642 266.82 0.0 400 25
806245988.492 267.31 0.0 400 25
806246189.392 274.51 0.0 400 25
806246388.242 281.75 0.0 400 25
806246589.142 261.83 0.0 400 25
806246790.042 262.97 0.0 400 25
806246988.892 273.66 0.0 400 25
806247189.792 260.41 0.0 400 25
806247390.692 261.51 0.0 400 25
806247589.542 273.33 0.0 400 25
806247790.442 269.93 0.0 400 25
806247989.292 264.03 0.0 400 25
806248190.192 263.59 0.0 400 25
806248389.042 263.77 0.0 400 25
806248589.942 255.85 0.0 400 25
806248788.792 265.34 0.0 400 25
806248989.692 262.76 0.0 400 25
806249190.592 262.64 0.0 400 25
806249389.442 262.15 0.0 400 25
806249590.342 264.82 0.0 400 25
806249789.192 252.85 0.0 400 25
806249990.092 263.82 0.0 400 25
806250190.992 262.32 0.0 400 25
806250389.842 279.8 0.0 400 25
806250590.742 265.71 0.0 400 25
806250789.592 261.21 0.0 400 25
806250990.492 265.78 0.0 400 25
806251191.392 251.31 0.0 400 25
806251390.242 274.81 0.0 400 25
806251591.142 266.33 0.0 400 25
806251789.992 269.28 0.0 400 25
806251990.892 267.54 0.0 400 25
806252189.742 263.23 0.0 400 25
806252390.642 261.22 0.0 400 25
806252591.542 256.57 0.0 400 25
806252790.392 262.12 0.0 400 25
806252991.292 276.7 0.0 400 25
806253192.192 267.23 0.0 400 25
806253391.042 261.92 0.0 400 25
806253589.892 265.13 0.0 400 25
806255125.342 269.75 0.0 400 25
806255324.192 287.5 0.0 400 25
806255525.092 269.39 0.0 400 25
806255723.942 272.66 0.0 400 25
806255924.842 276.85 0.0 400 25
806256125.742 279.17 0.0 400 25
806256324.592 262.42 0.0 400 25
806256525.492 260.48 0.0 400 25
