json/2023_074.ecsv
# %ECSV 1.0
# ---
# datatype:
# - {name: p1, datatype: float32}
# - {name: p3, datatype: float32}
# - {name: p5, datatype: float32}
# - {name: p7, datatype: float32}
# - {name: de1, datatype: float32}
# - {name: de4, datatype: float32}
# - {name: hrc_shield, datatype: float64}
# - {name: gp1, datatype: float64}
# - {name: gp2a, datatype: float64}
# - {name: gp2b, datatype: float64}
# - {name: gp3, datatype: float64}
# - {name: gp4, datatype: float64}
# - {name: gp5, datatype: float64}
# - {name: gp6, datatype: float64}
# - {name: gp7, datatype: float64}
# - {name: gp8a, datatype: float64}
# - {name: gp8b, datatype: float64}
# - {name: gp8c, datatype: float64}
# - {name: gp9, datatype: float64}
# - {name: gp10, datatype: float64}
# - {name: times, datatype: float64}
# - {name: fi_rate, datatype: float64}
# meta: !!omap
# - comments: [idx = 575]
# - __serialized_columns__:
#     times:
#       __class__: cxotime.cxotime.CxoTime
#       format: secs
#       in_subfmt: '*'
#       out_subfmt: '*'
#       precision: 3
#       scale: utc
#       value: !astropy.table.SerializedColumn {name: times}
# schema: astropy-2.0
p1 p3 p5 p7 de1 de4 hrc_shield gp1 gp2a gp2b gp3 gp4 gp5 gp6 gp7 gp8a gp8b gp8c gp9 gp10 times fi_rate
[from data line 438]
37833.16 12945.656 6144.379 2403.274 399576.72 3020.408 22.30482011831203 4677.598606198602 1723.9171726984641 1216.401331313366 234.4934365687298 52.23826628137333 0.582773452526969 0.009472215975996748 0.005455124634457064 0.0014224841434981234 0.0016742798158997352 0.0009315640596914436 0.0002843990784262565 0.00022553841792846571 795226269.0375161 3.7816000000000005
39425.406 12959.502 5653.6284 2187.2822 388571.44 2877.551 21.890870231072086 4571.419735498136 1692.0687549747042 1204.0102601721935 234.00469031018514 52.93582975277366 0.5589169183276671 0.013150632070380622 0.003358616909395386 0.0016594563644768902 0.00098537493146226 0.0014489630943995617 0.0003847014026385748 0.00016409489511763105 795226568.96427 3.6894
40684.824 12671.514 5642.209 2087.5564 362613.22 2670.247 22.797588884483826 4473.111330648752 1673.9570290298907 1182.6334257166623 228.45779141723784 52.085635162362564 0.5159491144525881 0.014204292195419337 0.004405061769878358 0.0009490550799281738 0.001476818404090594 0.0004151084676124856 0.00025107071729280517 6.161847095491873e-05 795226868.8910309 3.6978
44046.383 12938.732 5252.106 2088.327 368253.97 2765.3062 22.14458563207841 4214.187920844483 1591.2538192825527 1084.2594116997313 210.9016155381677 48.893556391990266 0.537305311966485 0.014205041010019554 0.0033572709596272113 0.0013041114126401336 0.0013793936663996599 0.0007243666790944844 0.00033448904668656676 0.00012305780401990782 795227169.4769719 3.7577999999999996
47605.86 13950.848 5499.7886 2218.5571 387047.62 2852.6077 22.089141728173058 4106.912594374285 1556.527012539079 1053.4756177720733 203.25917142699905 46.46065296597151 0.43714224963064513 0.013677987110665849 0.003568034282913357 0.0014224529289141889 0.001969446435281503 0.0004145544155246003 0.00023438283909281256 0.00014355812363017626 795227469.4037257 3.6836
51211.492 14778.816 5501.3267 2102.254 366222.22 2676.8706 22.79683379677712 4410.727130401345 1676.0352181310886 1119.1838049824753 220.21534861162164 49.02508163570245 0.5111675800805809 0.012101725415892514 0.0052456908282783295 0.0013041105072079508 0.001575454686166575 0.0010351971408928161 0.0004683069005720762 0.00016403926974889644 795227769.3304867 3.8272000000000004
49936.54 15307.719 5889.0044 2275.7314 381968.28 2789.1155 23.90348430540773 4461.711028448687 1624.1654056941761 1122.6616953881432 217.95500066200538 48.91946025876477 0.5875498559225047 0.014205102135678783 0.006083889423266287 0.001541090113410545 0.0008865040936958987 0.0009316447705991227 0.00023423581833727922 0.0001435432751863107 795228069.2572404 3.8879
51054.84 15160.316 5742.5005 1994.1454 351652.47 2590.4045 22.28027413607148 4505.074024000523 1619.242429964831 1155.3103922129594 219.81601417193687 49.06624555092114 0.5421801465208906 0.014204997559287908 0.0035667535515130668 0.0015410869269993589 0.0013788200049912919 0.0006211475930154094 0.00033458576314065373 0.00014354385798245005 795228369.1840014 3.887
49775.01 15368.639 5676.7046 2113.249 370793.66 2816.3264 22.08898927336099 4463.158829969857 1667.7910738628625 1120.338158987791 220.08652339482 48.02703531367231 0.4371136778566005 0.012101087051930538 0.0041960175039478225 0.0007114744082870636 0.001969589104391473 0.0008281429991565648 0.00025096044104209797 0.0002050466760827618 795228669.1107552 3.922
51067.27 15872.62 5784.393 2149.1663 376211.62 2918.3672 21.72066808437445 4246.980887959612 1655.4606650410458 1086.8948716138584 214.38591019071507 47.656984975540965 0.4919957239926635 0.010522972278593019 0.004196175266590892 0.000474293393432704 0.0011822274874862112 0.0006212474384132746 0.00013389249423189796 0.00010258123112764813 795228969.0375161 3.8314
54811.355 16265.835 5485.1733 1951.9883 375873.0 2874.1497 19.684406002871082 4243.722842112538 1562.6438446937584 1084.026877132969 213.64772578239908 45.95496820395297 0.41803456736902134 0.004739242779482967 0.0033575575800317437 0.000948012888367104 0.0012802619794499228 0.0006211475911121883 0.00023413780888100838 0.0002254777858720254 795229268.9642699 3.6564
54655.59 16373.832 5688.2427 2096.39 390603.16 3030.6123 23.04005324849434 4202.356718064283 1599.2823845734538 1063.2447477212404 211.3226129468329 46.299871689867224 0.47763350922012704 0.014195723167888752 0.004824155031250058 0.0010667914338821206 0.001575500852538389 0.0010348395488916833 0.00020078379308999543 0.00022556777436177916 795229568.8910309 3.7921
51944.152 17412.252 6596.6694 2217.091 384338.62 2870.7483 23.826239297317514 4507.123349229646 1717.4314322513533 1162.073916408679 228.09638138713672 47.590623214076025 0.45145081718236335 0.01630681756328699 0.005244694242294898 0.0013036994203648575 0.002657817696780824 0.0005182527494944814 0.00020075199706066332 0.00020508703952795262 795229868.8177918 3.6433
55849.777 18641.744 7135.1104 2565.5122 414476.2 3091.8367 22.493744927315245 4872.812794086459 1854.798832482213 1204.3806144983666 229.05705037871937 48.26070646302693 0.44426387890729213 0.01473340764525523 0.0037786998712065864 0.0014223689324502325 0.002265778207445289 0.001034488879766513 0.0002675719787809563 0.00012315780440384425 795230168.7445456 3.7232
57909.31 19331.256 7123.5723 2515.668 402793.66 2945.5784 23.284699343182883 5119.621206129993 1860.0670381597236 1264.8862598064222 236.91296042216086 50.09669344585708 0.43710026512818373 0.01788234888286603 0.0037765619024799657 0.0017775635197243029 0.00177361032522308 0.0007251971115661792 0.00021756717122008303 0.00012303732488741295 795230468.6713066 3.6867
59594.453 19619.316 7147.4966 2357.665 378653.3 2760.234 23.29015498109139 5142.865878477889 1995.5187704684222 1281.1998271350767 246.5796379582068 51.06870936767467 0.44190223744614754 0.012627512262750898 0.005874328582742863 0.0011853614183369111 0.0020680038884764804 0.0008281186371970897 0.00021750532261234417 0.00010253574762957622 795230769.2572404 3.6746
56351.68 19173.416 7098.1885 2404.2515 390603.16 2928.5715 23.50768541941165 5171.107291703761 1948.0302333596683 1278.8172961239422 244.7727173643453 50.56964978180396 0.5947262977955894 0.01630938636889139 0.004615762912127768 0.0008298143277705869 0.0011818465312110219 0.0005176216291147302 0.00031785680221219504 0.00012303745204725878 795231069.1840013 3.6922
59813.086 19464.176 6655.1284 2229.0635 405841.28 2891.1565 20.154743435037577 5063.256375895474 1942.6528234526359 1300.7302414950993 246.5255450246166 49.665478141913 0.5469687961681533 0.006841707251245182 0.0031474683085841266 0.0013038762373369201 0.001871080651666218 0.0005176220269215122 0.0003178577683143802 8.203455511778715e-05 795231369.1107551 3.6283
61728.395 20031.844 7068.959 2428.196 404656.06 2877.551 23.16477994891202 5180.490907002448 1947.1190800612126 1315.8795762233049 251.80478304649105 49.48329501501743 0.45862728869559033 0.012623778298787348 0.005663590690324066 0.0011855063506763647 0.002363437152103063 0.00041414678417427044 0.0003011352427568197 0.000123016787280345 795231669.0375161 3.6757
59847.695 21217.03 7527.403 2571.376 433269.84 3044.2178 21.61833539041284 5020.917595056602 1959.5363931995535 1277.139335139732 244.60483020673038 49.412782699549766 0.5445056622245796 0.008420823614399359 0.004826203938947029 0.0008300725888933561 0.0019700262305132306 0.0008278862743029765 0.00016739096325661183 0.00016401917268150403 795231968.9642699 3.7310000000000003
62443.754 22562.824 7905.8496 2710.647 435301.6 3044.2178 23.483049296265943 4744.816193330543 1850.1070020133234 1197.2830998817203 233.30109090944896 47.37690166763181 0.5541131664434065 0.01682728132740137 0.004406374563671054 0.000711385584073145 0.0017729529444365827 0.0005179244075222157 0.0003845619398908279 0.00010259049142904846 795232268.8910308 3.7315
65757.83 22980.04 8011.605 2518.0237 405030.38 2846.4019 21.747939397798092 4767.800520503409 1819.3556284638203 1213.5428783407197 239.1594885476054 46.18421063880323 0.5374236861718973 0.01052986278019353 0.004196416369032102 0.0016584699735415777 0.0015760236933875832 0.00020742764352292277 0.0002511025097207309 0.00020493801243039376 795232568.8177918 3.5739
66337.836 23626.168 8081.2275 2517.1338 423619.03 2962.585 21.85124723185835 4730.917435385265 1823.9969410559313 1208.6049991853513 235.47762356348846 46.91095850017662 0.4895746344667748 0.013676506523328458 0.003147721235160462 0.001422364398405557 0.001477733797642396 0.00041432322220811033 0.00028430074287345597 0.00018454011490028334 795232869.4037256 3.6162
62620.37 20482.148 7252.147 2319.2983 396110.28 2756.5342 21.540501557270126 4617.083094204152 1799.1899840338576 1187.9011958170536 237.4481473856055 46.89357817333291 0.40849062425420307 0.0105211521793015 0.003986559734218522 0.0011853892205441066 0.002068267468662915 0.000724822135812339 0.00015062130036762897 0.00016400913145260304 795233169.3304865 3.7061
71801.086 23005.885 7565.863 2529.3506 440211.66 2990.9297 21.348633117663866 4699.127528563895 1846.8989372713218 1233.894921659342 242.06864427333866 47.35162924987968 0.5397689709535299 0.008419387001669068 0.004406072671988816 0.001066932391256636 0.002166668649725198 0.0010352712601571419 0.0002676567845007975 8.204458122635446e-05 795233469.2572404 3.5671
77466.25 24315.68 7799.7 2477.5518 439365.06 2965.9866 23.29206864500982 4741.490842452564 1867.500067563189 1244.542479808148 248.39825932194316 48.20883274068101 0.44664181792906144 0.015257171078324234 0.00482558107067539 0.0011854459718302326 0.001969733146852431 0.0011387685381168242 0.0002174809316267884 0.00016404973726044035 795233769.1840013 3.5843000000000003
72481.83 23568.018 7873.5435 2552.318 425142.88 2887.7551 23.45547143543873 5093.88614787346 2051.8489297856404 1311.575255180499 257.50858626309247 48.18534679564988 0.5015629913553725 0.016835069179163595 0.004406070405143252 0.00225209973147249 0.0016743519500952186 0.0009317694948850891 0.0003512840099967455 0.00014354940407543303 795234069.1107551 3.6091
76681.664 24888.889 7882.7734 2518.5999 428698.4 2866.2131 21.84286836488681 5349.226139084234 2100.678415382241 1362.7203824525936 266.10626092918335 50.155117816502354 0.47530332818013227 0.007369123347777065 0.005659786580061373 0.0009485608526616737 0.0014776377357505989 0.0009315434993414167 0.00028442778016687725 0.00016408452588008283 795234369.696696 3.6308
75631.71 23900.31 7721.241 2605.0945 443428.56 2986.3945 20.515302479172142 5327.205601635341 2098.776442690699 1360.3685015509038 267.48041411926573 48.14484325932548 0.4753173519956576 0.009472256392526045 0.0027305751761074323 0.0010672492787952932 0.0016744182900743252 0.0008283473532650766 0.00030129875621490317 0.00018461546482931507 795234669.6234499 3.8238
73727.93 22022.846 7462.79 2442.3677 425142.84 2823.1292 22.248590543387802 5260.142394712017 2142.724785663565 1318.7225961165223 261.50182378911836 48.563307846273425 0.48490674951814067 0.011049549602874402 0.004824293232425465 0.0013034189663776647 0.0017720436758089648 0.0009315923410047652 0.0004179880696702797 0.00022541683088562884 795234969.5502108 3.7089
63347.86 20870.818 7481.4478 2355.159 393552.78 2642.2007 21.87125998208566 5206.541043929211 2140.5682855623404 1279.6482055542324 250.60775106513915 50.290200253200005 0.525465650971161 0.012098433548734962 0.003776330428276358 0.0008306228230504057 0.0011823226528997965 0.0008278886610935609 0.00021767722114684505 0.00010261129051606544 795235269.4769717 3.7419000000000002
67532.016 21590.861 7527.403 2458.4937 421587.3 2758.5034 21.21095799389091 4994.822734015918 2101.8797855590956 1226.7213499366103 252.33151330881276 46.778033252684374 0.5302116737910628 0.00999952872331704 0.0035681085910824464 0.0016592788548516356 0.0016740614806842742 0.0005176194121381264 0.00041814704570159757 0.00018447934282768365 795235569.4037256 3.7182
70058.84 23016.96 7845.852 2490.2573 427343.94 2827.6643 23.583808793902943 5000.960692039585 2186.0946253026923 1196.8716736038286 243.9421961801413 49.68853968296436 0.4943842166419261 0.014728484912247035 0.0054537734347269926 0.0011854500572838385 0.0013790563606314032 0.0005174171004301388 0.00030113612342095236 8.204474529465686e-05 795235869.3304865 3.7155
90377.3 27389.408 8478.136 2594.8325 437333.34 2789.1157 20.6263593493091 4932.327248186166 2255.6363028427845 1176.9273052754754 249.69679824873083 49.25993221164487 0.43948578430392254 0.009471482977525739 0.0029373659965453856 0.0011855604813809895 0.0018712046326063686 0.00010367529034137384 0.000317833007363954 0.00012302701334467104 795236169.2572403 3.7145
94046.38 28618.898 8616.592 2729.7048 452063.5 2826.5305 22.37698311898627 4799.452304486676 2379.0152075436376 1147.5433111660182 248.99351594547426 48.80784824631728 0.47769179235152676 0.015783229157296793 0.003147122014517321 0.001659629559336127 0.0016742784531439616 0.0007246728150720837 0.00021748081779370362 8.202452788341897e-05 795236469.1840013 3.6989
104003.695 30908.965 9067.344 2654.45 441566.12 2768.7075 21.334103238414052 4718.6185829746 2436.879808892977 1158.2793005109936 243.76750956483028 49.13076323078192 0.5158978576662699 0.012101424186190642 0.0029373559977976748 0.0013040820189853413 0.0021665871915114315 0.0005176733172040262 0.0003178336309333416 0.00014352792848651885 795236769.1107551 3.7869
104403.086 31081.93 9063.793 2535.6282 419074.34 2593.9849 20.92443399668942 4532.211758206885 2360.0376792266743 1073.2101944890385 215.45755966769968 43.4136455082832 0.4968088054283318 0.010523431326243428 0.0029374206749201155 0.0015409677548478792 0.0021667140085446313 0.0009315191351273843 0.00026769374234915106 0.00012304706694164165 795237069.037516 3.6496
127310.484 32922.12 9267.337 2694.5208 446476.2 2714.2856 21.579165456962553 4194.1735548163815 2204.205023187083 982.8552940883832 201.0495068418038 38.92154345895924 0.4777057868419563 0.009470863575276194 0.004404970082937654 0.0009487951641969815 0.001871465938665911 0.000517927305533532 0.0003178197887311686 0.0001025461365702298 795237368.964277 3.7216000000000005
128971.96 33960.54 9208.876 2764.8892 459851.84 2755.102 23.31377458684278 4327.421823769756 2277.0497483437525 1016.0603731690547 211.7968392532756 41.65224953541595 0.4872363184479613 0.01262358423335205 0.005873209467985278 0.0007115034558629385 0.0016744697836990022 0.0007244713577976029 0.0003512831581754503 0.00012301700056742982 795237668.8910308 3.6696
113049.49 32847.35 9364.255 2735.569 450539.7 2710.8843 22.045687291856503 4507.090616399234 2312.7899418834304 1047.2964121873279 216.75947211935355 42.02700000420194 0.36083925073502615 0.01419991643928083 0.003358799688711079 0.0009488219023722087 0.0013790096327764743 0.001138565772437604 0.00036801177910674723 0.00020494138463953698 795237969.4769717 3.6642
95707.86 28926.271 9581.17 2908.5579 463238.1 2758.5034 22.01805557994161 5807.531071877103 2919.3007437759256 1306.32069499684 267.41493740681716 50.1837331703373 0.5469886216386136 0.008944288552025158 0.005245177091718565 0.0014223649748442576 0.0015758631088189099 0.000931188408922982 0.0003346106396736804 8.211452917341268e-05 795238269.4037255 3.6925
116118.61 30283.143 9402.715 2728.7275 450370.34 2630.3855 21.775848732598913 5695.67594099928 2791.9650832074276 1299.8199363773238 269.4996475106444 52.47159190095965 0.5899202134848202 0.008943846859156916 0.004826017212078966 0.0011855163559878576 0.0016744223811965358 0.00020730102458625104 0.000368013370215401 0.00020504233755827921 795238569.3304865 3.6424000000000003
