json/2023_074.ecsv
# %ECSV 1.0
# ---
# datatype:
# - {name: p1, datatype: float32}
# - {name: p3, datatype: float32}
# - {name: p5, datatype: float32}
# - {name: p7, datatype: float32}
# - {name: de1, datatype: float32}
# - {name: de4, datatype: float32}
# - {name: hrc_shield, datatype: float64}
# - {name: gp1, datatype: float64}
# - {name: gp2a, datatype: float64}
# - {name: gp2b, datatype: float64}
# - {name: gp3, datatype: float64}
# - {name: gp4, datatype: float64}
# - {name: gp5, datatype: float64}
# - {name: gp6, datatype: float64}
# - {name: gp7, datatype: float64}
# - {name: gp8a, datatype: float64}
# - {name: gp8b, datatype: float64}
# - {name: gp8c, datatype: float64}
# - {name: gp9, datatype: float64}
# - {name: gp10, datatype: float64}
# - {name: times, datatype: float64}
# - {name: fi_rate, datatype: float64}
# meta: !!omap
# - comments: [idx = 575]
# - __serialized_columns__:
#     times:
#       __class__: cxotime.cxotime.CxoTime
#       format: secs
#       in_subfmt: '*'
#       out_subfmt: '*'
#       precision: 3
#       scale: utc
#       value: !astropy.table.SerializedColumn {name: times}
# schema: astropy-2.0
p1 p3 p5 p7 de1 de4 hrc_shield gp1 gp2a gp2b gp3 gp4 gp5 gp6 gp7 gp8a gp8b gp8c gp9 gp10 times fi_rate
[from data line 1306]
7034.6406 549.5047 68.45336 6.682783 6678.363 139.825 18.26528296854847 8.657519184722918 3.4080921491759755 1.5884656350801665 0.40033775947620054 0.07637925126804569 0.02388458961055663 0.0021061509492208783 0.002517762182600149 0.00047418208701937735 0.0011818424366372281 0.00041432976140629073 0.00040139445752577336 4.105796812766628e-05 795486669.4037291 3.0557
6685.636 507.33725 64.71158 6.126848 6589.0654 124.1969 18.66405774416277 10.21480189685364 2.045972558767957 1.265379755514791 0.2705786234315304 0.1232976134111761 0.023882258972903123 0.004210607503284375 0.002307604756314695 0.00047429737120778016 0.001181795940006482 0.000724371853253073 0.0002509406159395534 0.00010256106382015383 795486969.3304828 2.9953
6896.85 506.23053 60.430367 5.9709244 7111.1113 137.75511 18.660783078882247 10.651326079839134 3.1061161584626986 1.8829283190278767 0.3030144514266904 0.06460522298391246 0.019106506148629344 0.006839655285311026 0.0012593005381627386 0.0007112749350196381 0.0010834568237571807 0.00010357443884500021 0.0002509244768623235 0.00016404525662566373 795487269.2572439 2.8646
7111.0244 513.79236 64.04894 6.492778 6550.1255 130.68385 18.924987332436036 10.286330248336672 3.333333412241755 1.9711682100285177 0.23809523606124577 0.08809020782312924 0.014330754349194966 0.004735488363067799 0.002517961992451967 0.0007112715820767601 0.0014773045191374566 0.0003105749028152428 0.00018402217047855087 0.00014354399996062645 795487569.1839976 2.8481
6986.1587 506.33704 64.14879 6.105132 6132.4146 114.77354 18.536553008343514 9.704053100425174 2.6516816418735782 1.6770357015991622 0.2705548437439681 0.15854516364759186 0.03343376272194988 0.0031573522182972167 0.002517927904732627 0.0007112692520655439 0.0006896024699282296 0.00051756943303491 0.00020074878039586398 0.0002050472308899425 795487869.1107585 2.9558999999999997
6865.1206 494.46176 67.97816 7.3758473 7743.386 156.32086 19.057348236404504 9.342611321939462 3.25727974323001 1.6181517627334094 0.3679177846075776 0.152692563402947 0.014340084434849989 0.006838282933582877 0.0018887649973298136 0.0007112689674182468 0.0015753647529917353 0.0005176235032266673 0.00021747372872758634 0.00014357351312082884 795488169.0375124 2.9663999999999997
6989.265 529.94116 68.335014 5.88899 6040.936 116.9889 17.9937735971539 9.810656779605125 2.1977465086942045 2.3530948168603576 0.21656118057914384 0.11747941594976329 0.01433075431123143 0.0031596155864102647 0.00167877634024716 0.0007112688536758949 0.0018710296202309516 0.0006210710302578221 0.00028435040768637267 0.00020501766074041572 795488468.9642733 2.9817
6944.4443 509.86502 65.83881 6.1618104 6400.794 125.42517 18.25496961798478 9.592999528300902 1.8185517367215893 1.853974710263227 0.2813218790776221 0.10571971811812941 0.00717237452306262 0.0036825368398082986 0.0018882280712088648 0.0008296984462371769 0.0011825171507899128 0.00031087754123309376 0.0002175466211909189 0.0001231173270594391 795488768.8910342 2.9318
6562.076 526.7556 70.26415 5.9023185 5852.316 116.602684 18.002366362387953 8.79917059330586 5.071781312526072 2.235484955175329 0.19491088294697925 0.1350358043017573 0.03102081114043903 0.004208624180052012 0.001259726781391501 0.0013034248711435755 0.0004932773532648083 0.0007241660740548985 0.00023419134517322615 0.00014351851284782283 795489068.817788 2.9560000000000004
7171.2104 499.321 69.57757 6.487492 6467.419 120.73711 18.539524394008733 10.678665675013939 1.747306999650934 1.3840094429521956 0.3569050551733315 0.12334349333668182 0.04058980680182746 0.003683883665462108 0.0023065545168387963 0.0005937654044747687 0.0011808352918712807 0.0006212988971721619 0.00023421162630154932 0.00014354395656141235 795489368.744549 2.9044
6749.74 502.85565 66.41572 5.3142753 5688.4917 100.34014 17.723845891974044 10.391295237952018 2.5743335212833487 1.2065387996496901 0.3571428533177823 0.11746364461021688 0.007222523113125379 0.0036830679933655495 0.0010512739410213807 0.0007110645582854516 0.0007885695950599031 0.0003111056697227896 0.0002843140179468643 0.00014354316271725738 795489668.6713028 2.7922000000000002
6919.1494 522.7521 65.59659 7.137191 6996.937 135.51736 18.13029229864564 9.086459672859656 1.6671289879249538 1.353382272926738 0.20564619667650227 0.12332198693124109 0.021496714144656728 0.003683956887975222 0.0016786486404532666 0.000711328785100344 0.0013789165239175194 0.0004141002140425976 0.0002007599965673317 0.00010255742890575504 795489969.2572438 2.91
6979.0586 506.23053 72.68951 7.284222 7404.7617 131.59013 19.195938734797423 9.59285161986736 3.5606059095248437 1.529861705837468 0.28138529099853266 0.10570824102064658 0.023884591409231975 0.007366116704194554 0.0018884167031197386 0.0009483634338978426 0.0017727680838630767 0.00041410172002541624 0.00023421118529097626 0.00020506175165254246 795490269.1839976 2.8951
6932.518 519.3639 66.79477 6.7344694 6887.6357 131.56775 17.99523846580617 8.724054138585364 2.95469339338183 1.6181014832569616 0.2597455334035965 0.11157949445796012 0.019108838643579644 0.005788047209643092 0.0006297768257128925 0.0007113295789238909 0.001083524862854346 0.0006210957371337309 0.0002843859448677386 8.205474329846802e-05 795490569.1107585 2.9398000000000004
6805.9883 511.24957 67.35318 6.6199374 6986.7725 142.5737 17.99297071426126 8.940535906592963 2.878824919140944 1.4710928086170099 0.22728856790507773 0.11158092093310765 0.014333086843923221 0.0031581891191838317 0.0016780777467430492 0.000592784847112123 0.0013786691390061416 0.0003107254746003484 0.00021751433063250687 6.152861829325921e-05 795490869.0375123 2.984
6609.232 506.5567 63.67913 6.1885343 6469.925 116.395905 18.261551347942593 9.62799233293433 1.9703627923692584 2.1177960860242933 0.30297481852957253 0.09984417066566811 0.0191041736937628 0.004208426690991828 0.0016785952500764068 0.0007111854389786021 0.0010835759040103666 0.0001036758769241763 0.00023419839285972183 0.00014348342555622022 795491168.9642733 2.9464
7146.9146 494.71466 63.902866 5.802944 6633.2495 119.94272 19.0570496664362 8.109988468638798 2.2724312757963148 1.5598279521958462 0.32465418105873256 0.0881016779713576 0.014335419222862699 0.0057861213035569 0.0023074541011607707 0.00011912429387652725 0.0017720976826715573 0.0005172217842689636 0.0002676365336427923 0.0002254884256635531 795491468.8910342 2.833
6869.8267 488.81418 62.877136 6.022765 6209.5825 117.70912 18.928645189875734 8.43389795838351 3.9373593965673535 1.4711287207122101 0.25981954476380675 0.07049367432271544 0.02148738418874386 0.006313125933249726 0.0018889346543335692 0.0008289470401917932 0.000985831894188001 0.0006210217904828811 0.00021754256523861154 0.00022556817257449307 795491768.817788 2.8372
6561.249 498.25598 63.938 6.4651732 7108.187 137.94531 18.12624137978703 8.687632424433815 1.8947161535029113 1.5593468325130182 0.37867689257732573 0.09397148344012131 0.01434124967423627 0.004736130361040909 0.0012594036319436132 0.0008298172801401839 0.0014768775075196556 0.0005174001210305429 0.00025101370796478686 0.0002254642721469583 795492069.403729 2.8806000000000003
6916.321 497.14432 64.035995 6.19617 7301.5874 144.983 18.79898503363505 8.145616945917945 2.954619412107082 1.6476008560917699 0.22734141111665912 0.1057254530883464 0.02865684371272977 0.005786594220116634 0.0018881246936262972 0.000829641702592932 0.0008867196438414011 0.0002071506224114613 0.00035124277109117364 8.202481900296197e-05 795492369.3304828 2.9227
6658.952 461.42307 66.90941 6.0805616 6845.7256 124.85828 17.862571668935423 8.507204586371346 3.10598668712951 1.765203534033567 0.3679521632496081 0.14094575496606523 0.019104173621632085 0.0036834385131961013 0.001259210534766845 0.0004741550481811592 0.0015756269783115415 0.000414151416752284 0.00020074785693870024 8.203997343135641e-05 795492669.2572438 2.9244
6974.732 480.26996 66.9205 6.4710464 7079.365 121.811226 18.91943632766527 9.050157847939014 2.8030304263487 1.6769638758067231 0.3138527977139211 0.14681700845005058 0.004776918223328944 0.005261520059791567 0.002308066305317294 0.0003556341435684768 0.0008863841629366787 0.000621146737649129 0.00018402278115308102 0.0001435434876935369 795492969.1839975 2.8349
6559.363 497.92316 61.29572 6.402327 7190.476 144.13264 19.32760779237727 9.446974799439419 3.484681963220596 1.5004843230369773 0.36795216365815386 0.12333202328646438 0.019104171911282837 0.0026313911670188947 0.003986244711823007 0.000711186973729994 0.000886382850104336 0.00020714796437696059 0.0002843750842827037 0.00018454634316608594 795493269.1107585 2.8388999999999998
7002.1343 484.42368 64.2283 6.627573 7661.3755 145.12473 19.19395782079104 7.925068674993957 1.7439779399879205 1.7941929377101538 0.3246013370025753 0.18787559480453112 0.021496131012099795 0.006309249526259088 0.0023084277994942625 0.0008300176014294895 0.0018702493211758858 0.0005177984970502006 0.0001506793301464458 0.00018462698512927952 795493569.6966923 2.8169
6732.433 512.46106 66.48783 7.4216604 7825.397 140.30612 18.663366217391534 8.033236185243386 2.652402968478593 1.529301454998311 0.2814011448649384 0.15845053530391687 0.021520622049280333 0.0036853042664929617 0.0025178614510012877 0.0009480145999775557 0.0012791776979248501 0.0006211484406826162 0.0002175792092872779 0.00022541910198270733 795493869.6234533 2.8571
6479.8726 491.47296 61.107113 6.1447773 6588.9727 111.05889 19.06944034963692 8.82352250862108 3.255633865001339 1.1484018702810932 0.29218136141016265 0.08222469681623937 0.03821825682408098 0.005260719497720307 0.0025152645145551868 0.0007112711241374623 0.0004935169483859592 0.0006207665947528086 0.0002842752986520003 0.0001230126603608662 795494169.5502143 2.9216
6651.4087 491.39087 64.58455 6.044538 7200.78 130.59435 17.608754556520882 8.389100715689198 1.6676284707666844 1.9704497076901104 0.27064732099509947 0.08810740581629065 0.04058048050669313 0.004737230692031836 0.0004206597779522593 0.0007110369824416166 0.0013781385723504553 0.00031087555794400356 0.00018402273826989584 0.0001025304794330357 795494469.476968 2.8474
6926.6934 512.90704 65.12324 6.1265697 6966.1655 129.21814 18.792498147169173 8.966383254641741 2.6514596969155 1.2356574879959226 0.3570794685654859 0.10571254947726397 0.016717464438878716 0.006837405435059209 0.0014697946229696687 0.00047452842576242596 0.0006904899262638833 0.000621148842167014 0.00018408389025825045 0.00010256164585471126 795494769.403729 2.8806000000000003
6788.681 480.78918 62.593746 6.505406 7214.2856 134.35373 18.924823984614946 8.460184824387728 2.5758316615549384 1.2361602725959997 0.2705891921524518 0.11154937857559805 0.01433075431123143 0.0036836862641232153 0.002936716783041208 0.0009483048128078528 0.002166048041828407 0.0006210977256879022 0.00026763695991117607 0.00014351268333309848 795495069.3304827 2.7796
6987.1206 479.67532 63.640305 5.821543 7338.0674 135.97983 18.391882186769347 8.207471210406636 2.72755012584121 2.2652140575689943 0.3246806030982172 0.04700581846220134 0.014330171178896546 0.005261045803899361 0.0014687735274701327 0.0008296701826132536 0.0007879941687582786 0.0005175480206952982 0.00020075231080274374 8.204026472785668e-05 795495369.2572438 2.935
6670.3613 436.04385 64.239395 6.0393496 6622.807 131.99294 18.257672706700266 9.435889300881593 3.8636361619626944 1.6181229202070764 0.3463203609511819 0.14681700766596323 0.011942294824543034 0.0042090632720413294 0.001678533747576668 0.0002370890591130621 0.001181843455365683 0.00020704993889878825 0.00020075242446182434 0.00014354367243464908 795495669.1839975 2.8779000000000003
6459.774 453.8124 60.164104 5.6375093 6393.205 119.338524 18.659400264630435 8.279073353807943 5.07546146612678 1.3828171170913184 0.32468060294339984 0.13507451589742742 0.016718045768802786 0.005787085049640727 0.0016785420464404842 0.00094818614913255 0.0015756944562517149 0.0007245468988684978 0.000284379253839498 0.00034855612911718756 795495969.1107584 3.0339
6241.3467 462.61682 67.4974 6.3565145 7396.8257 135.41667 18.397944784247095 8.279716143978181 2.879860458052808 1.765038444042285 0.2705891930555524 0.12333202347315185 0.023881092628065818 0.0031580906209732087 0.00230768528907344 0.00047441067031977417 0.001182037524525237 0.00020730187821190425 0.0001840725044815239 8.215556384812253e-05 795496269.0375123 2.8278
6777.8643 498.44235 68.07431 5.9671063 7507.9365 132.0153 18.522209782299907 9.146413673981545 3.9386170957511495 1.2066465398172124 0.34626487455488086 0.12332628830336034 0.00956433237748561 0.005785513650288142 0.0014693420020703502 0.00047417799547977516 0.0012802559613051025 0.0007242940374630972 0.0002843258167621856 0.00010251651077452644 795496568.9642732 2.7830000000000004
6690.978 429.51602 58.158512 6.1161933 6950.7104 134.3985 18.801876199680603 7.520745929860193 2.425722066266176 1.3531955227494807 0.2922606275843359 0.08812461790844092 0.03341510306716597 0.005261821502378699 0.0020975486720940122 0.001066324509542662 0.0009851559029239306 0.001034939742925206 0.00028439890839559594 0.00012301690181919513 795496868.8910341 2.801
6373.8115 440.94308 57.982235 5.8478756 6672.097 145.35222 17.864363932247013 9.253082894854389 3.4853662936058294 1.5295457848103584 0.21653477269088225 0.1585394285058035 0.02150079595878642 0.003158833057267836 0.0014689149156747407 0.000474181119841658 0.0009849645727402741 0.0005177212476399724 0.00015071119561813645 0.00014358338231962225 795497169.4769679 2.8323
6585.323 427.05087 56.31995 5.8067617 7134.921 133.71597 18.5316563940952 9.035241884097944 4.015706282525389 1.2062371242791414 0.3030065248856721 0.13505444309718992 0.026273050024006026 0.005260886419648766 0.0016785189729529343 0.0004740930749524317 0.0010836452031481652 0.0006209157457172284 0.0003011637473743325 0.00018451003346049512 795497469.403729 2.8325
6209.5244 406.5243 55.568623 5.805685 6829.9917 140.11218 18.399030059814013 9.359907645257108 4.772061547183463 1.2062945853860376 0.2705574859367726 0.11159239815305179 0.026274214433499213 0.004735644702077879 0.0016788302878390175 0.0003556954338357518 0.0014770629419208316 0.00031047397725662867 0.0003512414074640551 0.0001230168872454204 795497769.3304827 2.7237
6263.313 416.28726 53.9994 5.20268 6444.8623 131.26566 19.06546409488805 10.443315537471328 3.4091094134598174 1.323890080534974 0.2597561026190731 0.13507164840120822 0.028662091753626606 0.005786865190772457 0.002307806224118305 0.0004742074207715995 0.0009847973942778154 0.00010365093119362935 0.00020073946069642327 8.201529611486784e-05 795498069.2572436 2.8018
5836.795 381.36035 51.77685 5.1653843 6460.3174 133.29082 18.1352626114844 10.297151283649683 3.4848486532654714 1.206237125261154 0.3246753180103207 0.13507164840120822 0.031049967199656563 0.003682875575858728 0.001678502718073373 0.0005927265068860989 0.0006894076729721513 0.0006211470761179886 0.00015056349453559863 4.101246665417828e-05 795498369.1839975 2.8731
6527.116 384.42902 52.45607 5.153539 6388.0537 127.27503 18.93257511718445 9.899991692584244 3.7878046866007744 1.9415680476531607 0.42205414310981654 0.17617037978108985 0.02866209173749211 0.004734833556100395 0.0025175649741603656 0.00047421188108976776 0.0004924820012186546 0.00010365209270258354 0.0001338387732565534 0.00012301668797413327 795498669.1107584 2.8884
6345.5767 383.64352 52.449905 6.1803117 7111.947 156.4402 19.599705208559023 9.285555459234875 2.7277905737157098 1.5594688261180187 0.4220779228489846 0.13509172151536644 0.031048800952514482 0.004735101805541799 0.003566312016047108 0.00023720614636224912 0.0009846305543834111 0.00020699806521693863 0.0001839979762486572 0.00010254120157186762 795498969.0375122 2.8608
