json/2023_195_txings.ecsv
# %ECSV 1.0
# ---
# datatype:
# - {name: time, datatype: float64}
# - {name: fi_rate, datatype: float64}
# - {name: bi_rate, datatype: float64}
# - {name: fi_rate_limit, datatype: int64}
# - {name: bi_rate_limit, datatype: int64}
# schema: astropy-2.0
time fi_rate bi_rate fi_rate_limit bi_rate_limit
[from data line 485]
805884169.619 259.18 19.57 400 25
805884370.519 276.37 20.84 400 25
805884569.369 282.13 19.15 400 25
805884770.269 262.6 21.1 400 25
805884969.119 277.72 19.87 400 25
805885170.019 270.97 20.75 400 25
805885368.869 286.02 19.64 400 25
805885569.769 268.24 20.56 400 25
805885770.669 246.46 20.92 400 25
805885969.519 282.92 19.99 400 25
805886170.419 271.25 19.2 400 25
805886369.269 262.23 20.82 400 25
805886570.169 269.69 20.84 400 25
805886771.069 272.1 19.22 400 25
805886969.919 257.51 20.69 400 25
805887170.819 282.85 21.73 400 25
805887369.669 263.73 20.34 400 25
805887570.569 258.41 20.51 400 25
805887769.419 263.01 20.46 400 25
805887970.319 250.17 19.9 400 25
805888171.219 260.63 19.47 400 25
805888370.069 262.04 19.31 400 25
805888570.969 284.56 20.82 400 25
805888769.819 242.24 20.14 400 25
805888970.719 281.88 20.13 400 25
805889171.619 263.35 20.66 400 25
805892904.669 266.19 0.0 400 25
805893105.569 263.55 0.0 400 25
805893304.419 265.25 0.0 400 25
805893505.319 253.18 0.0 400 25
805893706.219 253.81 0.0 400 25
805893905.069 259.31 0.0 400 25
805894105.969 260.86 0.0 400 25
805894304.819 260.68 0.0 400 25
805894505.719 254.22 0.0 400 25
805894704.569 262.79 0.0 400 25
805894905.469 261.57 0.0 400 25
805895106.369 265.62 0.0 400 25
805895305.219 254.86 0.0 400 25
805895506.119 267.74 0.0 400 25
805895707.019 270.3 0.0 400 25
805895905.869 264.96 0.0 400 25
805896104.719 249.26 0.0 400 25
805896305.619 258.81 0.0 400 25
805896506.519 260.47 0.0 400 25
805896705.369 259.8 0.0 400 25
805896906.269 257.1 0.0 400 25
805897105.119 251.46 0.0 400 25
805897306.019 260.77 0.0 400 25
805897506.919 259.95 0.0 400 25
805897705.769 262.93 0.0 400 25
805897906.669 265.88 0.0 400 25
805898105.519 255.91 0.0 400 25
805898306.419 264.23 0.0 400 25
805898505.269 260.3 0.0 400 25
805898706.169 259.67 0.0 400 25
805898907.069 256.1 0.0 400 25
805899105.919 261.28 0.0 400 25
805899306.819 254.91 0.0 400 25
805899505.669 259.31 0.0 400 25
805899706.57 254.75 0.0 400 25
805899907.47 255.12 0.0 400 25
805900106.32 265.06 0.0 400 25
805900307.22 257.34 0.0 400 25
805900506.07 262.54 0.0 400 25
805900706.97 259.89 0.0 400 25
805900907.87 259.97 0.0 400 25
805901106.72 258.16 0.0 400 25
805901307.62 255.64 0.0 400 25
805901506.47 254.63 0.0 400 25
805901707.37 254.33 0.0 400 25
805901906.22 261.3 0.0 400 25
805902107.12 255.66 0.0 400 25
805902308.02 250.57 0.0 400 25
805902506.87 257.94 0.0 400 25
805902707.77 250.83 0.0 400 25
805902906.62 250.43 0.0 400 25
805903107.52 264.35 0.0 400 25
805903306.37 264.48 0.0 400 25
805903507.27 265.28 0.0 400 25
805903708.17 264.23 0.0 400 25
805903907.02 274.87 0.0 400 25
805904107.92 254.9 0.0 400 25
805904306.77 251.32 0.0 400 25
805904507.67 258.36 0.0 400 25
805904708.57 265.61 0.0 400 25
805904907.42 253.35 0.0 400 25
805905108.32 264.98 0.0 400 25
805905307.17 256.2 0.0 400 25
805905508.07 261.92 0.0 400 25
805905706.92 259.07 0.0 400 25
805905907.82 263.71 0.0 400 25
805906108.72 257.03 0.0 400 25
805906307.57 261.41 0.0 400 25
805906508.47 252.45 0.0 400 25
805906707.32 263.76 0.0 400 25
805906908.22 257.54 0.0 400 25
805907109.12 249.08 0.0 400 25
805907307.97 260.03 0.0 400 25
805907508.87 255.27 0.0 400 25
805907707.72 250.37 0.0 400 25
805907908.62 255.07 0.0 400 25
805908107.47 263.46 0.0 400 25
805908308.37 252.82 0.0 400 25
805908509.27 256.44 0.0 400 25
805908708.12 253.76 0.0 400 25
805908909.02 258.58 0.0 400 25
805909109.92 254.26 0.0 400 25
805909308.77 255.65 0.0 400 25
805909509.67 266.66 0.0 400 25
805909708.52 259.24 0.0 400 25
805909909.42 269.24 0.0 400 25
805910108.27 265.8 0.0 400 25
805910309.17 258.7 0.0 400 25
805910510.07 265.14 0.0 400 25
805910708.92 255.02 0.0 400 25
805910909.82 249.39 0.0 400 25
805911110.72 264.63 0.0 400 25
805911309.57 255.51 0.0 400 25
805911508.42 268.43 0.0 400 25
805911709.32 247.26 0.0 400 25
805911910.22 251.3 0.0 400 25
805912109.07 255.34 0.0 400 25
805912309.97 252.82 0.0 400 25
805912508.82 250.7 0.0 400 25
805912709.72 261.26 0.0 400 25
805912910.62 251.82 0.0 400 25
805913109.47 254.14 0.0 400 25
805913310.37 257.98 0.0 400 25
805913509.22 255.83 0.0 400 25
805913710.12 257.47 0.0 400 25
805913908.97 249.52 0.0 400 25
805914109.87 261.03 0.0 400 25
805914310.77 261.41 0.0 400 25
805914509.62 254.78 0.0 400 25
805914710.52 252.39 0.0 400 25
805914909.37 263.71 0.0 400 25
805915110.27 250.07 0.0 400 25
805915311.171 258.26 0.0 400 25
805915510.021 262.18 0.0 400 25
805915710.921 255.24 0.0 400 25
805915909.771 256.66 0.0 400 25
805916110.671 259.14 0.0 400 25
805916311.571 253.33 0.0 400 25
805916510.421 253.08 0.0 400 25
805916711.321 253.06 0.0 400 25
805916910.171 253.96 0.0 400 25
805917111.071 260.07 0.0 400 25
805917309.921 260.38 0.0 400 25
805917510.821 263.3 0.0 400 25
805917711.721 248.8 0.0 400 25
805917910.571 258.95 0.0 400 25
805918111.471 253.18 0.0 400 25
805918310.321 261.09 0.0 400 25
805918511.221 259.65 0.0 400 25
805918710.071 255.88 0.0 400 25
805918910.971 252.82 0.0 400 25
805919111.871 253.52 0.0 400 25
805919310.721 266.94 0.0 400 25
805919511.621 259.32 0.0 400 25
805919710.471 253.36 0.0 400 25
805919911.371 264.02 0.0 400 25
805920112.271 261.84 0.0 400 25
805920311.121 260.97 0.0 400 25
805920512.021 259.17 0.0 400 25
805920712.921 258.77 0.0 400 25
805920911.771 251.35 0.0 400 25
805921110.621 248.33 0.0 400 25
805921311.521 266.02 0.0 400 25
805921512.421 254.7 0.0 400 25
805921711.271 262.78 0.0 400 25
805921912.171 256.41 0.0 400 25
805922113.071 265.87 0.0 400 25
805922311.921 264.99 0.0 400 25
805922512.821 269.79 0.0 400 25
805922711.671 260.44 0.0 400 25
805922912.571 262.88 0.0 400 25
805923111.421 257.72 0.0 400 25
805923312.321 261.1 0.0 400 25
805923511.171 257.81 0.0 400 25
805923712.071 249.09 0.0 400 25
805923912.971 255.42 0.0 400 25
805924111.821 257.99 0.0 400 25
805924312.721 271.08 0.0 400 25
805924511.571 247.31 0.0 400 25
805924712.471 257.87 0.0 400 25
805924913.371 257.22 0.0 400 25
805925112.221 249.76 0.0 400 25
805925313.121 259.9 0.0 400 25
805925511.971 259.42 0.0 400 25
805925712.871 259.36 0.0 400 25
805925913.771 268.11 0.0 400 25
805926112.621 259.17 0.0 400 25
805926313.521 252.45 0.0 400 25
805926512.371 267.31 0.0 400 25
805926713.271 258.13 0.0 400 25
805926912.121 265.23 0.0 400 25
805927113.021 268.14 0.0 400 25
805927313.921 255.87 0.0 400 25
805927512.771 262.57 0.0 400 25
805927713.671 251.43 0.0 400 25
805927912.521 261.42 0.0 400 25
805928113.421 256.4 0.0 400 25
805928314.321 259.3 0.0 400 25
805928513.171 253.96 0.0 400 25
805928714.071 257.76 0.0 400 25
805928912.921 258.09 0.0 400 25
805929113.821 255.06 0.0 400 25
805929312.671 258.5 0.0 400 25
805929513.571 263.4 0.0 400 25
805929714.471 252.25 0.0 400 25
805929913.321 267.62 0.0 400 25
805930114.221 266.22 0.0 400 25
805930313.071 252.17 0.0 400 25
805930513.971 267.81 0.0 400 25
805930714.871 260.26 0.0 400 25
805930913.722 264.2 0.0 400 25
805931114.622 258.12 0.0 400 25
805931313.472 259.9 0.0 400 25
805931514.372 258.43 0.0 400 25
805933381.922 251.11 19.98 400 25
805933580.772 254.91 20.87 400 25
805933781.672 244.74 20.92 400 25
805933980.522 240.42 19.8 400 25
805934181.422 235.43 20.6 400 25
805934382.322 252.14 20.62 400 25
805934581.172 242.72 19.88 400 25
805934782.072 238.4 19.97 400 25
805934982.972 255.06 20.24 400 25
805935181.822 245.57 19.94 400 25
805935380.672 257.26 21.62 400 25
805935581.572 238.73 19.61 400 25
805935782.472 254.26 20.44 400 25
805935981.322 234.32 19.66 400 25
805936182.222 245.95 20.77 400 25
805936383.122 245.5 19.53 400 25
805936581.972 247.86 19.86 400 25
805936782.872 245.72 20.33 400 25
805936981.722 248.34 19.39 400 25
805937182.622 241.59 20.25 400 25
805937381.472 239.47 18.94 400 25
805937582.372 237.89 19.68 400 25
805937783.272 241.15 19.37 400 25
805937982.122 238.8 19.44 400 25
805938183.022 232.08 19.34 400 25
805938381.872 238.74 18.51 400 25
805938582.772 239.53 19.44 400 25
805938781.622 242.2 18.68 400 25
805938982.522 246.62 21.28 400 25
805939183.422 244.57 18.98 400 25
805939382.272 234.33 19.81 400 25
805939583.172 239.87 19.38 400 25
805939782.022 246.36 19.19 400 25
805939982.922 232.91 19.87 400 25
805940183.822 235.5 19.49 400 25
805940382.672 238.55 20.06 400 25
805940583.572 249.71 18.8 400 25
805940782.422 239.89 20.39 400 25
805940983.322 231.53 18.68 400 25
805941182.172 251.81 18.12 400 25
805941383.072 256.7 19.8 400 25
805941583.972 236.64 19.72 400 25
805941782.822 246.39 19.22 400 25
805941983.722 223.44 20.64 400 25
805942182.572 241.24 18.89 400 25
805942383.472 240.65 19.1 400 25
805942584.372 232.85 18.95 400 25
805942783.222 240.85 19.27 400 25
805942984.122 233.6 19.49 400 25
805943182.972 248.61 19.29 400 25
805943383.872 244.91 24.86 400 25
805943582.722 245.42 19.0 400 25
805943783.622 249.72 19.54 400 25
805943984.522 242.89 20.01 400 25
805944183.372 241.09 19.96 400 25
805944384.272 250.16 20.13 400 25
805944583.122 246.79 18.16 400 25
805944784.022 237.19 19.88 400 25
805944984.922 233.73 19.53 400 25
805945183.772 249.99 20.23 400 25
805945384.672 241.44 19.82 400 25
805945583.522 233.59 19.53 400 25
805945784.422 247.08 19.2 400 25
805945985.322 250.21 19.95 400 25
805946184.172 247.26 18.82 400 25
805946385.072 250.75 20.17 400 25
805946583.923 245.08 20.52 400 25
805946784.823 235.83 19.85 400 25
805946983.673 242.28 19.12 400 25
805947184.573 246.6 19.32 400 25
805947385.473 238.9 18.44 400 25
805947584.323 250.79 19.71 400 25
805947785.223 234.09 18.56 400 25
805947984.073 241.94 19.47 400 25
805948184.973 245.16 20.06 400 25
805948383.823 245.0 19.29 400 25
805948584.723 238.31 19.53 400 25
805948785.623 229.62 18.76 400 25
805948984.473 240.61 19.63 400 25
805949185.373 241.53 19.89 400 25
805951985.673 245.81 17.82 400 25
805952186.573 253.53 17.61 400 25
805952385.423 253.17 18.23 400 25
805952586.323 246.57 17.87 400 25
805952785.173 246.08 17.2 400 25
805952986.073 255.37 18.26 400 25
805953186.973 260.63 17.91 400 25
805953385.823 264.98 19.23 400 25
805953586.723 265.45 18.15 400 25
805953785.573 253.25 18.55 400 25
805953986.473 256.47 19.19 400 25
805954185.323 250.36 18.48 400 25
805954386.223 251.76 17.79 400 25
805954587.123 262.77 18.19 400 25
805954785.973 249.23 17.97 400 25
805954986.873 247.66 18.22 400 25
805955185.723 253.36 17.7 400 25
805955386.623 258.68 18.65 400 25
805955587.523 263.68 18.46 400 25
805955786.373 253.77 18.77 400 25
805955987.273 247.52 18.86 400 25
805956186.123 259.38 18.55 400 25
805956387.023 251.73 19.12 400 25
805956585.873 258.29 19.29 400 25
805956786.773 247.13 18.37 400 25
805956987.673 256.13 18.33 400 25
805957186.523 240.61 17.87 400 25
805957387.423 246.87 18.16 400 25
805957586.273 248.04 19.03 400 25
805957787.173 238.84 19.15 400 25
805957988.073 255.15 17.64 400 25
805958186.923 253.48 18.76 400 25
805958387.823 252.49 17.82 400 25
805958586.673 250.76 17.39 400 25
805958787.573 254.57 18.48 400 25
805958988.473 252.06 17.93 400 25
805959187.323 244.81 17.45 400 25
805959388.223 254.48 18.37 400 25
805959587.073 251.5 17.32 400 25
805959787.973 264.98 18.1 400 25
805959986.823 259.02 18.79 400 25
805960187.723 245.1 17.81 400 25
805960388.623 245.43 18.96 400 25
805960587.473 260.07 17.97 400 25
805960788.373 249.36 18.7 400 25
805960987.223 256.14 17.8 400 25
805961188.123 242.47 18.61 400 25
805961389.023 248.37 18.23 400 25
805961587.873 253.82 18.08 400 25
805961788.773 245.25 17.72 400 25
805961987.623 248.04 17.66 400 25
805962188.524 254.49 18.75 400 25
805962387.374 254.82 17.8 400 25
805962588.274 252.94 18.23 400 25
805962789.174 251.15 18.33 400 25
805962988.024 243.74 18.07 400 25
805963188.924 258.79 18.59 400 25
805963387.774 249.78 18.0 400 25
805963588.674 255.04 18.87 400 25
805963789.574 247.84 18.58 400 25
805963988.424 255.65 17.49 400 25
805964189.324 243.19 17.98 400 25
805964388.174 253.15 17.77 400 25
805964589.074 264.95 17.2 400 25
805964787.924 244.26 18.19 400 25
805964988.824 247.32 17.84 400 25
805965189.724 251.28 17.41 400 25
805965388.574 253.84 18.04 400 25
805965589.474 249.92 18.03 400 25
805965788.324 251.73 18.14 400 25
805965989.224 247.72 17.73 400 25
805966190.124 246.49 17.87 400 25
805966388.974 252.11 18.11 400 25
805966589.874 250.88 19.04 400 25
805966788.724 242.22 18.22 400 25
805966989.624 242.37 17.69 400 25
805967188.474 248.11 18.02 400 25
805967389.374 245.33 18.25 400 25
805967590.274 247.09 17.96 400 25
805967789.124 250.93 18.31 400 25
805967990.024 255.05 17.32 400 25
805968188.874 257.97 17.68 400 25
805968389.774 244.87 18.16 400 25
805968590.674 243.64 17.91 400 25
805968789.524 251.51 18.74 400 25
805968990.424 254.27 18.09 400 25
805969189.274 243.3 17.45 400 25
805969390.174 238.34 18.35 400 25
805969589.024 246.58 17.65 400 25
805969789.924 239.81 18.39 400 25
805969990.824 249.35 17.97 400 25
805970189.674 244.2 18.38 400 25
805970390.574 246.86 18.76 400 25
805970589.424 258.12 17.59 400 25
805970790.324 243.88 17.69 400 25
805970991.224 250.64 17.8 400 25
805971190.074 245.41 18.24 400 25
805971390.974 244.89 18.08 400 25
805971589.824 255.29 18.37 400 25
805971790.724 245.36 18.2 400 25
805971991.624 238.25 17.66 400 25
805972190.474 248.91 17.77 400 25
805972391.374 244.48 18.7 400 25
805972590.224 237.64 18.62 400 25
805972791.124 250.52 17.87 400 25
805972989.974 237.43 17.58 400 25
805973190.874 248.18 17.85 400 25
805973391.774 239.66 18.74 400 25
805973590.624 239.48 17.67 400 25
805973791.524 245.27 17.81 400 25
805973990.374 246.98 18.12 400 25
805974191.274 242.23 17.97 400 25
805974390.124 242.64 17.78 400 25
805974591.024 244.5 18.45 400 25
805974791.924 241.64 17.74 400 25
805974990.774 246.92 18.63 400 25
805975191.674 249.5 18.75 400 25
805975390.524 246.37 18.53 400 25
805975591.424 250.71 18.25 400 25
805975792.324 240.75 18.02 400 25
805975991.174 241.89 17.82 400 25
805976192.074 236.27 18.0 400 25
805976392.974 232.28 17.37 400 25
805976591.824 235.63 18.2 400 25
805976790.674 240.08 17.52 400 25
805976991.574 235.73 17.85 400 25
805977192.474 249.86 18.01 400 25
805977391.324 233.2 17.84 400 25
805977592.224 243.34 17.42 400 25
805977791.075 244.78 17.82 400 25
805977991.975 253.03 18.4 400 25
805978192.875 238.5 17.62 400 25
805978391.725 239.25 17.68 400 25
805978592.625 233.17 17.87 400 25
805978791.475 239.52 17.69 400 25
805978992.375 245.78 17.86 400 25
805979193.275 236.32 17.54 400 25
805979392.125 228.65 16.87 400 25
805979593.025 231.06 17.99 400 25
805979791.875 236.33 17.74 400 25
805979992.775 239.83 17.19 400 25
805980191.625 234.24 17.83 400 25
805980392.525 232.8 17.94 400 25
805980593.425 233.6 17.94 400 25
805980792.275 232.59 18.53 400 25
805980993.175 233.77 17.77 400 25
805981192.025 232.06 17.4 400 25
805981392.925 233.72 17.43 400 25
805981591.775 248.78 17.35 400 25
805981792.675 242.38 17.78 400 25
805981993.575 236.38 17.96 400 25
805982192.425 237.11 18.03 400 25
805982393.325 252.58 18.33 400 25
805982592.175 237.33 17.68 400 25
805982793.075 243.23 17.17 400 25
805982993.975 235.61 17.49 400 25
805983192.825 239.56 18.84 400 25
805983393.725 235.18 17.1 400 25
805983594.625 230.98 19.19 400 25
805983793.475 249.35 18.31 400 25
805983992.325 238.11 18.15 400 25
805984193.225 233.79 18.53 400 25
805984394.125 227.83 18.26 400 25
805984592.975 236.61 17.09 400 25
805984793.875 227.66 17.8 400 25
805984994.775 229.23 17.99 400 25
805985193.625 237.28 17.78 400 25
805985394.525 231.61 18.2 400 25
805985593.375 245.39 17.59 400 25
805985794.275 239.23 17.71 400 25
805985993.125 233.79 18.3 400 25
805986194.025 243.74 16.92 400 25
805986394.925 231.25 17.46 400 25
805986593.775 234.72 17.34 400 25
805986794.675 230.75 17.62 400 25
805986993.525 234.41 17.87 400 25
805987194.425 232.7 17.0 400 25
805987393.275 235.04 17.02 400 25
805987594.175 230.96 17.37 400 25
805987795.075 227.58 18.04 400 25
805987993.925 229.58 17.68 400 25
805988194.825 237.66 17.75 400 25
805988393.675 241.62 18.04 400 25
805988594.575 233.41 17.38 400 25
805988793.425 236.57 18.1 400 25
805988994.325 228.94 17.95 400 25
