json/2023_058.ecsv
# %ECSV 1.0
# ---
# datatype:
# - {name: p1, datatype: float32}
# - {name: p3, datatype: float32}
# - {name: p5, datatype: float32}
# - {name: p7, datatype: float32}
# - {name: de1, datatype: float32}
# - {name: de4, datatype: float32}
# - {name: hrc_shield, datatype: float64}
# - {name: gp1, datatype: float64}
# - {name: gp2a, datatype: float64}
# - {name: gp2b, datatype: float64}
# - {name: gp3, datatype: float64}
# - {name: gp4, datatype: float64}
# - {name: gp5, datatype: float64}
# - {name: gp6, datatype: float64}
# - {name: gp7, datatype: float64}
# - {name: gp8a, datatype: float64}
# - {name: gp8b, datatype: float64}
# - {name: gp8c, datatype: float64}
# - {name: gp9, datatype: float64}
# - {name: gp10, datatype: float64}
# - {name: times, datatype: float64}
# - {name: fi_rate, datatype: float64}
# meta: !!omap
# - comments: [idx = 575]
# - __serialized_columns__:
#     times:
#       __class__: cxotime.cxotime.CxoTime
#       format: secs
#       in_subfmt: '*'
#       out_subfmt: '*'
#       precision: 3
#       scale: utc
#       value: !astropy.table.SerializedColumn {name: times}
# schema: astropy-2.0
p1 p3 p5 p7 de1 de4 hrc_shield gp1 gp2a gp2b gp3 gp4 gp5 gp6 gp7 gp8a gp8b gp8c gp9 gp10 times fi_rate
[from data line 1309]
4850.2944 69.314644 13.701396 1.8439618 2202.381 26.785713 17.06812456789023 16.50749580582503 0.3179095547668676 0.0927901777636558 0.03410262498212707 0.04310924851900632 0.010032017293805545 0.000531991917007488 0.0012711314617005853 0.0003557518904144221 0.001182340992953221 0.00012524689974943853 7.083545685662457e-05 0.00024762216980295677 794074869.3304819 2.568
5128.6484 75.631714 15.816699 1.855415 2244.709 26.785713 17.34220597536119 18.69045649059295 0.3978298912271301 0.09278147427655883 0.04555368948767545 0.012357377708930807 0.020078758286470176 0.0015934825970700245 0.0012711891381088573 0.0004742003647252849 0.0017728295465087298 0.00037513091350600917 0.00023593783292155925 6.195099832884795e-05 794075169.2572429 2.7332
5083.939 65.16096 13.773508 1.5118196 2015.8729 31.037416 17.337277753211442 21.68363701946357 0.2383656846643714 0.06175697524634177 0.09080924014254937 0.030813291026940113 0.010023800426130245 1.7733736137545697e-11 0.0019070779373751307 0.0002371315472608901 0.0007880214634956068 0.0002499746485968525 0.00016523387181692682 9.293596968596494e-05 794075469.1839967 2.6452999999999998
5226.7217 82.294914 12.691819 1.3171155 1960.3175 31.462584 17.067244441454374 25.820244917440505 0.1596901710305687 0.18584784493747009 0.034139514880848765 0.00621232251213355 0.007531544111372135 0.0005314215766744068 0.0012721725249909 0.0003556968398259197 0.0007882028086395043 0.0001252424342880476 0.00014182913587838797 0.00021690215420110126 794075769.4403477 2.6055
5004.615 64.38214 14.182146 1.3514751 2220.8994 28.344671 17.33431389286855 26.70351674697009 0.0794237839404654 0.12358093910542833 0.04544676098606335 0.04317841855097778 0.005015746212482151 0.0005309806317821993 0.0016952861802753659 0.000355623249662181 0.000985099280139403 0.0004996365865191111 0.0003069784058181222 0.00021684645009970526 794076069.3671086 2.7053
5144.5137 57.892002 12.114918 1.3056624 2103.1746 27.84864 16.93099400237744 27.104242144037336 0.23862540173551558 0.09259329131998457 0.02271789734004124 0.030822369612424152 0.0050198355691272525 1.9466147080653314e-07 0.0012713702724712597 0.00023708471413737788 0.001083517494345845 0.00062447256284427 0.0001889905530746109 9.29738533522367e-05 794076369.2938623 2.6544
5014.711 51.661476 11.32168 1.0422393 1827.381 27.42347 16.667539159558306 27.125913596963425 0.31785134581714686 0.09247530576464587 0.06822538107308944 0.03702346514957776 0.015033758108069874 0.0005315601587688052 0.0006358453947822981 0.00011857636032619671 0.0009850770447512225 0.0009985316907587982 0.00021265149345952046 9.298556053968393e-05 794076669.2206234 2.6229000000000005
4890.6772 58.67082 11.489943 1.2903916 2019.8412 27.210884 16.532862095346978 29.764443692969422 0.2385018426421897 0.09278791369995575 0.06828347268382556 0.03701179008881749 0.015077323179031382 0.0005311909372454434 0.0004237925005312374 0.00023711668643427834 0.001280513593480692 1.2191190999007347e-07 0.0002363396797079381 9.299973950999002e-05 794076969.1473771 2.6864
5023.3647 53.47871 11.8264675 1.4889133 2271.8254 27.848639 17.202119133192127 24.093332596733724 0.1590323136920177 0.09257698273131731 0.06806647380391309 0.00616820731705069 0.010023686251132981 0.0005312976050086075 0.0014825018713899565 0.00047417588062895156 0.0008866803899984483 0.0002493625529858971 0.0003309682576067095 6.202257990080599e-05 794077269.074138 2.645
5192.108 57.37279 12.042806 1.2942092 1988.0951 28.486395 17.19965072560175 23.9714668629899 0.15838022439888136 0.030690117916525816 0.01140458779228086 0.024615838511047206 0.0049987080025523534 0.0010624890368829973 0.0012714215269681015 0.0003557702597846747 0.0016740856642471116 0.000747677973574589 0.0002602169237468007 0.0001859972017981302 794077569.0008918 2.7268000000000003
5060.8633 58.49775 9.47079 1.382017 2079.365 28.911564 17.158751453314895 23.96664558421099 0.17056419274322548 0.04010836535942175 0.013103660429468499 0.022734337508301325 0.005764383485520648 0.0010219587224947699 0.001222463933007089 0.00034658556999187694 0.0015761473509677186 0.0007479554397835311 0.0002529073258234959 0.00017892397825036835 794077868.9276528 2.6395
4990.914 61.52648 12.042806 1.3514751 2329.365 32.100338 17.117783885734312 23.961889342672695 0.18276938205771656 0.04958058305103743 0.014840303665834264 0.02083832555758279 0.006534441643007722 0.0009810341125210086 0.0011735519720417747 0.00033745766150579924 0.0014775597153343302 0.0007479285780114507 0.00024562853065593804 0.00017176280453776096 794078169.1839967 2.5966000000000005
5148.8403 52.699898 12.042806 1.4316474 1908.7301 25.72279 17.076861287098495 23.95713832192674 0.19496117407974994 0.05904240335615071 0.016575040637845352 0.01894439480576683 0.0073036545293499195 0.0009401544243386598 0.0011246937003580315 0.00032833977246770913 0.0013790802965710993 0.0007479017457247806 0.00023835772521677243 0.00016460949144378846 794078469.1107576 2.5712
4928.1763 57.97854 10.961117 1.1376824 1884.9207 29.478458 17.035938688462682 23.952387301180785 0.20715296610178333 0.06850422366126399 0.018309777609856442 0.017050464053950876 0.008072867415692115 0.0008992747361563111 0.0010758354286742882 0.000319221883429619 0.0012806008778078685 0.0007478749134381106 0.0002310869197776068 0.000157456178349816 794078769.0375185 2.5824000000000003
4707.511 56.074764 11.393793 1.3285688 1942.4603 35.92687 16.995016090802775 23.94763628054813 0.21934475783307075 0.07796604374073482 0.020044514540498076 0.015156533347300773 0.00884208028369037 0.0008583950489488481 0.0010269771581557013 0.0003101039946089694 0.0011821214613931433 0.0007478480811520803 0.00022381611451183307 0.00015030286542643342 794079068.9642723 2.5069
5274.316 59.19003 11.249568 1.2025838 2295.6348 27.636053 16.954048522246286 23.942880038896536 0.2315499474383078 0.08743826165799296 0.021781157818233296 0.013260521351416383 0.009612138459521387 0.000817470438000201 0.0009780651960252307 0.0003009760859054512 0.0010835338234112494 0.0007478212193793599 0.00021653731917088332 0.00014314169154323612 794079369.2206233 2.5192
5199.3193 53.824852 11.8264675 1.0918698 2068.783 28.486393 16.913125924570114 23.938129018261993 0.243741739174441 0.09690008174122448 0.02351589474956442 0.011366590644013515 0.010381351327825373 0.00077659075077649 0.0009292069254872247 0.0002918581970811776 0.0009850544069573823 0.0007477943870933191 0.0002092665139022197 0.00013598837861701038 794079669.1473771 2.6332999999999998
4772.4126 62.824505 12.042806 1.3056624 1932.5397 30.187075 16.872203325934297 23.933377997516036 0.2559335311964744 0.10636190204633776 0.02525063172157551 0.009472659892197558 0.01115056421416757 0.0007357110625941412 0.0008803486538034815 0.0002827403080430875 0.0008865749881941516 0.0007477675548066491 0.0002019957084630541 0.00012883506552303792 794079969.074138 2.6436
5138.024 60.747665 11.898581 1.3858347 2337.3015 33.80102 16.831280728274393 23.928626976883383 0.2681253229277618 0.11582372212580858 0.026985368652217148 0.007578729185547455 0.011919777082165826 0.0006948313753866783 0.0008314903832848946 0.00027362241922243785 0.0007880955717794264 0.0007477407225206188 0.00019472490319728033 0.00012168175259965536 794080269.0008918 2.6874000000000002
4942.598 56.247837 9.855391 1.1300471 2011.9048 31.746033 16.790358129638577 23.923875956137426 0.28031711494979517 0.12528554243092185 0.028720105624228234 0.0056847984337315 0.012688989968508022 0.0006539516872043295 0.0007826321116011514 0.00026450453018434775 0.0006896161530161955 0.0007477138902339488 0.00018745409775811474 0.00011452843950568288 794080568.9276527 2.7466000000000004
5044.998 45.430946 8.941964 1.1453179 1978.1746 29.336735 16.749390562057993 23.91911971459913 0.29252230426428627 0.13475776012253754 0.030456748860594 0.003788786483012962 0.013459048125995096 0.0006130270772305682 0.0007337201506358372 0.0002553766216982701 0.0005910285173828071 0.0007476870284618683 0.00018017530259055683 0.00010736726579307547 794080869.1839966 2.6929000000000003
4841.641 52.9595 10.23999 1.2369434 2186.508 26.573128 16.708467963405916 23.914368693851287 0.3047140962911654 0.14421958043141153 0.03219148583329458 0.0018948557304442407 0.014228261012643025 0.0005721473890319713 0.0006848618789326747 0.00024625873265655593 0.0004925490985804347 0.0007476601961751876 0.00017290449714850139 0.00010021395269625984 794081169.1107576 2.8005
5388.2544 52.9595 11.153417 1.1987661 2154.762 28.202948 16.6675453647701 23.909617673105334 0.3169058883131988 0.1536814007365248 0.03392622280530567 9.249786282854167e-07 0.014997473898985222 0.0005312677008496226 0.0006360036072489315 0.00023714084361846585 0.00039406967981720376 0.0007476333638885176 0.0001656336917093358 9.306063960228736e-05 794081469.0375185 2.6629
5090.429 55.555553 11.465905 1.0536926 2176.5874 31.249998 16.930865659266164 23.118165851731344 0.15829267936230407 0.061516255239105665 0.022608524669224108 0.012249661225846826 0.004987409130321435 0.0010633536037285773 0.0008476602176445093 0.00035565552579432623 0.0012805630838774664 0.0004983660828330569 0.00018926492631821533 0.0001240533637900417 794081769.2938623 2.5603
4690.204 49.584633 11.61013 1.3514751 2037.6984 31.037413 16.798952656949297 24.739487902152252 0.47449500866420974 0.27627793084033925 0.01128626334316947 0.03678298424552734 0.009972737931379982 0.001594574930105117 0.00042384041616988835 0.00023716600681735647 0.0012805290539693256 0.00037372975558416094 0.00011833148530099167 6.20500845346527e-05 794082069.2206233 2.6531000000000002
5150.2827 64.38214 11.297642 1.2674851 2230.1587 27.210884 16.802297810717 28.66640606752494 0.552995498511008 0.18413810399817587 0.045122365235890166 0.036774658945190816 0.014958023428373244 0.0005317139171532768 0.000848140959506635 0.00047423937064497565 0.000985087845217551 0.00024915212905439005 0.00018932534809810512 0.00012408355557125516 794082369.147377 2.6567000000000003
5133.697 62.5649 13.989846 1.2025838 2075.3967 28.698978 16.801133551218044 35.52953204256826 0.7911515527507116 0.2765723141681065 0.02260813589884007 0.0613402381399191 0.012474067964135032 0.0005318297222206195 0.0008484465390962143 0.0005928002390922643 0.0009850723397126571 0.000498144130160154 0.00011836792069879653 0.00012409678410918142 794082669.074138 2.6824000000000003
5231.049 68.27622 12.547595 1.3514751 2152.7778 28.486395 17.0736789590083 41.08958388817991 0.5546479768428609 0.3388407471512914 0.02267479063659515 0.006147654739021725 0.017485452399328485 0.001064463619066863 0.0010611990279798796 0.00035581567452999826 0.000984919186238711 0.00024896754545350973 0.0002839832777763274 6.206061220700494e-05 794082969.3304818 2.6154
5111.342 56.767048 11.778393 1.4889133 2342.5925 29.761904 16.53715043915597 50.91395829830346 0.15164462210239174 0.3530306684321751 0.054117836352158034 0.02349645528236609 0.0214926322644239 nan 0.0006365162057174554 0.0005928472433525127 0.000689737635184786 7.583925116024349e-08 0.00015059814713538517 8.204600587898889e-05 794083269.2572428 2.6845999999999997
5172.637 54.25753 9.014076 1.1911306 2025.7936 29.974491 16.394613373564948 54.61499835755174 0.6818181657589822 0.29420419081864635 0.07575757601966979 0.04698144375867345 0.007165377320757083 nan 0.000424580010927411 0.000592847470670674 0.0014776239732007626 0.0003106350412182682 0.00016732801080977512 0.00010255312309037014 794083569.1839966 2.544
5102.6885 71.65109 12.932195 1.2445787 2044.9735 28.344671 16.52827739023568 63.79359335366325 0.6060791057415572 0.4118571177205602 0.03247810003790522 0.05872393295657088 0.004777501226476786 nan 0.0006372470337832556 0.0002372310059132282 0.0017730988377625087 0.0007247347191669032 0.00013387194874695744 0.0001025529741491978 794083869.1107575 2.546
4668.5703 69.05504 12.331256 1.7294301 1986.1111 28.911566 17.069596840160308 68.59198609010114 0.5303400387100504 0.38247979196990356 0.021650306895532444 0.05872680412544188 0.009551503773501018 nan 0.0014858061354507753 0.000592682597235543 0.0006900975729939032 0.00031085046856522194 0.0002342128115131045 0.00016405561771966256 794084169.0375185 2.7101
5324.0737 66.458984 12.403369 1.3743815 2269.8413 29.97449 17.60413805792335 72.66995400065817 0.6061160961276351 0.26482686410580586 0.032483384260820765 0.0234928708150259 4.373356267324026e-06 0.0010660552295654513 0.0019115992368654703 0.0002371798997958082 0.0016744457350937535 0.0005178820533838456 0.00020081345457596472 0.0001640695604612195 794084469.2938622 2.5738
5047.1616 71.39149 10.889005 1.4774601 1944.4445 27.42347 17.744681806010885 65.1266788131356 0.7575850400787942 0.3824654268100858 0.07575493389938902 0.029364835907173974 0.011941711650614797 0.003195205420869926 0.001274297215694724 0.00035571412112730125 0.0011820541972211915 0.0009318664015525828 0.00025097799125864694 0.00012306186367236054 794084769.2206233 2.6041000000000003
5003.173 66.978195 13.220645 1.3362043 2109.7883 28.202948 16.529576824846554 61.94542078059752 0.8333240470805473 0.3824654268100858 0.05411519423187727 0.04110732650823708 0.00716596030581674 0.0005325288582692868 0.00042504588542106034 0.00035571295612172503 0.0008866127043217157 0.0004142565267163728 0.00011714801120504801 0.00010255601802194361 794085069.147377 2.623
5118.553 66.978195 12.331257 1.1796775 2309.524 29.761906 17.0723057892456 70.1699894915781 0.7577422523647224 0.4706835668778281 0.06495884234275162 0.023503625938024922 0.014323756827046659 0.0005326381074948136 0.0012736842498237404 0.00035571032110803694 0.0011824686623369027 0.0005176684557187269 0.00023422668608485682 0.00010258374639118762 794085369.403728 2.5632
5076.7275 69.92039 12.98027 1.3132979 1917.9894 27.777779 16.798190864522493 76.0621581850905 0.9847744962770368 0.4118139937289128 0.09740259702084586 0.04110016157490997 0.004780416760196204 0.0005323533382382614 0.000850372427372581 0.000355663813562848 0.0016742885989911723 0.0004141960505827021 0.0001840809161548798 0.00014351822873127885 794085669.3304818 2.5533
5120.7163 79.69886 14.999423 1.6034452 1996.0317 28.486395 17.206704771848724 77.90731915665057 0.8333148578788987 0.2648196529542175 0.09738674363006276 0.02349072201468516 0.011940545433677004 nan 0.0016996949238254643 0.00023720585605681538 0.0008865165871556765 0.00041416852710808507 0.00021753157898943577 2.0551281996664996e-05 794085969.2572427 2.6452999999999998
4915.1953 76.8432 13.196608 1.3743815 2099.2063 28.911566 16.933087593412466 73.09809332668846 0.7575757344601437 0.41188587614321726 0.03246753187590577 0.02349072201468516 0.004776918186314492 nan 0.0012749596911661085 0.0004742961978038349 0.0005910663423895634 0.00031065064950955474 0.00021753346857165165 0.00018459931349839798 794086269.1839966 2.6067
5236.818 73.727936 13.9417715 1.2216724 2157.4075 23.951248 17.208285232238 78.70893944694416 1.0611887046802333 0.3531204524565236 0.043262298277603375 0.017633096427869827 0.014328713393918197 0.001065584799232386 0.0012755803495578112 0.00011877581145163387 0.0013785448925092247 0.00041446232482089906 0.0002510564724190612 0.00012306591711495844 794086569.4403474 2.6896
5083.9395 63.86293 13.052382 1.3629283 2067.4604 28.69898 16.80266704764426 74.32505328000713 1.7421006503509953 0.4415217557720494 0.010822510375874117 0.03523249583687012 0.01194083789038783 3.2532759877735955e-07 0.0010630698336698253 0.0003557869489215001 0.0006900512635901482 0.0007245322193421308 0.0003179124315888961 0.00012309159400597985 794086869.3671085 2.6176999999999997
4765.923 70.61267 13.989846 1.0995052 2071.4285 28.27381 17.20569578059534 70.9776301648703 1.212148963303647 0.7941574022115111 0.01082251037620718 0.029365552682939243 0.00955296153620085 0.0005330079230425359 0.001487869169630493 0.0004742449921456976 0.0014773373849110872 0.0002070969878434418 0.00028445335831064997 0.00016411059786833413 794087169.2938622 2.5036
