json/2023_195.ecsv
# %ECSV 1.0
# ---
# datatype:
# - {name: p1, datatype: float32}
# - {name: p3, datatype: float32}
# - {name: p5, datatype: float32}
# - {name: p7, datatype: float32}
# - {name: de1, datatype: float32}
# - {name: de4, datatype: float32}
# - {name: hrc_shield, datatype: float64}
# - {name: gp1, datatype: float64}
# - {name: gp2a, datatype: float64}
# - {name: gp2b, datatype: float64}
# - {name: gp3, datatype: float64}
# - {name: gp4, datatype: float64}
# - {name: gp5, datatype: float64}
# - {name: gp6, datatype: float64}
# - {name: gp7, datatype: float64}
# - {name: gp8a, datatype: float64}
# - {name: gp8b, datatype: float64}
# - {name: gp8c, datatype: float64}
# - {name: gp9, datatype: float64}
# - {name: gp10, datatype: float64}
# - {name: 2shldart, datatype: float64}
# - {name: times, datatype: float64}
# - {name: fi_rate, datatype: float64}
# schema: astropy-2.0
p1 p3 p5 p7 de1 de4 hrc_shield gp1 gp2a gp2b gp3 gp4 gp5 gp6 gp7 gp8a gp8b gp8c gp9 gp10 2shldart times fi_rate
[from data line 1526]
15801.314 7838.0063 2527.9797 477.002 20793.65 271.4711 20.331460918799323 119.1626548493187 31.295868792359983 13.324691402343788 13.312924408347179 10.497301539931618 0.8333342672255117 0.01268733008028106 0.0008451113520331289 0.00011855684750596449 0.0011822343459371477 0.0007235180381681858 0.00018389073995302114 0.0001639425410168459 2.988250494003296 806181370.0629041 2.6046
15028.268 7797.854 2486.8274 474.13107 20624.34 249.14966 21.618969758402223 119.73548486390243 34.01470870995951 12.386297733746384 13.73389722229245 11.457117023241807 0.752352913887374 0.015848513793930145 0.0016852940246369326 0.00011878585114688679 0.0012803480928774375 0.000310550357022733 0.00013386171432831114 0.00012302910525240998 2.988250494003296 806181669.330485 2.5992
14957.598 7655.2437 2493.3657 474.98627 20825.398 277.63605 21.60635641755412 120.30997345305079 33.10939173435116 13.006912836889791 14.007050688939918 10.471576998283897 0.7286665915335381 0.01637832778355035 0.0014752022168737949 0.0005921962919696803 0.0010832125938071895 0.00020757369366893098 0.00016738850208820796 8.213148687492361e-05 2.988250494003296 806181969.9164188 2.6505
15991.692 7800.623 2523.3645 477.91827 20746.033 250.21257 22.04813633646769 119.86639350688034 34.46969762336124 14.268903060742156 15.119047834583347 10.711768641876555 0.8049106690425232 0.01742995664160737 0.001685118263427397 0.00035566742458939906 0.0009849530898337166 0.0004141320174031215 0.00020076868165302638 0.0001230480677024016 2.988250494003296 806182269.1839998 2.5648000000000004
15458.06 7825.5454 2510.6729 473.64243 20783.068 269.41608 21.226639762255623 117.06808799485849 32.19785658926601 13.973433166361023 15.97499665319694 11.053726977575383 0.7691164505078886 0.015313098009926996 0.0012657874388366957 0.0003561286506152115 0.0011821376728079571 0.0003105989486718 0.00026743009915625697 0.00018441094353756818 2.988250494003296 806182569.7699407 2.6012
15628.245 7921.08 2507.2112 470.03848 20603.176 264.66837 21.5027533941237 113.67291251269312 32.65129559078018 13.327765601687014 16.471617844058454 11.73915225763085 0.7857948511304609 0.0137315493452244 0.002316132818515578 0.0005926567183832235 0.0012803802764111032 0.00031059866514859927 0.00013391078758118603 0.00010257895340424195 2.988250494003296 806182869.0375144 2.5169
16055.151 7941.848 2476.0586 458.12717 20253.969 278.34467 21.771793893273255 106.6588947213767 31.361971649921813 11.23881561060025 15.21405634750422 11.134696757894268 0.7928809676316021 0.017421075845199422 0.0012639097273321703 0.0008288391855820763 0.0006903345705137172 0.0006202861760932264 0.00026766732333953415 0.00012313621825984188 2.988250494003296 806183169.6234555 2.6271
15835.929 8058.1514 2491.058 453.36264 20317.46 249.99998 20.808908072987823 104.39018587453499 30.2456563469147 11.392741579677425 13.589723212129165 11.201851041982481 0.7335018320583313 0.013218155805642985 0.0014736330214751897 0.00011895979665789262 0.0012800996486015456 1.7693609210276683e-06 0.00025096111003208583 0.0001843613701754431 2.988250494003296 806183470.2093893 2.5631
16571.479 8265.836 2459.9053 453.54593 20206.35 256.16498 21.77987298134547 112.93806988368118 35.605320354105174 13.44513055028074 15.769530333337833 11.973965122425184 0.804796377064033 0.017425135417519354 0.001264534535213783 0.00023734280161320852 0.001181550342463777 0.000517564009655901 0.0002509290539729215 0.0001230064227476449 2.988250494003296 806183769.4769702 2.6386000000000003
16972.424 8099.6885 2402.9846 450.30847 20095.238 264.45578 21.181575088811577 106.78969908924134 34.84959487857372 13.445131479329566 16.92470964130869 11.534589132962449 0.6880476307715786 0.01320821002284673 0.0021046694629480744 0.0004738700613400984 0.0007885324095627495 0.0004142860907123423 0.00021754741507470907 8.209210401190616e-05 2.988250494003296 806184068.7445439 2.5514
16346.486 8095.5347 2437.9832 443.83362 20047.62 257.65305 19.830107728837504 103.22951700306888 33.55801820036081 12.386082251746867 14.827494130651418 10.847304757661103 0.6616112806389299 0.011618224599271091 0.000632328490467508 0.0005927751657586186 0.0017726796108437656 0.00020716894693689986 0.00015061023908692254 8.212224567974503e-05 2.988250494003296 806184369.330485 2.5292
15160.956 7825.5454 2390.6772 449.8809 21349.207 262.11734 20.50563833760994 98.9254120752024 28.26793231281586 12.562174170088358 16.16620985297878 11.796356025696264 0.6782897397256724 0.011616442712616524 0.0016825495419710494 0.000592774995644694 0.0012813902566404796 0.0004137255269210844 0.00021736749361084403 0.00026624148656527 2.988250494003296 806184668.5980659 nan
15290.758 8077.535 2470.6743 459.34885 21851.852 266.72336 21.62257002614997 108.45760999972745 34.393940113620324 13.915858229871583 17.370130865333916 11.42823603048322 0.7619184324452626 0.016371301165934445 0.0014742826126854878 0.0005927705046815443 0.0011819373640983887 0.00010353325345213786 0.00035134468118900686 8.203197432241687e-05 2.988250494003296 806184969.1839997 nan
18215.645 8851.505 2596.054 466.19022 21650.793 274.4473 21.73956852506169 122.25137659958645 40.89318307685676 18.230101865974788 21.49423443545986 12.570612142560092 0.7333268962550206 0.016897278909370234 0.0014742177423249362 0.0007110413600309975 0.000887181534269406 0.000826499612225921 0.00020113580144419445 0.0001843212074797509 2.988250494003296 806185268.4515806 nan
17532.018 8593.978 2537.2102 459.77643 20730.16 258.07822 19.919887017043692 109.24692374919017 36.59301622689456 16.358672821503703 20.444240483478875 12.391443782503668 0.8215867371644823 0.011620270171098774 0.0006321720723182162 0.0003558333342401594 0.0009849007927525911 0.00020736941823931352 0.00030110323907479744 0.00020506883471366368 2.988250494003296 806185569.0375144 nan
17520.48 8559.363 2560.6707 462.03653 20592.592 255.38548 21.747427990294764 118.50931994995271 37.27073145989616 18.88049657679471 21.19908004379147 11.940483454447186 0.7549489973213476 0.01319731720991358 0.0029415460285106385 0.000237454111580035 0.0010831571172856757 0.0004135245583746775 0.00018438081084712885 0.00010283959820988635 2.988250494003296 806185868.3050953 nan
19349.254 9769.471 2809.5073 483.78232 21682.54 264.2432 22.64062090710957 115.08619554811257 42.3435248906574 18.917299017431557 21.42834820580171 12.754664791770645 0.6736247711188866 0.020588808749233967 0.001475599576272368 0.00011866978072715283 0.0013786426258400957 0.00041413187479299546 0.0002341811832308215 0.00010253894823508854 2.988250494003296 806186168.8910292 nan
20275.182 9607.476 2755.2786 484.1488 21396.826 265.5187 21.21736236380487 119.96286061624832 39.63053701850243 19.239846887874922 21.04029233758289 12.931039944725713 0.744954303172868 0.01480661991495846 0.0014742028843773764 0.00047300397930179054 0.0018697225950909738 0.00031095287793566056 0.00015086222431887576 8.210188922090492e-05 2.988250494003296 806186468.1586101 nan
18495.441 9168.57 2654.5132 466.5567 19873.016 275.79364 20.39574300853877 111.32353067540501 36.9735793292072 19.857878080303315 21.773813732544724 12.304186222412268 0.716579687747808 0.013731792618824703 0.00063302990234463 0.0004742170782446019 0.0010845989062985921 0.00010383724104477633 0.00020069392264831755 0.0001434653305905316 2.988250494003296 806186768.7445439 2.6214
19401.178 9437.176 2672.2048 482.3163 20015.873 245.32312 21.055164770197802 113.96248864456973 36.21278604658358 20.33083055514932 20.368266315998046 11.780312453069145 0.7046129053095338 0.014783668070069183 0.0012633299417940083 0.0004741592709081795 0.0006894588341355294 0.00031069778142927526 0.00015058411190088872 6.156398846817115e-05 2.988250494003296 806187069.3304849 2.5698000000000003
17696.434 9096.572 2767.9702 495.87686 20285.713 233.41838 19.87563340015473 108.82223975292023 37.573095651789046 23.03090106316799 20.98364411681048 11.200336987610692 0.7403523111982249 0.011095252513799444 0.0008430959828923173 0.0003558927249701421 0.0006894681336967395 0.0005172565446244376 0.0001672734786991185 0.00014339420148176782 2.988250494003296 806187368.5980659 2.5699
18022.383 9218.415 2762.9707 498.80887 20603.176 244.61452 19.435217013492135 104.58187014368809 41.43939166800543 22.741982713692433 20.8441559226998 10.870330967401111 0.6735454663500211 0.009503501134601607 0.0008421949928561867 0.0008298790129433048 0.0008864467415531329 0.0007247215305402293 0.00013384494938587367 8.203102204846795e-05 2.988250494003296 806187669.1839997 2.5481000000000003
20707.857 9956.387 2830.276 494.41083 21063.492 260.84183 21.237941296722862 107.55459392983227 38.80474703519703 24.833591258395042 21.89351810515399 11.650755355971507 0.7978106158405776 0.01530167728233628 0.001262890803310445 0.00047398382535180196 0.0014751152870319565 0.00031039778770786174 0.00018393795343289571 0.00010245877456828851 2.988250494003296 806187969.7699406 2.5566
21884.734 10139.148 2809.5073 491.11234 19888.889 244.68538 19.924297403349954 110.9422552664572 47.42002489207803 26.242324713921413 21.67759415164773 11.322688706001694 0.8311674170990093 0.010560810990833669 0.001052751685719453 0.000355723434693818 0.00029605887944576565 0.00020711798329387798 0.00013386966994476384 6.154307364064793e-05 2.988250494003296 806188269.0375144 2.5337
20704.973 9985.462 2829.891 489.27982 20603.174 254.25171 20.54042725324227 114.44211172032766 45.98484933376312 28.069147074095618 20.898505429020236 11.627476803425887 0.7428072214101331 0.011609565996175394 0.0016833196560596285 0.0003558360507013056 0.0011817890979483802 0.00020706584965417214 0.0001672809807742695 0.00014352545373495093 2.988250494003296 806188569.6234554 2.5829000000000004
21374.178 9943.925 2746.048 479.01776 20746.031 247.23639 19.340185365661146 119.21770510739523 45.98484933376312 29.477878670963193 21.06044792956101 11.334559786800337 0.740424617635002 0.008450076896432035 0.0010532946996475875 0.00047409581756114054 0.001083530163408872 0.00020706393587256717 0.00015059246495116926 0.00012306651880303695 2.988250494003296 806188868.8910291 2.5585
20162.686 9860.852 2709.1265 473.15375 20349.205 246.17348 21.75953918802055 117.35310474123587 44.93637739245861 26.481709037300547 21.320186347246715 11.223007634447125 0.7739120385058349 0.017944208780785658 0.0010528932806770533 0.00047421658913581225 0.0011819367869980307 0.00031059744345918465 0.00021744825885398306 0.00016402231532579027 2.988250494003296 806189169.4769702 2.5788
21195.338 9932.849 2724.5105 475.35275 20042.328 245.32312 20.589987720564267 117.84850330384478 57.33028633976041 29.88614527814522 21.158245704803587 11.545215702401052 0.8263298441486827 0.012676718786295345 0.0012627689484262165 0.00047421434930252645 0.001181928054483448 0.00031059803885790624 0.00016738001791427533 0.00012310584890180595 2.988250494003296 806189468.7445439 2.5857
20854.967 9914.85 2718.357 465.45718 20634.92 255.10205 21.679846446800678 127.86949261573753 55.684036700716895 34.92085930318707 20.756855903917074 11.880538353925422 0.8693104767260281 0.015834854583020384 0.0016837172777057798 0.0004740950473361949 0.0008865919332279735 0.0004141759501177542 0.00013386152914369065 0.00010252824531252793 2.988250494003296 806189769.3304849 2.5403000000000002
21036.691 9973.001 2780.6624 477.91827 21206.348 254.67686 20.11364363417144 128.33800080056378 60.21839338027921 32.514273467756766 19.2885889646224 12.097296598456685 0.6882307273184414 0.01214977235239804 0.0008438128906298717 0.0002375687458409427 0.001181358990810804 0.0005174590883978364 0.0001672403903255936 8.2070812556492e-05 2.988250494003296 806190068.5980659 2.5319
21154.955 10220.837 2805.2769 482.9271 20285.715 255.24376 20.81717271657742 131.29799067621343 59.92424115574721 35.65754741055014 21.64502069072806 11.909794993922622 0.7571415043541606 0.012141572369729412 0.0018947347358520168 0.0007113193299832698 0.0012804247261291575 0.00031059795471392323 0.00011711428277593491 4.101529076820934e-05 2.988250494003296 806190369.1839997 2.5292
19963.654 10197.3 2900.6577 497.5261 21396.824 256.8027 20.63112758471909 128.89435329795347 58.414269855457036 34.39137685350046 20.71073555575477 12.096344571541216 0.6640942396842558 0.013193901158793691 0.0012643082501784697 0.00047398316271514244 0.0014766381552331214 0.00020726300832658374 0.00011727766963505313 0.00014355399086119375 2.988250494003296 806190669.7699406 2.5072
20604.016 10159.917 2875.274 493.12808 21682.54 254.03911 20.660781935878976 127.29325285155362 61.05931273601244 33.83375431684406 18.896990698283975 11.393343545830133 0.7165120453271037 0.011613941131289452 0.0018943148342871032 0.0003557182073807341 0.0010836278207538735 0.0003105437341498297 0.0002007270958358521 0.00014355441614599486 2.988250494003296 806190969.0375143 2.5986000000000002
19983.846 9769.47 2822.9683 490.5015 21481.482 260.3458 21.293087973227802 127.09375399337696 52.132200948343936 33.92087902203958 19.717949494612824 11.639153821463394 0.659361628881006 0.01371548256313928 0.002103497726493478 0.0009475609972014429 0.0013786388675777871 0.0004141290331632901 0.00015060022189180308 0.00010256839942528119 2.988250494003296 806191269.6234554 2.5514
20950.154 10205.607 2862.5823 493.12808 20650.793 261.0544 19.214852710642592 126.76714659485154 59.61810390432788 33.33142446074882 19.266546851393596 11.300963412890436 0.7598401587862541 0.007919062550746708 0.0010503115584617642 0.0003556591833681049 0.0011815956023875356 0.00041342120221176537 0.00016724817398711987 0.00012269588862075316 2.988250494003296 806191570.2093892 2.5578
20327.102 10068.536 2821.0454 488.5468 21031.746 261.69217 19.001053615363745 122.02044712550543 58.7349816382843 32.774775054459425 19.98870198227398 11.86293393183651 0.8502027641850899 0.008452231061153916 0.0004215882330861713 0.00035554377420892255 0.0010833430102021896 0.00020777020297657494 0.0001506236805394323 2.060773118186973e-05 2.988250494003296 806191869.4769701 2.5633999999999997
20428.06 9949.463 2808.3535 487.0808 21449.734 257.08615 21.21572300210191 132.18110915561732 82.06882919714846 33.220824684190355 19.503621435114688 11.987206876090925 0.7595159446889201 0.015825125948633268 0.0010530587045626452 0.00023953532744479708 0.000983497001922079 0.0009299721449548049 0.00020047343727411525 0.00012286570640385387 2.988250494003296 806192170.0629039 2.5715
20015.576 9649.014 2763.3552 489.09656 20777.777 253.61394 20.547178040049648 129.34243017422241 64.24442010315887 34.98037171830261 19.999629642075927 12.350091463709564 0.7547565682102889 0.012665987261930656 0.001262587032003767 0.0010666361601120796 0.0004924673372708222 0.00031059801025578806 0.0001003997411643299 6.155256819582169e-05 2.988250494003296 806192469.3304849 2.5816000000000003
19678.088 9507.788 2720.6646 476.81876 20111.111 257.86566 19.4863520951394 141.56154685275135 68.35035099155192 33.95116329193115 19.24644066511477 12.032290083441751 0.7616793544390855 0.010034865208671872 0.0006335121060391828 0.0003565297659885484 0.0004936717457503903 0.00031034308709738235 0.0001337214739293271 0.00012314577147997603 2.988250494003296 806192769.9164187 2.5378000000000003
19880.004 9520.249 2710.665 477.91827 20603.174 264.45578 20.630672843285996 142.02181994841672 75.3030255326117 33.95116329193115 20.887445655830668 11.692506261711305 0.6639916102095772 0.012667422193215329 0.0014734184774429786 0.0007113228542752374 0.0009849362633206982 0.00020706319519916763 8.365243083991677e-05 0.00016406062279958962 2.988250494003296 806193069.1839995 2.6620999999999997
