json/2023_113.ecsv
# %ECSV 1.0
# ---
# datatype:
# - {name: p1, datatype: float32}
# - {name: p3, datatype: float32}
# - {name: p5, datatype: float32}
# - {name: p7, datatype: float32}
# - {name: de1, datatype: float32}
# - {name: de4, datatype: float32}
# - {name: hrc_shield, datatype: float64}
# - {name: gp1, datatype: float64}
# - {name: gp2a, datatype: float64}
# - {name: gp2b, datatype: float64}
# - {name: gp3, datatype: float64}
# - {name: gp4, datatype: float64}
# - {name: gp5, datatype: float64}
# - {name: gp6, datatype: float64}
# - {name: gp7, datatype: float64}
# - {name: gp8a, datatype: float64}
# - {name: gp8b, datatype: float64}
# - {name: gp8c, datatype: float64}
# - {name: gp9, datatype: float64}
# - {name: gp10, datatype: float64}
# - {name: times, datatype: float64}
# - {name: fi_rate, datatype: float64}
# meta: !!omap
# - comments: [idx = 575]
# - __serialized_columns__:
#     times:
#       __class__: cxotime.cxotime.CxoTime
#       format: secs
#       in_subfmt: '*'
#       out_subfmt: '*'
#       precision: 3
#       scale: utc
#       value: !astropy.table.SerializedColumn {name: times}
# schema: astropy-2.0
p1 p3 p5 p7 de1 de4 hrc_shield gp1 gp2a gp2b gp3 gp4 gp5 gp6 gp7 gp8a gp8b gp8c gp9 gp10 times fi_rate
[from data line 782]
15498.78 3759.0022 608.0816 42.936283 4103.894 22.76276 16.926436703061476 138.01436128622174 22.200340408159715 6.474310068068293 0.621173763309413 0.09799312104683347 0.00996287235872532 nan 0.0012599188039533558 0.0002370963593000089 0.0009848934038525481 0.001007974332532701 0.00021109116206667264 9.260815393608735e-05 798738369.1840005 nan
14830.79 3633.9429 604.4146 49.019608 4072.682 27.74794 16.92798933401391 153.0474368618437 24.120759615764232 7.428694274824593 0.40840937639818675 0.11690242043739625 0.012518053061191532 nan 0.0012601162297763754 0.000711175758157371 0.000787966146389992 0.0005042467778022023 4.693980919809847e-05 3.08810829178857e-05 798738669.1107543 nan
13168.428 3383.1775 576.86633 47.20472 3936.7864 26.927437 16.661270322818602 96.1171020486845 16.209123896601906 5.189428775280966 0.48561412291570705 0.06133488361348338 0.012455933485164165 0.0005263439402487151 0.0006303162988791887 0.00023732968941804348 0.0009848058605416044 0.0007560500936747028 9.377782092147616e-05 0.0001234194730535936 798738969.0375153 nan
13409.174 3419.6023 589.08234 40.29845 3435.6726 23.216524 17.32306256117508 93.49070217819467 14.397247603317961 5.0379246217630165 0.35040973835916756 0.0674615300700846 0.004992513954489517 0.0005266600873610041 0.0016793031933156019 0.00047402085526771734 0.001083315114764596 0.0011336451738143515 0.0002578879746471915 9.042710942392643e-08 798739268.9642762 nan
14057.521 3617.8606 621.3445 44.179905 3606.934 20.60956 16.262396446654435 97.43981528026139 15.562973968722599 4.510778170274897 0.27098150042695696 0.04288435257490566 0.01244297018112231 5.143188358414791e-07 0.0002114448763720538 0.0005926267108527731 0.0007882051800836938 0.00012692071813646152 0.00021121125857661828 0.00012337997740282836 798739568.89103 nan
14640.362 3612.969 612.8465 45.16431 3457.5637 19.258629 16.7898180720664 94.91798514893394 14.476778849384283 3.71774405665803 0.2824680523571034 0.024555422279800135 0.004994711020392626 nan 0.0010490703841302233 0.0004743404394295963 0.0006895505161430625 0.00012591863940414165 0.00030493912256419886 0.00018518834981184266 798739868.817791 nan
13790.815 3458.1038 573.66876 44.714977 3617.168 17.420784 16.529660101806666 96.26702048385675 13.435505422594773 3.805866386572536 0.3386215904115298 0.05508330918024021 0.014932168913157302 0.0005259046016524882 0.0004209819624389836 0.0005925698492434537 0.0009844652490947495 0.0005030316610178982 0.00021135723751538671 0.00015444347816484443 798740168.7445447 nan
13143.3545 3207.844 536.59174 46.502846 4094.8203 27.535357 16.656770318820584 93.81656715360208 13.564514980959789 3.4923667538140815 0.14679034899595197 0.04891268970538576 0.004988243774414038 0.0005266062489542862 0.0006296941473402408 0.000237705472181299 0.0005916130727917355 0.0007548237956018852 0.00030497244709135356 9.275016200008823e-05 798740468.6713057 nan
11803.575 2904.6619 495.0399 36.85366 3408.5056 21.115953 16.658386221264482 87.39959215042064 13.165654299173697 3.5210434645673563 0.1576651856348365 0.030559523139429855 0.007457220982646344 0.0005266601328656464 0.000630045637744886 0.00035558461649828747 0.0011818733589574499 0.0003775179026697372 0.00018779718206354864 0.0001235493720058491 798740769.2572395 nan
12388.725 2956.4128 492.4256 35.151276 3097.0134 18.55084 16.658404270085665 92.54643319861576 10.73108893027567 3.7999623442972057 0.13526182756085395 0.0428170351078536 0.007465345329961975 0.000526669338414266 0.0006300632542351512 0.00011854869124077437 0.001181876085366544 0.0003773267567061918 0.00011743063081435989 0.00015446009617066977 798741069.1840005 nan
13106.799 3178.5525 520.46204 40.828724 3670.8682 24.82243 16.257295979760464 85.15127297955907 11.610018579610259 3.0366707602020675 0.24818237510618596 0.024498517432848945 0.004980553696117565 1.2858766004091894e-07 0.00021013031680377684 0.00035558850432853596 0.00029568785549099737 0.000502874207756038 0.0002818760268281648 9.270605598374714e-05 798741369.1107543 nan
14065.806 3186.9602 495.48636 35.806747 3356.029 19.550365 16.52358580001084 87.4258409603679 11.29697292985632 3.466493627454963 0.056535412196352414 0.04286336588431429 0.004981604079021403 0.0005264155845907514 0.00041996555985501175 0.0004741380146336715 0.0010830042252823729 0.00037716038537317725 0.00011756440246428205 9.269853848066685e-05 798741669.0375152 nan
13663.897 3217.03 523.826 39.410393 3666.6667 22.321428 16.65851024602905 89.26959879730025 11.060217586983232 2.945537126956001 0.2030373912594448 0.03674852550789219 0.007469204117308534 3.857418294995118e-07 0.0008398852628540859 0.0002372721859386191 0.001083393041612128 0.0006282942332312528 0.00016444834809970657 0.0001235773136959506 798741968.9642762 nan
13230.112 3187.1023 501.7965 34.806507 3272.974 20.743824 16.528005920863222 87.51768640689477 10.01812480809561 2.2983182442310133 0.12400733311842897 0.07946412062192415 0.012425859099966512 0.0005261559200292155 0.0004204814371178611 0.00047396353546506984 0.0007882062079281908 0.00025176378030633014 0.00021142755899094555 1.2070361279323824e-07 798742268.89103 nan
13282.182 3200.2202 518.8213 36.883938 3464.6338 21.70605 16.532053993040957 78.77363330465977 9.225106196530037 2.051683220268684 0.19135833737587504 0.03672311863803909 0.019876019814480502 0.0005266967622182178 0.0004200871135813086 0.00035579252372886416 0.00019770275784112851 0.0003769750899635095 0.00023492769462196464 9.258290856097938e-05 798742568.8177909 nan
13008.006 3207.7642 508.98187 37.251907 3200.6057 20.889277 16.924951765886636 86.12546632506488 11.358246981915803 2.5425537899207304 0.2028161601533896 0.04282089544229194 0.007455110049161899 nan 0.0012597862916830175 0.000829409408928826 0.0011816686601149316 0.0005026116250971499 0.00018802944096814566 0.00015445336384228598 798742869.4037248 nan
13532.542 3400.9639 569.77094 41.5724 3158.1038 24.178751 16.52273237455403 85.51194988396614 11.049769319872052 2.9119793377343326 0.20298849238302266 0.079523199454413 0.0024936459730674457 2.571869092154078e-07 0.000630419044002057 0.00023710070600617853 0.0008865579923947924 0.0002515374861275263 0.0002584994821394304 9.269070392502256e-05 798743169.3304857 nan
14360.024 3586.9568 594.6862 46.016327 3727.5132 25.935375 17.06115131522306 90.34351090510026 9.477954770715057 2.637885765064657 0.21441036316370377 0.04289225972759574 0.012450575883447002 0.000526842681468009 0.0012600693076083465 0.00023709853324767064 0.0011819617484673018 0.0006281545933688729 0.00025851542252844486 6.180283118833679e-05 798743469.2572395 nan
14373.041 3441.6484 573.2102 44.403976 3497.076 22.23192 16.661156694400713 100.86297989159188 9.80764161900759 2.395789837907957 0.27114007383815275 0.11648249343852086 0.012469035937112816 0.0010535057981541814 0.0004201174318739113 0.00023710033772693457 0.0014773572728435408 0.00037685916239323406 9.403326836715752e-05 3.0907781296976735e-05 798743769.1840004 nan
14627.1 3643.2087 576.42017 41.72716 2975.355 25.017902 17.327758136916014 103.10710556898029 10.691428813367388 2.767538213503276 0.22620795037367714 0.09207082097286451 0.012478458729760169 0.0010534737462926723 0.001470243254451546 0.0003556178212332867 0.001378896341128228 0.0002512220596974673 0.00016456567700706237 9.271634027084047e-05 798744069.1107614 nan
13787.78 3394.8372 535.3944 37.690605 2895.7966 20.943562 16.6568250373896 102.27142684330127 10.955357911626988 3.0835445620486763 0.4193726466370597 0.09235514162657832 0.002512066874308808 9.003549699547829e-07 0.0008413876300954824 0.0003562599562692105 0.0011812223507973259 0.00025196792138331526 0.00016454552765085383 9.25855614315123e-05 798744369.6966952 nan
15019.171 3652.6345 577.3299 37.172905 3217.314 17.219387 17.19178851258964 103.50506025765453 10.3104640977786 3.1099803269064425 0.2833359974670124 0.11062980603840215 0.007491622344053696 0.0005268362655010581 0.0014702331071151074 0.0007111250952976216 0.0007879246573528408 0.0007527918891766273 0.0001177247985498488 2.2643594849325256e-07 798744669.6234561 nan
16104.188 3960.5398 593.91943 42.50275 2992.0635 18.707483 17.057218745858567 91.33366856299628 9.418963026553905 2.3985014444048423 0.3505437368299279 0.09813718007629656 0.00500588616859164 0.0005267432252041752 0.001260464935259939 0.0005923149317857025 0.0007875702131382895 0.0003769313035310389 0.00021164776206100802 0.00015446601836490494 798744969.55021 nan
15870.543 3814.4685 572.47797 44.74375 3067.4604 20.975056 17.062522121940543 84.92646531577773 7.444181115830161 2.705823002186745 0.31675533435292247 0.055282247352766885 0.014967956247995653 0.0005267811498677027 0.0012600380750941828 0.00023721403533267114 0.0004927432109042844 0.0006275293216163495 0.00018810612293515796 6.186960499394197e-05 798745269.4769709 nan
16329.18 3840.083 572.5741 40.475536 3230.1587 21.258503 16.788939788394845 94.14267181460005 8.158935696940025 2.306289918547241 0.31677860764951105 0.09208620992169111 0.0025122871598222568 0.0005267807279554123 0.0008400147564619468 0.0003557352957648837 0.0007880727282105398 0.0006274799729621047 9.411538237099827e-05 9.276791439186622e-05 798745569.4037247 nan
15643.777 3683.4146 547.1165 34.175995 2753.1328 23.216524 16.53218054586677 83.26914672178687 8.292709966591708 1.7486134468527164 0.37228187109315125 0.11629502633261837 0.01991704268549484 0.000526490238907015 0.0004203326516199771 0.0004743153096353378 0.0009847164995623885 0.0007523624549330099 9.425487590982415e-05 9.273493712210672e-05 798745869.3304857 nan
16287.539 3745.0276 549.38715 33.14198 2698.9 20.77366 16.657273139518708 79.02056993810065 7.729394386217955 2.1748663246282836 0.34930214065610493 0.04280943678680992 0.004976137790465988 nan 0.000840283905189092 0.0007112392214159765 0.0005909227526587905 0.0002507781145041759 0.00032953455807189244 3.7760092129840084e-08 798746169.2572395 nan
14211.672 3407.347 536.8497 34.03348 2660.3274 20.205452 16.793290480493276 62.860652798975806 7.636055347390543 1.773202093280435 0.24741885149260387 0.06105037027002687 0.00992178683213426 nan 0.001050204901321703 0.0004741980033892235 0.0004924563664032991 0.00025071904079343655 0.0001412725509908376 0.00015467112731386406 798746469.1840004 nan
13880.457 3296.3494 514.455 35.81732 3010.1296 17.409595 17.055706871360954 58.33284107087691 5.192960675544828 1.7416102655473136 0.35962082904667375 0.05489095358718068 0.0024822137996135373 nan 0.0014701455493373089 0.00035567703907344326 0.0012801864422820638 0.0007520223731477737 0.00014127546350484885 3.0964456663983426e-05 798746769.1107614 nan
13793.552 3020.5999 459.28214 31.995483 3227.931 22.190895 16.52825054322631 58.056336324154046 4.244817450314046 1.6485876781531577 0.4042255386311194 0.08529590889199928 0.012389616506077148 nan 0.000630506285379316 0.0009481107827878732 0.0015756967281255194 0.00037633087711463783 0.0001647830584942431 9.276599304053055e-05 798747069.0375152 nan
13451.886 3046.729 456.61707 30.705973 3017.8572 23.809526 17.45608274050497 57.89555835186072 5.104510167960898 1.5860417046201818 0.37032169004355153 0.0730752694155632 0.004957622194322215 0.0010525382305102947 0.001679388459608684 0.0002376196841053069 0.0011821673583355392 0.0008772004391874174 0.00023539174981440357 0.00015462170552224812 798747368.9642761 nan
13793.7 3089.6504 446.04053 29.801172 3100.529 21.400227 16.530119736589743 53.5162170044552 5.1826012291653445 2.103775074517846 0.3366026125393795 0.03047845100822258 0.014846177650644807 0.0005271508155680274 0.00042128525069806753 0.00023709701391095553 0.0008866991339717982 0.00037657352264670256 0.00021192933939827714 6.195872436478382e-05 798747668.8910298 nan
13698.29 2909.8171 429.02936 26.459782 2901.7336 23.384354 17.056869437517136 55.35250437692655 5.075461461835289 1.4711359040579606 0.40028491519791404 0.09978968745163944 0.00477691810374381 nan 0.001469957704166345 0.0007109507547772805 0.0008865033655320277 0.0004140125245222375 0.00011717510899054306 0.00012302147560970073 798747969.4769709 nan
12980.2705 2900.1252 425.42743 24.492182 2591.8962 20.363407 16.92327590827252 53.94655682232004 4.772172517319486 1.588659455142149 0.24898116940995493 0.05287992789228674 0.004778667448215529 nan 0.0012595014496333669 0.00035573557685950286 0.0009846852969586557 0.00031050786220605353 0.00018404240917488176 0.00010251928205347958 798748269.4037247 nan
13271.6045 2908.2727 423.63754 28.56423 3453.7036 27.210884 16.391927269008576 50.42657409441178 4.01496645483353 1.5299191694126955 0.3355136641556354 0.08807012793362158 0.007163044657091104 nan 0.0004203505460153973 0.0004740219023922543 0.0006898170687664347 0.00020710753658786368 0.0002007593592201473 8.207825275842026e-05 798748569.3304856 nan
13192.28 2913.811 447.38663 28.151915 3021.8254 22.7466 16.788871719990098 48.987864879659746 3.6364931244196375 1.647457089304174 0.367930998058586 0.0469857415027055 0.0023878759547643147 nan 0.0010498735057747994 0.00011860706326555131 0.001477229093638315 0.000310560741885414 0.00020073865355010762 0.0001845672172201241 798748869.2572393 nan
13335.064 2920.0417 434.69482 29.57211 3238.0952 18.494898 16.25439949710931 46.49886488994313 4.166666883704337 1.2944984483302722 0.22727271431988483 0.06459948051016022 5.694530133895648e-12 nan 0.000210001361552994 0.00035564363557149484 0.0009849038634721062 0.00020705367376195049 0.00011710896797610086 0.00020506911356788402 798749169.1840004 nan
13598.22 2987.9382 445.8359 26.718407 2815.7896 22.623524 16.923454425817564 47.16830744881381 3.9394493917328735 1.3533248109597746 0.28137205204899085 0.04111449874797169 0.004775751919019513 nan 0.0012597852403610744 0.00047416698668091735 0.0010833652497846179 0.00020705598956577314 0.000217464497119535 0.00010255933278134841 798749469.1107613 nan
14489.088 3105.6794 460.48523 26.324694 2857.1428 19.24454 16.395993146480663 51.48928382782872 4.090835398000317 1.7356178510472013 0.3571058621561224 0.09980688552125228 0.014326089333163976 nan 0.0004204523843845258 0.0005926881759686323 0.0015756087227910649 0.0005174904955736852 0.00020076701682241157 0.00012303175887190592 798749769.037515 nan
19037.73 4181.7236 573.2952 33.420376 2886.9048 21.471088 16.523620180238087 64.25298437602908 4.999334058414323 2.0297934590443005 0.3246990982010391 0.09983556810233558 0.004783915458852567 nan 0.0006299047181953408 0.00035582410857557965 0.000985338724331763 0.0004141894543700013 0.00016732432250065045 0.00010254979670591772 798750068.9642761 nan
21595.322 4653.282 608.6551 35.659523 2990.2534 20.079962 17.457505066002376 112.62799344165323 9.919434349451679 2.9999345635222427 0.7247171491774939 0.08223472589338081 0.007163044664683812 0.0005262764237595201 0.0018893381642916519 0.00023721637949410704 0.0012801010373163582 0.00031068944732996783 0.0001338727507113152 0.00016399683332670104 798750368.8910298 nan
21443.406 4681.2046 614.2552 39.42184 3607.1428 25.085033 16.92188627751468 187.30378133753914 13.70749732033736 4.64641492977991 0.8007732834678434 0.17606571574238927 8.746758423952561e-06 6.430523312271749e-07 0.0012612535388787087 0.0007107265432722477 0.0007885361886033183 0.0004139911446848926 0.0002340991943695824 6.164675422078602e-05 798750668.8177907 nan
21547.248 4812.046 624.2068 37.554977 3154.762 20.19558 17.061052317326496 141.96719688485211 10.83755024264744 3.737729053292235 0.790059121694494 0.14686002152473274 0.011924801118543592 nan 0.0014702572023976574 0.0004745439399904975 0.0008862825707558695 0.0005174938502533166 0.00013398843889414247 0.00014343066038166184 798750968.7445446 nan
