json/2023_195.ecsv
# %ECSV 1.0
# ---
# datatype:
# - {name: p1, datatype: float32}
# - {name: p3, datatype: float32}
# - {name: p5, datatype: float32}
# - {name: p7, datatype: float32}
# - {name: de1, datatype: float32}
# - {name: de4, datatype: float32}
# - {name: hrc_shield, datatype: float64}
# - {name: gp1, datatype: float64}
# - {name: gp2a, datatype: float64}
# - {name: gp2b, datatype: float64}
# - {name: gp3, datatype: float64}
# - {name: gp4, datatype: float64}
# - {name: gp5, datatype: float64}
# - {name: gp6, datatype: float64}
# - {name: gp7, datatype: float64}
# - {name: gp8a, datatype: float64}
# - {name: gp8b, datatype: float64}
# - {name: gp8c, datatype: float64}
# - {name: gp9, datatype: float64}
# - {name: gp10, datatype: float64}
# - {name: 2shldart, datatype: float64}
# - {name: times, datatype: float64}
# - {name: fi_rate, datatype: float64}
# schema: astropy-2.0
p1 p3 p5 p7 de1 de4 hrc_shield gp1 gp2a gp2b gp3 gp4 gp5 gp6 gp7 gp8a gp8b gp8c gp9 gp10 2shldart times fi_rate
[from data line 285]
10744.779 1173.4164 73.410645 2.2219167 39216.93 108.5601 17.45226751007363 0.9772805138181637 0.22797160690360163 0.059018464421238925 nan 0.01766787647068712 2.340254263283586e-06 0.0005258558964194371 0.0018875560068926378 0.0003555737879474081 0.000984621812069566 0.0002522389538024055 0.00018760238835232915 0.00012345597761574478 2.988250494003296 805809069.3304832 nan
11197.646 1220.1454 75.862465 2.0157597 55079.363 129.03911 16.392213133493858 1.3387216256125931 0.22807676361994234 0.0590479798676083 nan 0.005916460543899884 0.0047835186691892895 1.0275611070438735e-06 0.00042248544200969556 0.00023732001472987418 0.0004933950028901835 0.0007551607550684353 0.00014078587386427745 9.265502993492384e-05 2.988250494003296 805809368.5980642 nan
10658.243 1200.0692 72.73758 2.1913748 48910.05 103.31633 16.925411642796007 1.122383635094673 0.3041328449718108 0.20669116829903345 nan 0.05304502305969963 0.009588240540672699 0.0005261110764807704 0.0010490439265822588 0.00023708761887065197 0.0012803209248413918 0.0003781246417090339 0.0001406812941696407 0.00015431542935091311 2.988250494003296 805809669.183998 nan
10258.74 1132.3988 74.059654 2.3249955 34873.016 100.97789 16.65796516906736 1.6654206398133549 0.6079485171352437 0.14766614478408263 0.03253126738034889 0.017707209273401924 0.007188740564718304 0.0005261102833387077 0.0006298376410430936 0.00047464202020761125 0.0006892132663216552 0.0003788776498917753 0.00025777122450205194 6.208775826277142e-05 2.988250494003296 805809969.769939 nan
10544.306 1129.2834 73.69908 2.221917 31968.256 93.75 16.78948719734521 1.4490710658143524 0.38045831222234094 0.14770480192501614 1.5915803773039472e-05 0.029481244627110083 0.004797764915563485 0.0005261098297015864 0.0008391332204069231 0.0007111489372390578 0.0005909667500592037 0.0007561461810177768 0.00018759448327858468 0.000246805278391499 2.988250494003296 805810269.0375128 nan
11059.189 1159.9169 75.622086 2.0004888 40190.477 105.15874 16.79108684897607 1.8839468448574448 0.30454884802481325 0.029801774861648096 0.02171897491204695 0.011786567867759576 0.007195591130046871 0.0005261090366692797 0.0008395435032176335 0.0005932413187763975 0.0011819820364425324 5.54282996895532e-07 0.00016430853859413292 6.180505870054015e-05 2.988250494003296 805810569.6234537 nan
10747.663 1210.2804 80.98246 2.0959318 44476.19 111.60714 16.92393922431876 1.9559455755670059 0.45624350816891013 0.20660695593855474 0.010878512704754428 0.0059022419352909574 0.007194424375343321 0.0005261110780363737 0.001048830865327283 0.0009480077842339012 0.0012802244155751313 0.00037802049536969054 0.00032792270774482886 0.0001233579895797065 2.988250494003296 805810868.8910346 nan
11214.953 1218.5876 77.95373 1.9012277 38126.984 99.70238 16.656768612902855 1.8118920632380464 0.4566653408807127 0.05912040991301813 0.02174698660642301 0.02357688926451245 0.004797063665407272 1.541345684619994e-06 0.0008390326523002166 0.00011877671988212448 0.0006899805309068587 0.00025227355981980826 0.000117281793933377 0.0002466492267386349 2.988250494003296 805811169.4769685 nan
10987.077 1196.6078 74.708664 2.1608331 45947.09 98.497734 16.922070618086963 2.462293495609232 0.6842641917895337 0.08859184983973106 0.032584018409723206 0.011811305801136185 0.004796858621423599 0.0015760272582688885 0.0006297361607432852 0.00035528684628417106 0.0012794547657362602 0.00025229669531354117 0.00023414685625725582 6.197649184740646e-05 9.253817379404177 805811468.7445494 nan
10782.277 1104.621 71.89627 2.0730255 45396.824 93.537415 16.656632453199002 2.426328099293898 0.6844892549121312 0.11813203429877761 2.1221918045577146e-05 0.023584307416333793 0.004802158135680442 0.0005261127830891349 0.0006298372976457187 0.00023726184956539108 0.000984814053198152 0.0002523973839910001 0.000210828508798585 0.00012337296808354368 8.964720726013184 805811769.3304832 nan
10518.345 1076.8431 66.63205 1.7065238 47777.777 99.06463 17.194746177487676 1.7759997131292087 0.6086018160291895 0.08867225827826822 0.04337795373763709 0.02358474835162629 0.01676321792674196 0.0005261081900131714 0.0014670237178440585 0.0005920277055893149 0.0008865713337985704 0.0003783119684546991 0.000140696392450759 6.18180312531646e-05 9.960799217224121 805812068.5980642 nan
10277.489 997.75006 61.728394 1.4812778 38412.7 86.734695 17.058322118803485 1.2316741085973937 0.38038409701945397 0.23634763683978735 2.9359988745758514e-10 0.011794374665962082 0.009594001361094956 0.001578337553096078 0.0008392363539997047 0.0003556325241433695 0.00157578369442445 0.0002524195687664232 0.00028107959242906517 3.0846774232387534e-05 8.964720726013184 805812369.183998 nan
9665.974 946.26166 59.70924 1.7065237 23111.111 67.176865 16.92663100405164 1.5936047870320342 0.3043295435533717 0.08887044452398407 0.021716486992366987 0.03536389890317373 0.011984867821942642 nan 0.0012584455920659765 0.0005922549171441121 0.0007876969393161447 0.00025269101227219496 9.37772461920641e-05 9.247572699826477e-05 8.964720726013184 805812669.769939 nan
9142.437 886.8121 53.57967 1.2942092 21837.3 61.011906 16.79109917319751 1.3407784336603041 0.3043666184080112 0.2067883406961027 0.01087542533588957 0.023597546352439838 0.007199594087262336 nan 0.0010491483116463127 0.0003557454484980684 0.0006894532583248358 0.00037852745468223026 0.00014052750017053088 6.171031969907418e-05 8.964720726013184 805812969.0375127 nan
8898.695 882.4853 49.08465 1.3285688 16611.111 55.69728 16.659304455295963 1.5583662128513787 0.22807426262932368 0.11811657154210148 0.021757390686742276 0.02365639907201247 0.009599636804913731 0.001052223535968915 0.0004202353479653489 0.00023691559016032166 0.0012801773463230787 0.0003783378271772534 0.00018739235949983592 0.00012344490669139078 9.05476692051552 805813269.6234537 nan
8923.936 851.7653 50.046154 1.0536926 17793.65 51.02041 16.927537318197192 1.6654519015894795 0.07662722632116416 0.05901404211236317 0.03251153597492425 0.06480589305293143 0.012007314432571903 0.0010522314781158523 0.0008406704166909284 0.00011895036424249098 0.0011804896915168154 0.00025273814692623395 0.00016361714386250968 0.00015404910446136514 8.964720726013184 805813570.2093875 nan
8934.752 843.9772 52.930656 1.2254902 20432.54 56.97279 17.19354823657257 1.1240264883936366 0.22861333118606253 0.029595224911025446 3.1867106466635514e-05 0.035401090435904156 0.014396131753748596 0.0010512026645035628 0.0012580347904812782 0.00023732010205105138 0.0007875054329453624 0.0003785500515713194 4.70259052068382e-05 9.262003811405044e-05 9.898581916110784 805813869.4769684 nan
8833.795 835.064 49.084652 1.3896524 23783.07 58.390022 16.393239878405268 1.3765408176527503 0.45595529952982383 0.05931094556154016 0.032600087032182604 0.029546688269925268 0.009645073385280981 1.5413541933817005e-06 0.0004196201913164666 0.00047487125858353477 0.0003953879820869604 0.0005045884916573306 0.0002108898510541797 0.00015399269477552117 8.964720726013184 805814170.0629095 nan
8965.04 862.14954 52.714317 1.2483965 22742.064 55.484695 16.533845670977072 0.9426910930056664 0.1523611829827337 0.11828582638888999 0.021748452800150718 0.041309883017628814 0.023994974163750873 0.0005258567486543898 0.00041961968105797134 0.0007112658406693858 0.0008863310642121112 0.0005045969449102648 0.00021083124399948495 6.17623715076261e-05 8.964720726013184 805814469.3304832 nan
10016.441 915.109 55.454597 1.2713029 23202.38 66.7517 16.388484293892812 0.8715340683665626 0.3040133804559615 0.11798499902104277 0.010903766665997057 0.023638528134370736 0.0024124377533995514 nan 0.0004191071083217354 0.0007115548113569525 0.0007881289569520006 0.0003788099721905839 0.00014063277659415977 0.000184727361453749 8.964720726013184 805814769.9164242 nan
9700.588 933.7141 55.286335 1.4431006 23050.264 59.09864 16.25830110837747 1.4141868993846947 0.07614546647929457 8.459598160870385e-10 0.02175659748394626 0.03541903416328532 0.0072023612685719095 nan 0.0002098098279020716 0.0008298135858855848 0.0008863810869346914 0.0005046493915942269 0.0001640091936139565 3.085087851158785e-05 8.964720726013184 805815069.1839979 nan
10046.7295 943.1464 57.329525 1.2025838 27857.143 57.823128 16.926646278383938 1.1613051318295526 0.3040156699084611 0.05920861552408025 0.054443483809113215 0.041327965441008266 0.012005722894063812 1.027564988247175e-06 0.0012580419457261511 0.00023709008914462557 0.0009840946396755283 0.0002526680160571164 0.00021071760619562548 3.114771514995525e-05 8.964720726013184 805815369.769939 nan
10267.394 978.1931 55.887276 1.3171155 28182.54 63.350338 16.79364895290836 1.5594498183445968 0.00014873867738529611 0.08872313938564044 0.07615878795565934 0.041332868351013935 0.012006615651918287 0.0005258550936831137 0.000839447271477543 0.00023708885581870238 0.0005911075540987409 0.0003787061285198345 0.00016394101291181042 0.0001849764067125925 8.964720726013184 805815669.0375127 nan
10268.835 1013.1533 58.891968 1.5652678 27759.26 63.633785 17.854679820094734 1.233387716582407 0.1527966097197014 0.11825007773512924 0.03267970998072999 0.07672440923581561 0.007212024450616969 0.0010514499031686285 0.0023057625957138748 0.00023743398472546003 0.001181550711568665 0.0007570124680742962 0.00014053893996973204 0.00012335446528120405 8.964720726013184 805815969.6234536 nan
10198.165 1001.8172 56.31995 1.3514751 27119.049 56.54762 16.79357058231015 1.268894721110847 0.4560081102769462 0.05906780180812819 0.054486039933022506 0.04736220789054868 0.011983957665829806 0.0005279118484349 0.0008385243892877458 0.00047377394607823895 0.0009862088701062543 0.0002522020023866096 0.00018742646024311367 0.0001234483132668473 9.796137195021219 805816270.2093875 nan
10224.125 1018.1723 59.781357 1.4087411 26325.396 64.200676 16.789552358984633 1.0521258977268182 0.15235276254090163 0.029610124480587745 0.07613512804598598 0.08261120986857745 0.004812648831991213 0.001051706452054216 0.0006298379915941389 0.0003562119191153578 0.00137890787787393 0.00012682535304710485 0.0002340142077342595 0.00015408103666495192 8.964720726013184 805816569.4769684 nan
10000.577 996.5386 60.76689 1.5118197 24857.143 63.77551 16.9279099736784 1.1968072552279765 0.15233969779149953 0.05912248066206016 0.032710002280544964 0.017809820571866114 0.014396590166412732 0.0005268842977568048 0.0010484403876784912 0.0009474855906858706 0.0014771505972343778 0.0006310066067290484 0.00018729922292546632 6.180099464854991e-05 8.964720726013184 805816868.7445493 nan
9605.399 949.1174 56.464176 1.3056624 21642.855 58.67347 17.188713713834773 0.9430217014320329 0.15230392885622257 1.4440428813321336e-05 0.04352450634928316 0.07084382078057445 0.004806585775447325 0.0015775743941337835 0.00104916376633568 0.0004741746987418825 0.0004925268513861129 0.00025270670081522367 0.00021065061037511135 0.00015413060863959875 8.964720726013184 805817169.3304831 nan
10033.748 939.51196 57.545864 1.5003666 22888.889 64.41326 16.927418920449746 0.9428395497925184 0.076293550681358 0.029516500873689216 0.04351860543746752 0.053163313553132155 0.011990891928170305 3.0826970489037948e-06 0.0012584534534189988 0.00047417676846129816 0.0006890226104300334 0.00025268294157042477 0.0002573622212763421 9.262032671442047e-05 8.964720726013184 805817468.5980641 nan
9345.795 915.8878 51.969154 1.2674851 18809.523 56.831066 16.78821772004165 0.7976742355291423 0.07614454079885172 0.05913792098681545 0.07614545006018666 0.023611210264912155 0.0024004990114304195 0.000526111985766408 0.0008392420370910579 0.00023708639843294312 0.0007878979879255329 0.00025265799763492014 7.021986326432545e-05 0.00012333782684207167 8.964720726013184 805817769.1839979 nan
8891.485 838.52545 48.026997 1.2713029 20238.096 55.059525 16.928959229508404 0.5081736739416816 0.00018589960652408422 0.059125077823881614 0.08697522745418693 0.029490559544761714 0.016764030857227497 0.0010509440633760495 0.0008392374977184057 0.0007101079503563942 0.0008861378153493386 0.00037854944565190215 0.00018701577918933785 3.1064990741352605e-05 8.964720726013184 805818068.4515787 nan
9211.665 846.8328 55.81516 1.2827561 19500.0 57.82313 16.390128157177788 0.5799086060752304 0.22824428008572875 0.05911829759959233 0.021780731073698087 0.023606571883942398 0.004805279291111375 0.0010522268220625355 4.097922660871965e-07 0.0004742955805424696 0.0011816892996688983 0.0002525208501674635 0.00023418185986120202 6.16736030792662e-05 8.964720726013184 805818369.0375127 nan
8705.434 847.17896 47.834698 1.1529534 22439.154 59.24036 16.5229368669749 0.5799925739324475 0.0006690112680101667 0.08861022132714205 0.03259351823127675 0.06478777770894412 0.004800068295728915 3.0826966015565574e-06 0.0006275859854570203 0.0002377830752517036 0.0009854419256616295 0.0008816142726390086 0.00011745979385254219 0.0002462293138189159 8.964720726013184 805818668.3050935 nan
8582.121 828.14124 47.161648 1.2025838 21412.697 63.350338 16.789296302354586 0.797167007023651 0.1520840588956937 0.029620574428510155 0.043482398815154755 0.05900881403478755 0.004799320146179059 0.000525595260963016 0.0008390361196126078 0.00023708923815869134 0.0012800327427511195 0.0005052309152612405 0.0001405107330016339 0.00015432013857697563 9.903212469877854 805818968.8910345 nan
8852.544 825.54517 48.555824 1.214037 21529.1 77.0975 16.52557273916673 0.5445647556973806 0.2281110279986238 0.02956453822377466 0.07600246245034256 0.04136481727746896 0.007190729790352077 1.7982261176950013e-06 0.000630146354292206 0.0003552286761334023 0.0009858790359104283 0.0006306075867252329 0.0002339136578162983 5.271530745907941e-07 8.964720726013184 805819268.1586083 nan
8986.674 830.9968 51.34418 1.1109585 23698.412 76.95578 16.66033446157075 0.5436628636343315 0.07632634824042245 0.05907530805377556 0.054398277528205974 0.03541215834630447 0.01199088613862694 nan 0.000838933727850146 0.0003556314176755643 0.0013782345284151782 0.00037894945360031525 0.00018747312127951566 0.00015401379266820724 9.059397488763299 805819568.7445493 nan
8913.119 889.9273 51.632626 1.3743815 21964.285 59.94898 16.930649870016772 0.43493284624053224 0.07607280998428337 0.05910984265608619 0.054364645887705766 0.03540903051112967 0.019190417789289125 0.0005263654750715729 0.0010487448931124693 0.0002372037838555572 0.0009844819768936412 0.0006309372857156425 0.00018742952446330945 0.00024668120596266674 8.964720726013184 805819869.3304831 nan
7538.6523 752.85565 45.238644 1.4278297 10007.937 49.461452 16.659447520067072 0.5433756373849422 0.00014865189731298745 0.059116004862889975 0.06520914637706728 0.05894906333136722 0.009616485954371935 0.0010512090072278947 0.0004208500596029395 0.0004737180497906457 0.0001985106360502737 0.0003791758788348667 0.0002808653346961895 6.205071595581237e-05 9.211660998859681 805820168.5980641 nan
8019.6436 746.6251 46.296295 1.3629283 10984.127 52.72109 16.927956620579433 0.5073396608032165 0.07609957483648812 0.059106700064215395 0.07610220919968964 0.04129491220664964 0.01439509011313213 0.0010522222737564448 0.0008392334477321411 0.0001185433856534009 0.001772754205928816 0.00012625921111533998 0.0001873320776321763 6.168308885894319e-05 8.964720726013184 805820469.1839979 nan
8039.114 764.5379 45.142494 1.2254902 11253.968 49.532314 17.05647572220695 0.5072659193510812 0.2280051979282119 0.02949537072410624 0.04363692265352537 0.0177434430136506 0.007183783707078408 0.0005261170387127257 0.0012576273896968287 0.0003553997753961142 0.0007873104648634359 0.00025259215358264774 0.0001873797536956863 0.00012341094062933255 9.524069621984525 805820769.7699388 nan
7840.083 795.95013 45.094418 1.2674851 13222.222 48.469387 16.653888323845713 0.4711486237215751 0.07618331252809546 1.4430525900943625e-05 0.11954926618501378 0.041284516812729835 3.514645664956864e-06 0.0005261119919997526 0.0006297373629863218 0.00023714864181774165 0.0004925753958600588 0.00025266935695020785 0.0002340349706972667 0.0001541559271699902 8.964720726013184 805821069.0375125 nan
