json/2023_113.ecsv
# %ECSV 1.0
# ---
# datatype:
# - {name: p1, datatype: float32}
# - {name: p3, datatype: float32}
# - {name: p5, datatype: float32}
# - {name: p7, datatype: float32}
# - {name: de1, datatype: float32}
# - {name: de4, datatype: float32}
# - {name: hrc_shield, datatype: float64}
# - {name: gp1, datatype: float64}
# - {name: gp2a, datatype: float64}
# - {name: gp2b, datatype: float64}
# - {name: gp3, datatype: float64}
# - {name: gp4, datatype: float64}
# - {name: gp5, datatype: float64}
# - {name: gp6, datatype: float64}
# - {name: gp7, datatype: float64}
# - {name: gp8a, datatype: float64}
# - {name: gp8b, datatype: float64}
# - {name: gp8c, datatype: float64}
# - {name: gp9, datatype: float64}
# - {name: gp10, datatype: float64}
# - {name: times, datatype: float64}
# - {name: fi_rate, datatype: float64}
# meta: !!omap
# - comments: [idx = 575]
# - __serialized_columns__:
#     times:
#       __class__: cxotime.cxotime.CxoTime
#       format: secs
#       in_subfmt: '*'
#       out_subfmt: '*'
#       precision: 3
#       scale: utc
#       value: !astropy.table.SerializedColumn {name: times}
# schema: astropy-2.0
p1 p3 p5 p7 de1 de4 hrc_shield gp1 gp2a gp2b gp3 gp4 gp5 gp6 gp7 gp8a gp8b gp8c gp9 gp10 times fi_rate
[from data line 1128]
9931.349 1339.5638 158.55159 10.19333 1899.4708 18.707483 17.325419939372246 15.783680112778717 4.467662406285448 0.941237904963807 0.09746864468934378 0.02934906274018774 0.009545089466147258 0.001579313172954302 0.0012596595827508107 0.0007108789796979908 0.0010837722667743307 0.00010403446414547261 0.000267663335621913 0.00010263558646409179 798842169.5502086 2.4394
9908.272 1329.1797 158.07085 10.239142 2015.8729 19.557823 16.52299367661403 12.912600770863516 2.8032523701729417 0.7654767416309854 0.15144117034239438 0.01764671541588373 0.0023907915371092787 0.0005272765301390637 0.00042096963179743353 0.00035565111322633663 0.0013783146328504683 0.0005174489181639993 0.00025082162029296996 0.00018450595246675204 798842469.4769695 2.7249000000000003
9784.239 1324.6798 148.64813 10.27732 2041.0052 17.71542 17.190158082849727 10.397842489342924 3.031967504350038 1.3244144120990664 0.07589231988558537 0.046977142812713736 0.00477691810374381 0.0010526996636977617 0.0012605624386463773 0.00035574089537961334 0.0007886582914973762 0.0003105858499829547 0.00011714719183959341 0.00012307317638442464 798842769.4037232 2.6264
11011.596 1390.9657 150.28267 9.700843 1676.5873 18.069727 17.057441048914807 14.293667047033882 5.302105593570991 2.0006890160039092 0.2597138268997852 0.041097290273581395 0.00477691810374381 2.572229223545836e-07 0.0014707557129676507 0.00047426453003159713 0.00177261527947865 0.00031059016609991173 0.00016729304135708299 0.00016401806857966805 798843069.3304843 2.6710000000000003
11327.449 1444.4445 148.33565 9.048012 1797.619 20.620749 17.323754610008127 15.957936470303478 3.408794977483834 2.2063158629494115 0.20563827006387103 0.017622341601124032 0.004779833821919436 0.0005267929663735148 0.0016805276198791257 0.0005928736595611702 0.001280369073812444 0.00031061376584160563 0.0001505772700447535 8.204918045114074e-05 798843369.2572452 2.7847000000000004
11301.488 1453.7903 147.10973 9.139638 1823.4127 19.557823 16.9303748795127 14.828394171165769 2.1969697015867995 1.323918815133378 0.24891772757635106 0.035236080230536614 0.016719213775141708 0.0005267630172057741 0.0010503279122337074 0.0010669493787057974 0.001181898597121559 0.00041411396941195677 0.00016730108137310093 0.00016405724038800367 798843669.183999 2.7291000000000003
10966.886 1385.2544 143.79254 8.918209 1761.9048 22.534014 16.521059765311463 12.645381862810519 3.7117512652372495 1.4121584720274898 0.18399854012069916 0.0587210692552385 4.081719725861771e-06 0.0005267368756165864 0.0004202382965456245 2.6047805715785285e-07 0.0011819006426328086 0.0005176226715081362 0.000200753677365794 0.00014355574206705062 798843969.11076 2.6581
10518.346 1344.2368 139.03311 8.93348 1555.5555 16.581633 16.657038627034822 12.681121912688749 2.121988782161008 1.2945559107130555 0.21643435402970507 0.02350792553882794 0.004774585593830139 2.571990858329237e-07 0.0008399893678753134 0.0009479413825773053 0.0005912395570730153 0.00031068811739782816 0.0001338740872624845 6.156152978470458e-05 798844269.0375137 2.6535
11214.953 1358.6016 133.60063 8.00959 1507.9365 17.71542 16.789005290676002 13.238684469740962 2.5754247630388276 1.6766836342149114 0.15156269759363056 0.017622341402768592 0.002390208402038154 nan 0.0010500818720135716 6.946284164846247e-07 0.001673565206697555 0.0003105880913428825 0.0002508656426277212 0.00018447551591834442 798844568.9642746 2.6074
11331.775 1336.9678 129.15369 7.6049113 1882.9365 24.234694 16.922345049318082 13.352974754347722 5.148999947997456 1.912097284759544 0.18395098040303134 0.005884150693460233 0.002388459051871905 nan 0.00126013835254922 0.0005921731655126315 0.0011823880377349904 0.0004140134371840738 0.00023423724433004221 0.00018456415917801638 798844868.8910284 nan
11764.451 1411.215 127.999886 6.791735 1601.1904 14.668367 16.922097545513395 14.580979020051963 3.3322974308882163 1.3831618890251174 0.12991241459677189 0.04695850018072053 0.0023861265666345315 0.001052948371292837 0.000840281738356634 0.0003559984272247308 0.0008868137389384336 0.0003106916657805967 0.0002174593952859933 0.0001435101570559072 798845169.4769695 nan
12120.6875 1409.4843 124.754814 6.8184595 1485.4497 19.841269 16.787763193353825 11.875386136381877 2.2724500052016627 1.7943006811058977 0.17312054793793719 0.023520830516626554 1.5743997410867214e-05 0.0005263944780527789 0.0008405119866266804 0.0007113027313543491 0.0012802496356370055 0.00041404186493932646 0.000184030838536881 0.00010246105698373569 798845469.4037232 nan
12443.752 1426.2721 118.55314 6.4710464 1357.1428 17.006804 16.93299266153885 9.523553512725632 1.8939024594180391 1.324033735313002 0.11908460144402012 0.06459375278079234 0.021492632298258017 nan 0.0012601007657321024 0.0007113014801885001 0.0010833505249779898 0.00031063605757207806 0.00018402262674741118 5.00658005083041e-08 798845769.3304842 nan
12313.949 1376.4279 118.12046 6.44814 1835.3175 18.494898 16.928924277506553 7.820396462677404 1.818551755564609 1.5591672591730537 0.19481312100845757 0.05285698807832669 0.014327837683894184 3.856995394873531e-07 0.0012598428653647176 0.0007112694114538731 0.0009849335927194765 0.0004140399589003739 0.0001673206946311993 0.00010254493990556512 798846069.2572452 nan
12149.533 1339.5638 114.61098 5.986195 1476.1906 17.290249 16.921836910217984 7.04532675722334 3.3333334086293522 1.0885554382648233 0.22727272869117993 0.06459948777211624 0.0023884590945808786 0.0015797610274495373 0.0006299998767437939 0.0005927490751365937 0.001083393953752187 0.00010352927515330145 0.0002509503641895885 0.0001435488739741473 798846369.183999 nan
11825.026 1349.948 116.6782 5.6464176 1503.9683 19.770409 16.791653089908152 8.300514788129545 3.257594172737132 2.3827377375389682 0.18399325586915277 0.02937200438558022 0.007164210948113298 3.856731743807039e-07 0.0010498984101470345 0.00047423046929389375 0.001575731571858283 0.00041403746358402156 0.00016732012493972322 8.204275866041375e-05 798846669.1107599 nan
11625.995 1269.4703 109.46694 5.486073 1795.635 19.132652 17.32584423232221 6.451071973685432 2.8789728846940474 1.9419629821504298 0.17316546506182687 0.01175396276941397 0.009552669952530785 nan 0.0018894808877959095 0.0004741970677929758 0.0015758533883358692 0.000621066214777954 0.000184022086601388 0.0002255067617187282 798846969.0375137 nan
11310.142 1241.2599 107.543945 5.848757 1334.6561 17.857143 16.92208502929548 7.444559512666952 2.273171090486885 1.118579261766069 0.20560392098656985 0.017613740708432187 0.002393707102370653 0.001578545027585114 0.0006308705540641751 0.0008295884007363557 0.0010837555490388587 0.00020736011630588888 0.00015059432497090456 0.00010262476752973237 798847268.9642746 nan
11349.082 1273.6241 110.4044 5.554792 1255.9524 19.982992 16.787691105434366 8.179392177948866 2.802512544521385 1.294325944990331 0.20562770077958703 0.058686658459626194 2.332502320964193e-06 1.5426928285234946e-06 0.001049498283714551 0.0005929790296973331 0.000689815312908823 0.000620763816564296 0.000150570073492726 0.00010253463501863638 798847568.8910284 nan
11366.39 1253.3749 106.65455 6.0243726 1345.2382 15.518707 17.32660017968463 9.393236589259699 2.1977095167522966 1.9703421985008616 0.18400910941358412 0.029399246025264874 0.011927716822260839 0.0005258563379771086 0.0016790935348802807 0.0007111544916585876 0.0007878025995231078 0.0006211699294100835 0.0001004406988041281 6.15711930152941e-05 798847868.8177894 nan
11321.681 1228.799 103.89023 5.6425996 1537.037 18.56576 17.194013401455585 9.908512880446747 2.7264958825699925 1.4423762275239111 0.1839826873037964 0.04109155899579946 0.011942294804612175 0.0010523047149109217 0.0012604878617991236 1.0419340024846397e-06 0.0011813145636299107 0.0004144169314666637 0.00016720163343888906 6.152124126801571e-05 798848168.7445503 nan
11171.686 1222.7415 111.41399 6.1503572 1404.762 20.620749 16.523307820476013 11.124510502068656 2.802900722449072 1.7353018117044496 0.12996260214230637 0.05283405141807236 0.0024047864268764204 0.0005274313514461595 0.0004213905218479097 0.00035503961893478724 0.000788596627282516 0.000414114224557559 0.00018400164937682978 0.00014340895956007387 798848468.6713041 nan
11595.708 1274.6625 103.842155 5.5089793 1335.3174 20.833334 17.320641858024523 10.831487967230249 2.954157010128128 1.5005489721624454 0.07575757626909763 0.03523608029354364 2.9157132081306103e-06 0.0005264033958475578 0.0016799827430965804 0.00023718594768311972 0.0007879985491488601 0.0005176157359309394 0.00015055313831742207 0.0001640250827601969 798848769.2572451 nan
10664.013 1161.6476 98.79428 5.0317636 1423.2804 18.707483 17.593866858755895 11.745408174106561 1.363636349429461 1.9417477290196186 0.07575757626909763 0.03523608029354364 0.011942294761903201 1.8830249859380643e-12 0.0023096038126128628 0.0005927500397788423 0.0010833954309766055 0.00041411132693346673 8.364931171685457e-05 4.101402639327469e-05 798849069.183999 nan
10505.364 1126.1682 93.96273 4.707257 1317.4603 14.880953 16.389269654042494 12.67917469675664 2.499722752051179 1.912334316614516 0.21641585968096236 0.04110732662236109 0.0023907914667657213 nan 0.0004203633626973396 0.000592739584415121 0.0007879912133242497 0.0009316188334727166 0.00011710063583611266 4.101383060169668e-05 798849369.1107599 nan
10133.264 1064.6417 86.24668 4.833242 1367.0635 22.321428 16.653736016830646 13.114912019103679 2.2728381754296154 1.2948000102381865 0.17318130402199633 0.017629510383676723 1.1662559059239831e-06 0.0010523310722753416 0.00041986673995932344 2.8942762802630206e-07 0.0007879185661974243 0.000724793926054421 0.00013382899354135247 0.00012300065377262242 798849669.0375136 nan
9951.54 1087.2274 90.38114 4.63472 1432.5397 21.258503 17.056225476676477 11.41022775418217 3.7110671591802284 1.4120939436979003 0.14071642559331712 0.029354799550283292 0.004773419403411312 7.711226454269055e-07 0.0014686391318216073 0.0004738434217953999 0.001279999479089652 0.000621240868558481 0.00018399115052873915 0.00022549901497621188 798849968.9642746 nan
10319.315 1162.513 94.39541 4.764523 1240.0793 17.219387 17.189629010715368 11.257623195514155 3.560754122953542 1.0594798468009192 0.22718817711928935 0.0293634020636091 0.00477691810374381 nan 0.001679098658221588 4.6308140463062085e-07 0.0004932195068120217 0.0005177346721777816 0.00013388687233176685 8.216694305014635e-05 798850268.8910284 nan
10349.602 1131.3602 96.99146 4.798882 1351.1906 20.195578 16.52169164333854 11.567317310456087 1.4419833323326716 1.3235955898495573 0.05432392891085672 0.0293634020636091 5.831195060755287e-06 nan 0.000631071209093702 0.00023680835381966882 0.0008859247982656631 0.0002074334522617668 0.0002508045662778295 6.154512998992697e-05 798850568.8177893 2.9433
