json/2023_058.ecsv
# %ECSV 1.0
# ---
# datatype:
# - {name: p1, datatype: float32}
# - {name: p3, datatype: float32}
# - {name: p5, datatype: float32}
# - {name: p7, datatype: float32}
# - {name: de1, datatype: float32}
# - {name: de4, datatype: float32}
# - {name: hrc_shield, datatype: float64}
# - {name: gp1, datatype: float64}
# - {name: gp2a, datatype: float64}
# - {name: gp2b, datatype: float64}
# - {name: gp3, datatype: float64}
# - {name: gp4, datatype: float64}
# - {name: gp5, datatype: float64}
# - {name: gp6, datatype: float64}
# - {name: gp7, datatype: float64}
# - {name: gp8a, datatype: float64}
# - {name: gp8b, datatype: float64}
# - {name: gp8c, datatype: float64}
# - {name: gp9, datatype: float64}
# - {name: gp10, datatype: float64}
# - {name: times, datatype: float64}
# - {name: fi_rate, datatype: float64}
# meta: !!omap
# - comments: [idx = 575]
# - __serialized_columns__:
#     times:
#       __class__: cxotime.cxotime.CxoTime
#       format: secs
#       in_subfmt: '*'
#       out_subfmt: '*'
#       precision: 3
#       scale: utc
#       value: !astropy.table.SerializedColumn {name: times}
# schema: astropy-2.0
p1 p3 p5 p7 de1 de4 hrc_shield gp1 gp2a gp2b gp3 gp4 gp5 gp6 gp7 gp8a gp8b gp8c gp9 gp10 times fi_rate
[from data line 1564]
5408.446 100.89996 15.5763235 1.4354651 1517.1958 25.36848 16.66322762129567 37.538712058967995 0.46634606850515387 0.18107909475494777 0.01113705393689401 0.04812770594879141 0.00980622488192977 nan 0.0008454138696875534 0.00011855866010029016 0.0005911604906718351 0.00037594526686689065 0.00016486936410391357 9.28430046057767e-05 794151369.4403465 2.6319
5103.409 93.45795 15.864775 1.340022 1420.635 25.72279 16.66747966885039 48.502083611273704 0.46764982280324713 0.15126658742133997 0.04450639220765082 0.006059964994408884 0.017189922002566867 nan 0.0008456148203398896 0.00011892085367126862 0.0007882906197136226 0.0002509903669120961 0.00018835264345645191 0.00012370617788565457 794151669.3671075 2.7763999999999998
5150.2827 102.63067 14.999423 1.1147761 1813.4921 26.077099 16.797819106530646 52.664074806701066 0.5460292827578074 0.24240355527643498 0.033459952301198546 0.024213018448233016 0.009839147345610741 1.940940742551502e-07 0.0010573344077981863 0.0007112671151487881 0.0012802737857111274 0.000626985741193834 0.00016482166613068658 6.188986225169339e-05 794151969.2938613 2.7129000000000003
5170.474 93.71755 17.523365 1.3171155 1515.8729 22.959185 17.331195048659403 42.565465279685675 0.311759396446452 0.06050036262369088 0.011133778761700495 0.06042199772055085 0.004915812457538769 0.0005299512944231244 0.001690870953983047 0.0004741940624430591 0.0006895451809128825 0.00062695565704245 0.00021189283267659403 0.00012374614308530298 794152269.2206222 2.5776
5237.5386 100.7269 17.956041 1.2598498 1565.4762 23.384356 16.660660231538383 41.34760394597226 0.23388831236767035 0.12107332751249436 0.022270912011134614 0.04833351250639845 0.004915492393567644 6.470427283159982e-08 0.0008456473033834777 0.00011860416973602777 0.0010834374876388547 0.0006267509570381899 0.0001413104015158501 0.00018562558478119588 794152569.1473761 2.6512000000000002
5238.26 98.650055 16.633976 1.4736423 1705.0264 25.935373 16.929926123831162 40.46986737033228 0.4674200696355564 0.15121311905816615 0.022263473096410746 0.01209648841921327 0.007365801607988767 0.000529823205223269 0.0010566326169108113 0.0007111343611139726 0.0008865534475532608 0.0003761093315837938 0.00011776767920096127 0.0001237811559061618 794152869.074137 2.6766
5274.3164 103.842155 14.783085 1.2025838 1496.0317 21.258505 17.197682760898974 32.454252257035414 0.31187692959844304 0.2115572125911429 0.022251266449921512 0.012075073269633274 0.007366295695638795 0.0005301624492278839 0.001478303743685095 4.341665525732768e-07 0.0008864876083550946 0.00012547846417657543 0.00021192953188087422 0.000123765867715993 794153169.0008979 2.6083
5086.102 99.948074 15.504211 1.3743815 1595.238 23.384354 16.528124454184475 23.44475950980056 0.4665629446746995 0.09069831309786602 0.03332093443028439 1.0318075515299355e-05 0.007355415828380048 4.530208000539304e-07 0.0006345571406862159 0.00023691525793856198 0.0010833171384852054 0.0005008360142141738 0.00030618544195896297 6.194297796716763e-05 794153468.9276518 2.6893000000000002
4920.9644 101.419174 16.48975 1.3285688 1551.5873 23.951248 17.203343702367036 24.405032350097766 0.31156250178470435 0.030228641281683555 1.9429979760537952e-10 0.030191145818885417 0.01719268398360728 0.0005297596317168085 0.0014787351463537877 0.00023711863110133222 0.0007879867780502427 0.0006263516605827535 0.0001884936580154998 0.0001547347497285201 794153769.1840026 2.7212
5507.9614 102.28452 17.595478 1.1682243 1912.6986 29.12415 16.396183573700156 19.119353938921478 0.4666714670204837 0.09066788671673248 0.022220548683832442 0.01809928356612859 0.012268183360966974 0.0005296517124197264 0.00021156304167867799 0.0007112296415789296 0.0007879855278003554 0.00025061360734397693 0.00018850144366252468 0.00018568003987141866 794154069.1107565 2.6214
5276.4795 100.20769 16.946463 1.2713028 1482.1428 22.7466 16.260655980394183 11.987837099012289 0.2331272473054569 0.030187311181272804 0.02218809308706829 0.02409089407628827 0.009797571133880446 2.5861583036657e-07 0.00021113280229617803 0.0004743494769915603 0.00039418181696199107 0.00025049173807394163 0.0002120748183541359 0.0002166314100159988 794154369.0375174 2.7315
5242.587 95.01558 15.239799 1.2216724 1444.4445 23.809523 16.93184215117047 20.282612306403994 0.23306393183337087 0.03018520681431847 0.011115616279146973 0.006033875343374462 0.012245716839144664 nan 0.0012664253603990206 0.00035576102524331515 0.0008861256424126287 0.000250504162954596 0.0001414377934523958 9.293676856010692e-05 794154668.9642712 2.7510000000000003
5412.7725 101.76531 16.730125 1.2713029 1896.8253 25.510202 16.929391861430684 18.82830986798008 1.8991919536349294e-05 0.06048353400490986 0.011129905205508607 0.006031504253048826 0.007361453037429292 0.0010591644676877796 0.0008449182451784969 0.00035572346197007716 0.0010834812648463424 0.000876893502385002 0.00016494573322336253 0.0001857053130572218 794154969.2206222 2.6394
5215.9053 130.58151 16.441675 1.3514751 1571.4286 26.360544 17.3357279108743 16.340133022990052 0.15555825400594786 0.12085343646549267 0.022222197670033868 0.012068989598062244 0.014718468479784601 0.0010593354109450172 0.0014784920362909053 0.0007113091633571776 0.0010834751272559894 0.001002417795397174 0.0002591121252275509 0.0003712982170610277 794155269.147376 2.7366
5081.054 104.1883 17.691628 1.3056624 1543.6508 24.234692 16.79978102296614 13.360338295020053 0.3884754084197707 0.12064074020905748 0.01110871021985457 0.024100049075398193 0.014702376432737899 3.879393797292987e-07 0.0010560683525422956 0.0004743198546662699 0.0007880968072038003 0.0005015429073760485 4.7180452937498995e-05 0.00012384921346216048 794155569.074137 2.8058
4906.542 103.842155 16.081112 0.91625434 1559.5238 24.659864 16.524827686676595 17.83074235957878 0.3114348918995584 0.09071804072562877 0.02224675356313755 0.04827364566324559 0.0024610025411399093 nan 0.0006338510472036253 0.0003557480554472382 0.0012801720055110853 0.0005014641075798963 0.00016476369792756197 0.00018558532115205798 794155869.0008979 2.6789
5384.6484 97.611626 16.081112 1.1796775 1825.3969 23.596941 17.46515915545601 20.696923619641183 0.15598076236102926 0.09071118008027787 0.02226500077104388 0.006067249005477823 0.007366298061684963 0.002117444549086726 0.0012673347771154214 0.0008295093629210656 0.0009852394592913545 0.00025100514603006624 0.00023537831817307232 0.0001546964398395037 794156168.9276516 2.6447000000000003
5376.7163 120.62998 15.816699 1.2674851 1417.9895 25.085035 16.657589603332585 25.92284039677761 6.809810874919275e-10 0.09085773437379673 0.011143311277129357 0.036276869544611824 1.5035172615020703e-10 0.000530051470460218 0.0006340018235561222 0.0003556759782990763 0.0005909915967769912 0.0005016164014870071 0.00025896926476393355 0.00012373467939130305 794156469.1840026 2.4922
4861.111 102.024925 12.980269 1.088052 1458.3334 29.124151 16.935202624926742 18.56279922603538 0.07787848257105076 0.03025761862789253 0.04454473992832822 0.024171326380446178 0.017194551360657426 0.0010595523014803108 0.0008452647871969431 0.0002371481546898618 0.0013787984870956213 0.0008779434359321636 0.00016479142160737376 0.0001237214807305672 794156769.1107564 2.6283999999999996
5280.8066 85.669785 12.259144 0.96206707 1805.5554 25.085033 16.796046275512545 25.008170136309495 3.8035424799715e-05 0.12121258052458646 0.01117213077861482 0.012110528212298334 0.0073831322241225215 0.0005303562054601781 0.0008454992682937838 0.00047412073642590243 0.0014774393509484611 0.00037668863720707944 0.00021176442232671134 0.00021643542220034213 794157069.0375174 nan
5052.2095 86.188995 14.422522 1.0689634 1597.8837 21.541948 16.530358621574152 16.608741085262967 0.15586130565752257 0.030292026549891566 0.011134844750490609 0.030238029690815044 0.012295131121502337 0.0005298770898891679 0.00042282034600389336 0.00023703464855274307 0.0013788361375729392 0.000627652178542386 0.00023521081518259213 3.093214843599889e-05 794157369.2938612 nan
5153.1675 103.32295 12.691819 1.1109585 1414.6825 18.920067 16.5307353338257 39.016619938192136 0.07830565473672639 0.12168748881698976 0.011196728471798846 0.0424672570567411 0.012348235745511027 0.000530331530472743 0.0004231860258332185 5.78928462367258e-08 0.0009849529684214768 0.0006277605653190559 0.00014113443778245103 6.184462671835648e-05 794157669.2206222 nan
5105.573 106.95742 15.359986 1.2025838 1456.3492 32.52551 16.528131929542834 44.11668638365888 0.4696960926227538 1.4857452350816591e-05 0.04473861974263354 0.054645131041261695 0.007408247938504095 6.47509084190272e-08 0.0006346771032488237 0.0004741864066338073 0.0005910486139895168 0.0003766778247409885 0.00018817047236978457 0.00012366943389034395 794157969.147376 nan
5378.1587 110.41883 15.816699 1.1453179 1714.2858 26.643991 17.201027521378517 50.17484092299814 0.15668203322495272 0.12157688324824224 0.011199025181751587 0.024279535744939035 0.009870759510457357 0.0005306579290390017 0.001481171618428838 0.0002372134484529634 0.0007879345843375809 0.00037670316368687014 0.00016464827768647542 0.0002163887978961443 794158269.0741369 nan
5337.054 134.4756 18.460827 1.2025838 1519.8412 25.72279 16.798454994621345 59.68811751627647 0.3924128655896701 0.18285300496116705 0.02241712306462752 0.03646597150487975 0.009898589875759768 0.0010615248652492881 0.0006354757302502823 0.00011856236184146538 0.0010834650015252617 0.00037682196866059705 9.412696607395011e-05 0.0001545485636051551 794158569.3304878 nan
5029.8545 129.2835 17.451252 1.1338648 1452.381 19.982992 17.070045967616235 85.96952955995643 0.1572950398466513 0.24410470852921715 0.0336756348265979 0.012182964980114399 0.01486621383381984 0.0005310498375624412 0.0012702796513793602 0.00011859158384511679 0.0009850140234024733 0.0005023598963479326 0.0002116374797442233 9.275188198668481e-05 794158869.2572416 nan
5362.294 117.51471 16.633976 1.0536926 1656.0847 28.486395 17.20284153891799 69.67499847910148 0.39231023401988924 0.06091367428982367 0.033616284781668324 0.018248751341417044 0.012363302587347164 0.00053117582865006 0.0014816296169217376 0.00023712243753762515 0.0009850037966683126 0.00037683741993596505 0.00018810796120735337 0.00012365026664411664 794159169.1840026 2.7318000000000002
5371.6685 101.76531 15.359986 1.2827561 1511.9047 24.659864 16.662668691184567 64.7913520748358 0.39235099853110456 0.18283849787815606 0.03362395176860995 0.048649414776889284 0.007422878784107013 0.000530582244101574 0.0006352597148301596 0.00047418686492003135 0.001280430229739608 0.0003769103322361764 0.00018807902076395302 9.273891085277228e-05 794159469.1107564 2.7367000000000004
5231.0483 96.054 14.134071 1.1453179 1519.8413 23.384356 16.52971104868756 65.10802476436332 0.4716872448266372 0.18300829541651129 0.022437614902859518 0.03046834856858713 0.009909337502635196 2.5907033891694065e-07 0.0006348864435281208 0.0005927481980462074 0.0008866948857386117 0.0006281833038853572 0.0002820363265388158 6.183098456995372e-05 794159769.0375173 2.6572000000000005
5068.074 89.996544 14.326372 1.030786 1805.5555 24.659864 16.66713776149018 79.63115660452888 0.2365367911291183 0.12253975674828613 0.03375961461580892 0.012218899411207112 0.014918236614299439 3.890337007129551e-07 0.0008469202414813345 0.00035568328489094447 0.0005911141845754745 0.0003770552052039589 0.0001645400231451379 0.00012358867308809012 794160069.2938612 2.5694
5122.88 85.15057 14.422522 0.9735202 1476.1904 31.675169 16.806843670922394 93.11336390242896 0.15796536011158172 0.3681396960765111 0.01127999971396368 0.030612415118228764 0.0249023292670246 0.001062212423805979 0.0006352139243629223 0.00035568649530900846 0.0008864581025440004 0.0003771200490749488 0.0002115059201527899 3.091585801101288e-05 794160369.2206221 2.6468000000000003
5086.1025 72.689514 12.547595 0.9391607 1478.1746 27.210884 16.66006190160529 91.4139587590094 0.31550426556450517 0.3373062170312754 0.022526195670831327 0.006109434530335304 0.002486519250607673 1.2969098647916052e-07 0.0008468162741025485 0.0003556860122579157 0.000492550167694438 0.0005028446094371263 0.00018799489998692844 0.00012359854796560173 794160669.147376 2.6642
4972.8857 75.977844 13.605246 0.9391607 1388.8889 24.51814 16.797381575589824 99.97155170787711 0.7114137614186087 0.24555451640684273 0.022467705387116736 0.055062664740782495 0.007470011716226647 0.0005318602261047075 0.0008469271982893303 0.0003559502492693952 0.0014772331971856646 0.00025155094251077886 0.00018801286306347983 0.00015448614860060568 794160969.4037269 2.6851
5304.6035 78.40083 10.6005535 1.019333 1793.6508 26.360544 16.934178314690374 75.30165609266523 0.3153573410896532 0.3670368493792788 5.51158358753232e-06 0.01834169064558648 0.012428203952980178 0.0010620183393371873 0.0008468630020211631 0.0007111457932556926 0.0010833693748855525 0.00037706288836679766 0.00023496110081855617 0.0001235907126652594 794161269.3304878 2.6139
5218.0684 80.99689 11.586093 0.8704416 1513.2275 21.54195 16.663024110218494 107.22963471556487 0.7119054708208402 0.24595956766844945 0.011284701096014527 0.05517511925374655 0.007489903340075679 0.0010629732803423887 0.0004236691290452497 0.00023718203068307962 0.0007879636362451712 0.00012573247790142412 0.000211468826094028 9.274303844692916e-05 794161569.2572416 2.673
4949.8096 68.01662 12.114919 1.2942092 1426.5874 23.596937 16.800230841837962 126.48002799196499 0.8701446905364624 0.3688823214232966 9.428656857005113e-11 0.03067290142541118 0.012472470168253043 0.0010624397601768263 0.0006356438699248115 0.00047424316661626295 0.0005910086453798513 0.00012570758970872035 0.0001880006702353087 0.0002472273463798113 794161869.1840025 3.0259
5179.128 81.25649 12.331257 1.2140371 1886.9048 25.935375 17.604872514304912 121.52652338087597 0.5535771429485701 0.5524488866401807 0.011289388867613478 0.006171913560349807 0.00998113704494043 0.0005307582372883874 0.002117226142574414 0.0005927126829666471 0.0008864315250923272 0.0005032928399603131 0.00030543688478452307 6.186487521614592e-05 794162169.4403464 2.6947000000000005
5132.9756 95.188644 14.230222 1.2293079 1548.9418 22.250568 16.400258217208382 115.40220641718136 0.9472028548825199 0.33744061426349004 6.893520396484877e-06 0.048943010937569933 0.017421090887517834 6.487609332367882e-07 0.00042418933647047583 0.0004741829645768941 0.0007880148593583726 0.0011307602128285473 0.00018802388084519716 0.00012362189039628768 794162469.3671074 2.6934
5347.8716 79.69886 14.710973 1.1224116 1573.4126 22.534014 17.202454372945002 117.64575590131216 0.5532033053740433 0.49098419864076254 0.011302492489789222 0.006134945601258595 0.009965285749393066 0.0010625295960412535 0.001271451602247553 0.0003556928632568178 0.0007879798696980804 0.00037709269331419874 0.00018804972470011679 0.00012362608236590365 794162769.2938612 2.7379000000000002
4820.007 77.62202 13.773509 1.3171155 1501.9841 25.510202 17.06697530789799 116.12128817057427 0.790257415238789 0.3376768305656552 0.033865855042824425 0.02452907511368011 0.007470673749239733 nan 0.0014835074150071957 0.00035569675547325255 0.0006895816504525902 0.0005026409537953181 0.00023506405340797108 0.0001236437530744968 794163069.2206221 2.4856000000000003
5326.2373 81.86224 14.807123 1.1453179 1693.1217 21.683674 16.65926018269302 112.36685166446406 0.15814956348645615 0.12281275126287114 0.02258428565672293 0.024509009284952893 9.121360098375553e-07 nan 0.000847792229986554 0.00035569567571198675 0.0011819727348239624 0.0002513322021354577 0.00023509194250487576 0.00021635854813067392 794163369.1473758 2.3976
