json/2023_058.ecsv
# %ECSV 1.0
# ---
# datatype:
# - {name: p1, datatype: float32}
# - {name: p3, datatype: float32}
# - {name: p5, datatype: float32}
# - {name: p7, datatype: float32}
# - {name: de1, datatype: float32}
# - {name: de4, datatype: float32}
# - {name: hrc_shield, datatype: float64}
# - {name: gp1, datatype: float64}
# - {name: gp2a, datatype: float64}
# - {name: gp2b, datatype: float64}
# - {name: gp3, datatype: float64}
# - {name: gp4, datatype: float64}
# - {name: gp5, datatype: float64}
# - {name: gp6, datatype: float64}
# - {name: gp7, datatype: float64}
# - {name: gp8a, datatype: float64}
# - {name: gp8b, datatype: float64}
# - {name: gp8c, datatype: float64}
# - {name: gp9, datatype: float64}
# - {name: gp10, datatype: float64}
# - {name: times, datatype: float64}
# - {name: fi_rate, datatype: float64}
# meta: !!omap
# - comments: [idx = 575]
# - __serialized_columns__:
#     times:
#       __class__: cxotime.cxotime.CxoTime
#       format: secs
#       in_subfmt: '*'
#       out_subfmt: '*'
#       precision: 3
#       scale: utc
#       value: !astropy.table.SerializedColumn {name: times}
# schema: astropy-2.0
p1 p3 p5 p7 de1 de4 hrc_shield gp1 gp2a gp2b gp3 gp4 gp5 gp6 gp7 gp8a gp8b gp8c gp9 gp10 times fi_rate
[from data line 789]
23875.043 3067.4973 392.65317 45.079716 3730.1587 66.113945 17.20270161391882 36.045987207188176 16.06060566251928 6.913798399121621 1.4177488629161925 0.36410617766920883 0.028661508639546456 7.527041923777178e-12 0.0016786746065688878 0.00047417603312521165 0.001083350753458277 0.00020704720893374322 0.0001672929953369344 0.00010253064190125385 793918869.183999 nan
21189.57 2688.8196 372.7741 44.369617 3783.0688 65.759636 17.991344831032205 70.82890709117257 25.452253876913062 12.355246812194997 1.6990655460881186 0.375848684791197 0.01194637744025432 0.003682251725934136 0.0014688430050568526 0.0005926931329850424 0.0012802779577308948 0.0005175454664021467 0.00011711764631987995 0.00016403339716835572 793919169.1107599 nan
22949.117 3121.495 426.90665 49.477734 4242.0635 60.161564 17.20167508993949 84.83897844241625 30.452104775620203 12.944696006240276 2.099371566556121 0.38172137199939876 0.026266052495597294 0.0005277326199134777 0.0014689297139760633 0.0002372649779900518 0.0010834514789536977 0.0002072015134299837 0.00023415254124666012 6.156886110972146e-05 793919469.0375137 nan
23312.564 3329.1797 450.5596 52.9595 3765.873 62.28742 17.733384761111598 89.27524574622845 37.95323883867953 15.064019130967562 2.143035413408209 0.528551972295072 0.02628179692769062 0.0031573811064277155 0.0012589499634841482 0.00023717551118976782 0.001181659938480362 0.0004140964910033586 0.00020077673129373713 0.00014356603128021223 793919769.2938646 nan
22960.654 3217.7224 438.82925 51.982162 3539.6824 62.641724 17.480432678965037 108.73230882450561 34.39429150996991 17.15205597991028 2.6298584268704244 0.5579039387500397 0.050156765017318417 0.0031572916429564233 0.0008394917204754297 0.0004741656277642618 0.0006894661865014529 0.0004140727807151332 0.0002676603859910468 0.00020504906681570928 793920069.2206185 nan
22057.805 3115.265 441.18494 52.4212 3587.3015 68.66496 17.87611191630508 119.50014188171076 37.27237384467211 16.769684971979217 2.5324793687261957 0.5520326851260385 0.042993136692694604 0.0026311755668102497 0.0016787150437394785 0.0003556471071658805 0.0011817827790860935 0.0002070728232742846 0.00020075969765374663 0.00010254288049768366 793920369.1473794 nan
22914.504 3159.9167 458.78043 55.055435 4257.9365 61.862244 17.206469485317992 122.65778182756026 39.544621759624434 16.122626622048863 2.2620038530329287 0.5344203584169677 0.035829508538906714 0.002631400669497066 0.0006300172424137194 0.00035563698315763483 0.001477194612786751 0.00041401975521406084 0.00023419863354722835 0.0001230294164532297 793920669.0741332 nan
23110.65 3174.1086 443.34833 51.33315 3662.6982 62.358276 17.344939059928322 116.09631333009744 34.08802481332118 16.798800188064654 2.467416152133456 0.593120648720443 0.04537605748793239 0.00315766263112245 0.000630102825803951 0.00023732294660496516 0.001181946570404383 0.00041425004315995896 0.00021749843341750623 0.00020502207060120846 793920969.3304842 nan
23251.99 3284.5276 442.19455 52.982407 3726.1907 60.37415 17.73893202192885 97.37476804668454 28.180247065827686 16.26901072411855 2.2295138592003094 0.5520190639107653 0.035829800127044655 0.0026309255333083832 0.0014690137473942347 0.0007112147769060831 0.0013786525916054068 0.0007246244243213512 0.00025093641774920166 0.00012302681390042973 793921269.2572451 nan
26035.537 3273.105 430.17575 49.85951 3962.9631 59.807255 17.213377087019655 101.31444035551321 21.74242401935838 14.29832261760653 2.543289911742141 0.499177840727344 0.04776917917573972 0.0010526530388301903 0.00125932672365227 0.00047418416300594793 0.0006894088666839511 0.0005176232783143499 0.00023421142720124536 8.202498250854218e-05 793921569.183999 nan
44098.3 3840.083 435.41595 50.657413 3765.8728 61.011906 18.279638994006703 91.14577084115321 29.770768212205795 14.94541422658348 2.4350912959868474 0.575504020990406 0.05015705653047839 0.0026308875968940842 0.002308216498779289 0.00023714693711319852 0.001181723352348937 0.0005176202087786367 0.00018403536053174498 0.00018453051477349103 793921869.1107599 nan
25726.895 3542.0562 494.83673 55.112698 3676.5872 65.47619 17.739329110022513 94.99210593949034 30.757095337944637 14.504481456040379 2.12136544424185 0.6107415197398379 0.035833881949716165 0.002105112000608822 0.0016791068973357136 0.0004740615735811832 0.0011818398225061065 0.00031067716692009 0.00020074448299984668 6.157834899128673e-05 793922169.0375136 nan
25204.8 3471.7893 493.731 57.029198 3937.8308 64.3424 17.33672120418576 86.57861279534089 27.346986690499033 13.710291967935321 2.3377098307256823 0.5989488886805819 0.03105346598132771 0.0010522269452109198 0.001468514289758223 0.0005927711694114173 0.0014774477682399784 0.0005175450655021513 8.373261019812958e-05 0.00012301429795634326 793922469.2938646 nan
24653.86 3420.5608 487.76968 55.77698 3678.5713 69.515305 16.543478328594418 84.53936584926431 23.257982799808648 14.739690861096364 2.4675258043316877 0.42284374502226046 0.040602930631667464 0.0005265779376663254 0.0004198924987612706 0.0007112527923162741 0.001871189657960647 0.0003105841587361657 0.00031784083565617594 6.152840423415733e-05 793922769.2206184 nan
24749.049 3427.8296 473.20294 54.81492 3654.762 73.12925 18.136984248048797 88.9094053560612 26.590502913063958 15.239715991127987 2.413426612064706 0.5109124621271054 0.03343930230419639 0.003157140418137116 0.0018885522961240061 0.0005927373972955789 0.0013788768159300807 0.00041408450688974817 0.0001840386633148112 0.00014353344708991538 793923069.1473794 nan
23531.787 3613.7073 550.075 64.94717 3899.471 65.759636 17.343958123448566 84.70234343901056 24.09329621170907 15.827990852680973 2.60799511344349 0.5696543314035962 0.042980016698931534 0.0015802902416944041 0.0012590523832994244 0.0008296443703686084 0.001476659757790596 0.0001036762856652281 0.00023412535948480064 0.00012303757983278998 793923369.4037231 nan
24342.332 3644.8599 575.3144 70.45996 4218.254 65.05102 17.733547103506456 83.52013651250107 27.35000147302879 15.56439167709518 2.294435714599347 0.5755742746215499 0.026274214444888283 0.003683977912309083 0.0010494291483029328 0.0005927818339969592 0.0005911634255700874 0.00031072464859747213 0.00011717104829217205 0.0001230772336935735 793923669.3304842 nan
24740.395 3808.9304 605.0248 70.9639 3662.6982 68.02721 18.000808480886572 96.17756623023233 30.455304558535694 17.592628781243526 2.4241605287734735 0.681190767929955 0.028663841193118187 0.004209371725902796 0.0012590488601880014 0.0007111549582154117 0.0010832844144626104 0.0006210735837157901 0.00025092419265688505 0.00020503769988683082 793923969.2572451 nan
25141.34 3842.16 612.861 73.04074 3923.2803 63.350338 16.941352215265308 93.44469756974195 33.56060756998833 14.386584063696176 2.0887446603099415 0.5167958449587129 0.03821534479198695 0.001578788907405395 0.0006296036215196725 0.00023709037766068432 0.0007878962845014809 0.0003105729161751964 0.00018402302286391845 0.00010253104006593986 793924269.1839988 nan
23771.201 3611.6304 572.57416 68.87942 4123.016 69.515305 17.200271847866144 83.6056720753665 24.094729683066475 13.594094220362866 1.7972118210230084 0.5637572700745852 0.023898876164843656 0.0015801632942090789 0.001049539659836022 0.00047428091253796055 0.0007880658435060596 0.000827754822799449 0.00023411082109042202 0.0001640144512806935 793924569.4403498 nan
25709.588 3993.7693 610.5054 71.10134 3813.492 71.64116 17.741324999156806 85.74555254214971 28.559959426424193 15.768194599934281 2.586190159159295 0.5402435812595557 0.040608174961949774 0.003157059807692432 0.001258979680220247 0.0005925813480101958 0.0009849263477007188 0.00031063834435051573 0.00011714685470937326 0.00012302526328510018 793924869.3671036 nan
27293.18 4197.3003 649.1096 72.94912 3879.6294 65.47619 17.212983532534018 75.43103742657811 27.50194190274327 13.887363401781714 1.948075749694636 0.4698768022938342 0.04776130700686453 0.0021052490825607013 0.0008393852639605687 0.00035581236825785 0.0010833591640168944 0.00041405914662428345 0.00018403565904251415 0.00010253169323813507 793925169.2938646 nan
28080.65 4323.9873 653.0518 76.39271 3730.1587 62.287415 17.067838360379653 84.73485527335862 32.80259793521512 16.41652788391324 2.0130556150955266 0.6401149352480039 0.026273050025338307 0.0021051870275241953 0.0006296666337386943 0.0008297837950593231 0.0010832818077796426 0.0003105599662458468 0.00021747914486838933 0.00010252385743340945 793925469.2206184 nan
28452.752 4400.831 660.26306 73.918816 4248.0156 68.02721 18.26577815173316 86.4287334754597 29.242858934670075 15.887090387473915 2.575688983529412 0.5814025153948938 0.026273050025338307 0.004735656476989741 0.0014689100746604908 0.0005927554487824344 0.0004925046813256151 0.00020706291424681805 0.00020075416813561376 4.101992969033578e-05 793925769.1473793 nan
27570.094 4193.1465 643.82135 72.09394 3851.8518 61.50794 18.26109891140194 89.70712733842774 34.16486435734718 16.445808303002885 1.9158260731757997 0.6342300610716791 0.01672271242327435 0.003158133527916075 0.0020983891271784743 0.00047422282756113854 0.0014769474997664248 0.0005175097733370378 0.00028436915736032293 0.00010250849739489142 793926069.0741403 nan
30010.385 4689.512 703.2422 76.04911 3948.4128 63.562927 17.86597815591509 89.84424813548895 38.10365709670387 18.092550582533214 2.077823141545463 0.516867532463109 0.023880218017404305 0.002105686762767604 0.0018889116463476497 0.0007111260768035608 0.0005914639310616849 0.00010377706120040243 0.00010048813393998988 8.203758350299042e-05 793926369.0008941 nan
31593.977 4909.657 724.1548 76.64468 4325.397 61.437077 17.459608366731096 95.19064667568496 41.436543397175946 16.97653693668516 2.3590669321307898 0.4757222179877566 0.011952499299378118 0.00263080402759067 0.001050044880743266 0.0008297154175895197 0.001082937819366071 0.0006207020542001678 0.00021738169018345986 0.00012300206705374373 793926668.927655 nan
32479.52 5146.4175 752.27875 78.95058 3941.799 67.46032 17.47211623692175 99.61463509234025 40.606059137317864 15.298617079067089 2.4999999435615834 0.505050469538864 0.035826887956906486 0.0042097712986136245 0.0004197183923231973 0.00023709000864952263 0.0007878949202594417 0.0005176225958642075 0.00020075219715462713 0.00018455543202546538 793926969.1839988 nan
33212.184 5316.7183 804.1998 81.31757 3876.9841 63.137756 17.488383793014865 94.12432421560023 32.274760749483704 17.38695654544437 2.067205244007989 0.5578917520615301 0.06448139396223865 0.0031575973502263877 0.000839290325936123 0.00011857479648771078 0.0005909707833340486 0.0005176217998392689 0.00010040050433763698 4.1047414168891025e-05 793927269.1107597 nan
32623.746 5179.647 758.3362 78.545906 3936.5078 71.21599 17.46959810064519 101.95129145888815 42.87360915188801 16.769939963150016 2.2942613269942296 0.5579046555794775 0.03106629480093806 0.0036833359594567986 0.00062965958133793 0.0008294665673103257 0.0010831125790187073 0.00020719836053390635 0.00018398202251667945 0.00010250093691259484 793927569.0375136 nan
32866.043 5171.3394 777.0855 82.37127 4092.5925 63.20862 17.73727817597079 122.2479840924764 43.862917912404185 16.975428947998623 1.7860867297939649 0.557904597414449 0.03343667828358684 0.003157726988783722 0.001258649507732616 0.00047444025812684305 0.0006896972825282306 0.0004139460078198907 0.0003177591490001302 8.203982382105345e-05 793927868.9642745 nan
33748.703 5416.407 795.5463 80.65329 3837.3018 67.602036 18.402787182015842 129.9213609117845 46.44128075478833 18.15288019464247 2.5433337389459902 0.6283925572377131 0.033439302249654294 0.005261804159146917 0.0014688349325836228 0.00023713321634496505 0.0011818287082280064 0.00031059722080253687 0.00020075381264630015 4.102251379667111e-05 793928169.2206184 nan
32364.139 5190.0312 776.50854 80.03482 4023.8096 61.437077 17.208786107512083 153.10348641141235 61.89205344913405 22.09425277571181 2.9003891991970834 0.757559962385386 0.040602926937187436 0.0026311221671955617 0.0006295771706173279 0.00059267957175436 0.0010833616389613286 0.0005175920351698652 0.0002174780932171904 0.00012302658696578076 793928469.1473793 nan
30016.152 4745.5864 713.2418 75.8964 4092.5928 58.531746 17.212605254467856 141.06218659375503 52.200523096086336 17.30096304662699 2.7273360986098494 0.5286251494464443 0.04776655526136716 0.002630704138028011 0.0006294563444431794 0.0008297255141963221 0.0008864467964447816 1.895511552039899e-07 0.00018403382559667913 8.203936153777859e-05 793928769.0741402 nan
28340.256 4471.4434 697.1847 76.18655 3880.9524 61.22449 17.33792089662918 144.25495212199996 48.108560056470544 21.297940781785144 2.3595319598705973 0.6635304696145637 0.033447174455099815 0.002104963900521216 0.001048913267887436 0.0007113353556822653 0.000886377107107979 0.0003103822764177678 0.00018402199915626348 8.202410143633192e-05 793929069.0008941 nan
33766.008 5649.0137 882.3699 88.2582 3916.6667 61.22449 18.261662661014775 142.90073266688833 50.452539026603965 19.830619593322474 2.261987995696037 0.54039197390145 0.019119917808072654 0.0031566035635536673 0.00209777724670558 0.0002374946965103624 0.0008863840943660385 0.0007243168153398353 0.000267598272083823 0.00010251340322946686 793929368.927655 nan
34187.145 5988.231 930.3488 92.72494 4201.058 61.79138 17.589529666306504 152.32530232498755 62.34848494571869 18.47602241279022 2.348484703926921 0.6577402232204234 0.007165376748322785 0.0036837727727294742 0.0008394502565366863 0.00011854528783526591 0.0011818418658632484 0.0005176215730940487 0.00016729380587416853 8.202452769600661e-05 793929669.1839988 nan
35687.086 6251.2983 983.616 99.4136 3924.603 59.09864 17.339579571135168 146.33755571606562 54.77457669352736 20.21140324053172 2.3593047288960913 0.5755427314712802 0.035819887157654995 0.0021054038667024035 0.0010492630431339213 0.0004740916555678345 0.0011818443675371151 0.0003106272133630371 0.00016729357815714464 0.0002665364237694624 793929969.1107597 nan
36563.977 6367.601 1011.88416 103.01753 3965.6084 57.681404 17.747136161188088 144.20951483837803 50.078051724029564 21.476286207917866 2.9542547829977206 0.6694396591442873 0.05015064209298849 0.0021051929763858668 0.0016787750071664543 0.00047418313670052333 0.0009849677558226716 0.0005175225768245914 0.00018401483960036764 0.000123107713557751 793930269.0375135 nan
34908.27 6220.1455 995.4425 101.9791 3859.127 55.909863 17.20224715481121 151.9012029383274 59.617937402384264 20.32936886628612 2.1645655762998084 0.5755355633404624 0.028676378340726973 0.003157477424001093 0.000420084157742614 0.00035572247576216837 0.0004925784113693652 0.00020716209615179642 0.00018399243253696302 0.00012304533159030912 793930569.2938645 nan
35912.082 6340.602 1010.4419 102.94118 4257.9365 62.287415 17.491490685426687 140.88600987755584 50.68164258281573 19.94678599359002 2.3376411342355508 0.6107638010549354 0.06925918976913398 0.002105147702069765 0.0012592504808815318 0.0005926848039106362 0.000886435824635725 0.00051757295980054 0.00010038446553887212 0.0001435445823178103 793930869.2206182 nan
33367.945 5892.0044 938.9062 97.71852 3702.3809 69.940475 17.0640739337236 147.2419339427987 49.24259769051182 17.82903228261015 2.1645232999883643 0.6518624600523771 0.019113795113927128 0.0015790498111678195 0.000839636489071519 0.00023713512383173677 0.0012802935315642302 0.00010357585781660731 0.0001672859637237317 0.00014354355938606 793931169.1473793 nan
