json/2023_113.ecsv
# %ECSV 1.0
# ---
# datatype:
# - {name: p1, datatype: float32}
# - {name: p3, datatype: float32}
# - {name: p5, datatype: float32}
# - {name: p7, datatype: float32}
# - {name: de1, datatype: float32}
# - {name: de4, datatype: float32}
# - {name: hrc_shield, datatype: float64}
# - {name: gp1, datatype: float64}
# - {name: gp2a, datatype: float64}
# - {name: gp2b, datatype: float64}
# - {name: gp3, datatype: float64}
# - {name: gp4, datatype: float64}
# - {name: gp5, datatype: float64}
# - {name: gp6, datatype: float64}
# - {name: gp7, datatype: float64}
# - {name: gp8a, datatype: float64}
# - {name: gp8b, datatype: float64}
# - {name: gp8c, datatype: float64}
# - {name: gp9, datatype: float64}
# - {name: gp10, datatype: float64}
# - {name: times, datatype: float64}
# - {name: fi_rate, datatype: float64}
# meta: !!omap
# - comments: [idx = 575]
# - __serialized_columns__:
#     times:
#       __class__: cxotime.cxotime.CxoTime
#       format: secs
#       in_subfmt: '*'
#       out_subfmt: '*'
#       precision: 3
#       scale: utc
#       value: !astropy.table.SerializedColumn {name: times}
# schema: astropy-2.0
p1 p3 p5 p7 de1 de4 hrc_shield gp1 gp2a gp2b gp3 gp4 gp5 gp6 gp7 gp8a gp8b gp8c gp9 gp10 times fi_rate
[from data line 738]
18094.496 4168.9165 557.4786 34.161015 3485.4497 24.659864 16.667483113603993 158.42713096042866 17.170966957884207 5.596799519758239 0.6679333417512772 0.14258519759444832 0.024167396178031125 nan 0.0008394802586330476 0.00011863211675336221 0.000591044344491682 0.00025219624803172764 4.6906985084232747e-05 0.00021596864105299598 798725169.1107545 nan
18704.568 4338.5254 563.63214 34.33663 3442.4604 22.108845 16.657995439254954 156.80778071092766 18.426926066151292 6.350768234907065 0.6361077822103771 0.08335222371960771 0.007268588610447591 0.0005260836110890018 0.000629825688214484 0.00035551800704640196 0.000984678423402443 0.00012612190409021684 0.00016405374355740092 0.0001234923603488163 798725469.0375154 nan
18293.525 4222.222 548.05585 34.77185 3400.7937 22.7466 16.92701598889017 161.78654237085524 18.51724032847459 5.103226846230888 0.5598105801942124 0.11908616870952063 0.012112919075271164 0.0005263624824477462 0.001049249508257698 0.00035563564755593724 0.0005912124207835521 0.0007557181950023781 0.0001641423265193516 0.00012345949136639597 798725768.9642764 nan
18385.832 4234.683 560.93994 35.68047 3806.8782 20.975056 16.529064607898093 165.35863145141286 16.436260450237572 4.891260081267958 0.47179033541281384 0.095274631078792 0.014523154561896198 0.0010522319807186875 0.00021072788253773014 0.0004740643313662547 0.0008860980625893778 0.0003784720567422082 0.00011728689545390471 6.17895577815741e-05 798726068.8910302 nan
17618.555 4029.0757 524.11444 31.816933 3305.5554 21.258503 16.659140136571988 127.34919360466854 13.987649896176661 4.118468088718437 0.6036620111366189 0.08344597019858946 0.00969960341370183 nan 0.0008390685312714669 0.0004740669756491538 0.0009846816069081455 0.00037805718005914213 0.00016413523143989761 9.261615435227714e-05 798726369.4769711 nan
17341.64 3933.5408 526.1336 33.46619 3248.0159 24.447279 16.264592861542855 105.87275213833131 13.198400466081507 4.023219483238233 0.4275031158409518 0.13087786413226765 0.0169400372587176 7.710843369056287e-07 0.00021084538179853626 0.0003558135607435444 0.0007883349960330478 0.00025242411879691085 0.00018761100479225214 0.00012339749203494214 798726669.403725 nan
17024.346 3977.1545 529.59503 34.382446 3406.0847 22.534014 17.325267451411282 93.77626235341813 11.745793203980458 3.488195721749734 0.285269061291319 0.1071254237932923 0.009679735961603242 0.0010522805080087315 0.0014692577446313016 0.0005925560949085586 0.0013788720723642684 0.0006306661567418066 0.0002811962697394892 6.178932284817201e-05 798726969.3304859 nan
17808.93 4008.3074 492.81757 29.606468 3384.9207 21.471088 16.791274432918453 88.66303710129752 9.674546190762312 3.250186291907269 0.4277553495105534 0.11903663636591595 0.007261821485657298 nan 0.0010493696461934994 0.00023717890322791222 0.0014770731772168113 0.0008828783470067444 0.00016402953127160827 0.0002159561446843711 798727269.2572397 nan
16363.794 3788.1619 506.51898 31.438976 3263.889 22.321428 16.125152578130248 79.8574313327072 10.524561622278728 3.37111507470931 0.5267849192668227 0.09528103689612259 0.007266150537609208 nan 2.919696367633072e-12 0.0005927277579595002 0.0004924377218010172 0.0005046394448982424 0.00014058396416525372 0.00012340787248812292 798727569.1840006 nan
15368.64 3629.6294 512.19183 32.12235 3267.1958 21.54195 17.059109259809272 70.07971025417997 7.2937697899835054 3.0113298845116936 0.5592383584568211 0.08330926228162286 0.009678963695207566 nan 0.0014691725097859092 0.0003556956380765463 0.0009847528252726776 0.0005046593352373569 0.00021085228424922185 0.0001850943494798334 798727869.1107545 nan
15788.334 3653.1672 497.0001 30.969397 3611.111 21.04592 16.924854082171763 70.68530571220296 8.686764070745538 3.0747153380793946 0.4613016511922316 0.10725169898379114 0.007272116014394206 nan 0.0012597934367921777 0.0002371504477348218 0.0003942396625106185 0.0006308318151844606 0.00018743721625278558 9.259561022865327e-05 798728169.0375154 nan
17030.113 4047.7673 523.4414 33.23713 3451.058 26.927439 16.52527175637811 73.19050714821522 8.30867429433546 3.4653184660314285 0.5933757827098496 0.11926557600447196 0.007274627503863428 nan 0.0006303147466216039 0.00011863182174331648 0.000689197806693363 0.00012651769116233628 0.0001640433423047419 6.172932601264925e-05 798728468.9642763 nan
16307.545 3896.1577 523.53754 34.69168 3236.111 25.085035 16.925798317320776 68.1379671185769 8.008714344377541 3.6482083037583575 0.5061000880176822 0.11937942971192024 0.009709499875830772 nan 0.0012591360927471451 0.0004738389581656058 0.0007878068100461382 0.00012615096234290854 9.379600978709317e-05 0.00018499706641163607 798728768.8910302 nan
16567.152 3923.1567 516.9032 33.958675 3313.492 23.384354 16.655759261885116 65.00524341639927 8.011061265751442 3.052106134478676 0.36333593485116655 0.07172664885068947 0.002437955821540879 0.0005258550351033785 0.0006306448422976902 0.00047418720213605127 0.001083006452015936 0.00025215259390417975 0.00025754748147982547 0.00015430030096659432 798729068.8177911 nan
17589.707 4116.9956 549.78656 34.328995 3318.7832 23.667799 17.05622064308301 62.55754971259945 7.868484211540414 2.5766547982185632 0.440632895378025 0.1076020631692205 0.0048598800621445755 7.712404642644909e-07 0.001468555387312318 0.0005925561008437702 0.0010833696214573693 0.0006301512875785036 9.397432129806485e-05 0.0002158868493967682 798729368.7445449 nan
18051.229 4338.5254 553.53644 34.439713 3226.1904 20.833334 16.92512184481937 61.28583755476028 9.019737546204333 2.6649905796167817 0.39666105692719644 0.06582326187800955 0.007289122772254572 nan 0.001260200287482394 0.00047438553419593626 0.0007884069728514079 0.00037881165327812507 0.0002107190573617633 9.277715321399349e-05 798729668.6713059 nan
15918.138 3829.6987 516.61475 32.664467 3136.9048 21.04592 16.790190505252355 62.00182684554222 7.414764841282604 3.089218997740657 0.4193125420243921 0.07783047154178027 0.004872132026594223 nan 0.001049764957784684 0.00047415607366515724 0.0005910501352915106 0.000756525768294532 0.0001406326956206691 0.00012343149210706776 798729969.2572397 nan
17451.252 4150.9175 564.40137 35.016186 3398.1482 25.085035 16.39311952224321 60.364324603015284 9.734091350172726 3.6599356686471944 0.5628388027551932 0.06586904791360336 0.009741238495446199 3.1383054069240397e-12 0.0004199600036075578 0.00035563803564682243 0.00108336996598596 0.0003782701296354231 0.00014064323782669118 0.00012343681981528566 798730269.1840006 nan
18293.525 4361.3706 569.11273 35.75683 3228.1746 22.959185 17.057609407679394 62.13094364521653 10.35132459258199 3.929821988849313 0.6511003417189634 0.1077631303501625 0.007307575717059736 0.001579175177407401 0.0008397918981162698 8.68297906870077e-08 0.000984907445430718 0.0002521790756177891 0.00030471708230598183 9.258996555218751e-05 798730569.1107544 nan
18717.55 4433.0215 570.555 32.870625 3390.8728 27.848639 17.32873204888299 57.34836766731087 9.662169564401319 3.4522109786326878 0.5962641680109381 0.13780439377086 0.014614621993443357 7.712711921276701e-07 0.00188926853336542 0.00011848807141294936 0.00029580011082886554 0.00037809650636466544 0.00018762578088014832 0.00012343689560742914 798730869.0375154 nan
17953.154 4254.7593 521.8068 31.061022 3382.2751 21.825397 16.92779003677198 58.72901863541511 11.836874528011032 4.836739222667729 0.5305573600777874 0.12596735825867178 0.012197657883730763 0.000526142504492613 0.00105048195981915 0.00011854642388911988 0.0010827935753708008 0.0001262399267101298 0.0002109927643310748 3.093064571567009e-05 798731168.9642763 nan
15788.335 3751.8171 550.075 38.894997 3398.8096 20.408163 16.79177997901763 58.319336798191316 13.554241616017267 4.81281213397695 0.575365539240309 0.1021429752749137 0.007328328709020546 5.141897291478272e-07 0.001049902686123118 0.0005922691182939344 0.0009849710608828333 0.0003779222317564244 0.0003281234359280568 3.0862551899519816e-05 798731468.8910301 nan
15178.262 3678.089 582.9583 45.744 3507.9365 22.321428 16.66244405410563 62.396992282925964 15.642992316561962 5.053103556894809 0.4868681777077214 0.10804731791681613 0.01464296939678265 0.0005258887588773801 0.0006304221208891906 0.00023752612451060533 0.0010832489387427782 0.0002522696686843884 0.00016431556494765843 9.251214404149574e-05 798731768.8177911 nan
20479.98 5403.946 846.602 62.81687 3903.439 28.061226 16.923382470051877 62.75827228303432 14.093657434071432 5.803415047653602 0.6193672931117593 0.13803533491308181 0.004885196947641271 0.0005264944388377364 0.0010498331262932836 0.00035563548075183014 0.0010830811988927031 0.0005045563151225953 0.0001406962196430011 0.00012346703844562094 798732069.4037249 nan
25336.523 6368.986 973.2959 89.18718 5467.2617 23.756376 16.92460684171978 64.99188892257149 14.96609474514008 5.29995459919447 0.5095943210243243 0.12021449720781903 0.007334566734184507 0.0005262466131346997 0.001049705271814167 0.00035563869076050275 0.0006896059426186911 0.0008822128534151102 0.0001875672438907663 0.00015431838160241776 798732369.3304858 nan
24488.623 6157.77 935.7161 72.24159 4631.37 29.190039 16.655616441182552 65.27699375637314 12.807824126345814 4.823222252733221 0.45463370808071396 0.09627710346298915 0.0024485847156854334 2.5706382444142667e-07 0.0008397958187780292 0.00035558225726168457 0.0010832916967506497 0.000252305641200671 0.00023439509783110496 0.00018513730578379907 798732669.2572396 nan
25481.07 6380.0625 987.4407 97.50983 6140.2114 31.037415 16.79132164471323 66.79622828405083 12.893403884351766 4.916507284621975 0.4327351052791287 0.10236573871249147 0.007345823637832746 0.0010529711279104606 0.0006298922703160468 0.00011854575655795188 0.0007879073687724949 0.0006306418072199812 0.0002812236344154484 0.00015427670500483734 798732969.1840006 nan
25779.527 6319.321 976.47284 63.513676 3962.2202 18.77213 16.792864768528435 64.00181050722925 14.93316342443844 4.681855002990086 0.43331791267359115 0.10248664287753591 0.009812064291176308 0.0005266537172496343 0.0008398249112478674 0.000237064373781637 0.0012802268479230826 0.0006306601063319595 0.0001875022035044633 6.173329363483506e-05 798733269.1107544 nan
25866.46 6308.308 983.2082 94.31043 6088.276 30.776344 16.52780362002119 61.57456057462696 11.203523881931687 4.079149903304824 0.5111063822056394 0.11457072602460983 0.009809129413840267 1.799591059503669e-06 0.0006313560770021542 0.0004739840390871608 0.000689417447866103 0.000630834850620654 0.00011742100021125412 0.00015438521603836075 798733569.6966953 nan
25718.537 6192.614 917.8197 67.02283 4327.346 21.004892 17.32530629836146 65.96346939480894 11.91672917297047 4.44501087665853 0.4561317346000564 0.10859244737746596 0.009818099809739045 0.0010530178833902861 0.0014689034329578824 0.00035598648332325867 0.0006901389779477034 0.0007557919029718225 0.0002575301125725631 0.00021590419606707376 798733869.6234564 nan
24745.545 5895.04 827.0236 56.40405 3951.6611 21.929825 16.925703222740164 75.79450551034269 16.298910670492795 5.0569665988260315 0.5346893776698505 0.08464340314692184 0.009831078107992854 0.0010517523059009085 0.0008398870193078741 0.0005925897494757581 0.0011816218799459792 0.00012643623625059844 7.036298236573246e-05 0.00015423921704332358 798734169.5502101 nan
30303.94 6697.766 890.5648 57.5349 4305.764 22.73541 16.66022123157608 82.93947192751142 18.489422915800336 5.242692726116962 0.5461114791808 0.09678077459656256 0.009841682633975387 5.14224530526412e-07 0.0008404417390182565 0.0004739509253950681 0.0009847884742456307 0.0003783144391278764 0.00011725699475965292 0.0001233549307065613 798734469.476971 nan
35413.316 7406.2847 948.54285 53.157993 3515.57 21.175138 17.18980614594421 93.76462758861521 17.383048518390577 6.172553672015461 0.559321141696473 0.1031817988062112 0.0049424673646869 0.0005261761858593656 0.001469616360163714 0.00023709607293449458 0.0008864732827868256 0.00025236565959840004 0.00021082187536985395 6.168657638243231e-05 798734769.4037249 nan
33176.24 7157.121 924.81647 61.01314 4114.4526 29.090582 16.927553662465723 101.96868641799817 20.051081235147148 6.874279917341126 0.7272556036026223 0.1092665616098214 0.01234405405694956 nan 0.0012595830150523425 0.00023715205570475062 0.0009852673300381795 0.00037842404614475017 9.375816198505074e-05 3.0902389871826687e-05 798735069.3304858 nan
30265.107 6769.4434 904.6989 59.955925 4170.8438 21.034729 16.659902322418397 97.70361579640384 18.816258087396932 6.150750261711897 0.660793849302985 0.0790155261938824 0.00988280292083017 nan 0.0008401080195774324 0.000355613840682649 0.0017725776100730745 0.0005043178712766246 0.00011720180421828182 0.0001234540549073839 798735369.2572396 nan
40708.496 8908.059 1090.9889 58.00451 3444.1814 18.573217 17.32611084947017 93.13698857713271 16.754003242426755 7.055808322969976 0.6936622080429572 0.07893293515845969 0.009866886094994708 8.368128961757278e-13 0.0018896243973945755 0.0002370917127273563 0.0008863980274476161 0.00037810735855555843 9.379429148208135e-05 0.00018518831248844747 798735669.1840005 nan
54574.824 12714.008 1605.811 95.63199 4062.4478 23.977354 16.39049011249731 91.19076872108526 17.23741110470072 6.17721200536361 0.4030567793365824 0.09106955726645118 0.004940270049545249 0.0005263486111244699 0.00021035816618104343 0.0009482000065796868 0.0011817916699915628 0.0002519703293896831 0.0001172832120604479 6.177299208271224e-05 798735969.1107544 nan
45448.254 10780.894 1440.233 84.79934 4083.3333 22.108845 16.787144915654498 102.41398277256094 19.608637547108284 7.340855899632299 0.49300093248583177 0.07905751197168889 2.411659653402988e-06 0.0005264653339942668 0.0008395214962499624 0.00035593200400800844 0.001083427717658288 0.000503779611337692 0.00014073056543003332 0.00015430906170961126 798736269.0375153 nan
24341.814 6183.9517 919.5948 56.709877 3835.2827 24.510681 16.39207190567749 100.98072540634504 17.96706284265412 5.576633743774327 0.49321021177357793 0.09729927703708285 0.007418674058751673 3.855899112521072e-07 0.00042019984088711635 0.00023718109584581516 0.0007881238890452193 0.0003780561819164086 0.0003751135278883158 6.180651456788473e-05 798736568.9642762 nan
24131.1 6054.0513 916.3479 56.850353 3652.6733 19.569012 17.59125532349818 106.10465406497198 17.03341928630641 6.278586917164343 0.5605374654629083 0.07302679145194385 0.009894139315792288 0.0010519865593429244 0.001888206486044332 0.00023709455349019023 0.00029594926752308593 0.0003780136890172667 9.40864922512703e-05 9.257422444816911e-05 798736868.8910301 nan
21024.883 5284.094 791.5532 66.62628 4747.401 24.179993 16.528102074113693 123.19466958306047 19.255793823798037 6.653699713445658 0.6734147691909813 0.10964461701666069 0.01237562431189294 0.0005270274759162086 0.00042032990960672885 0.0004737286692927645 0.0008863062795130716 0.0008815632758394412 0.00018755696817151016 0.00024677800814693936 798737169.476971 nan
18466.293 4534.2954 713.35315 44.94187 3659.906 25.919626 16.922955927608143 134.58422913600074 23.98778378372064 7.636321078080643 0.5505923038925855 0.1036337791956424 0.0049591736694637074 0.0010521918502904319 0.0008396711462961097 1.7365418710334275e-07 0.0007884906994631097 0.00025240583340754256 0.0001407583680694057 9.257731870177168e-05 798737469.4037248 nan
16924.451 4209.9795 663.011 44.158638 3489.8586 23.644178 16.5251692860642 141.55020541183845 23.411629624187277 7.89806683703042 0.6082118536693798 0.1039132997818494 0.007458415021588758 5.141961555133433e-07 0.0006297867502761938 0.00023721355082947845 0.0015755365391911618 0.0007559639321070667 0.000211053197238304 6.17483184945668e-05 798737769.3304858 nan
