json/2023_195_txings.ecsv
# %ECSV 1.0
# ---
# datatype:
# - {name: time, datatype: float64}
# - {name: fi_rate, datatype: float64}
# - {name: bi_rate, datatype: float64}
# - {name: fi_rate_limit, datatype: int64}
# - {name: bi_rate_limit, datatype: int64}
# schema: astropy-2.0
time fi_rate bi_rate fi_rate_limit bi_rate_limit
805729599.609 258.39 0.0 400 25
805729800.509 262.86 0.0 400 25
805729999.359 254.33 0.0 400 25
805730200.259 255.11 0.0 400 25
805730399.109 253.94 0.0 400 25
805730600.009 253.2 0.0 400 25
805730800.909 251.24 0.0 400 25
805730999.759 266.5 0.0 400 25
805731200.659 257.58 0.0 400 25
805731399.509 247.8 0.0 400 25
805731600.409 250.88 0.0 400 25
805731799.259 259.45 0.0 400 25
805732000.159 259.32 0.0 400 25
805732201.059 241.85 0.0 400 25
805732399.909 261.86 0.0 400 25
805732600.809 258.61 0.0 400 25
805732799.659 262.35 0.0 400 25
805733000.559 255.67 0.0 400 25
805733201.459 251.1 0.0 400 25
805733400.309 253.77 0.0 400 25
805733601.209 248.95 0.0 400 25
805733800.059 261.91 0.0 400 25
805734000.959 254.61 0.0 400 25
805734199.809 255.29 0.0 400 25
805734400.709 267.13 0.0 400 25
805734601.609 269.23 0.0 400 25
805734800.459 260.06 0.0 400 25
805735001.359 257.71 0.0 400 25
805735202.259 257.52 0.0 400 25
805735401.109 257.46 0.0 400 25
805735602.009 257.07 0.0 400 25
805735800.859 263.67 0.0 400 25
805736001.759 248.99 0.0 400 25
805736200.609 258.85 0.0 400 25
805736401.509 258.92 0.0 400 25
805736600.359 256.02 0.0 400 25
805736801.259 268.9 0.0 400 25
805737002.159 254.39 0.0 400 25
805737201.009 256.59 0.0 400 25
805737401.909 259.94 0.0 400 25
805737602.809 257.66 0.0 400 25
805737801.659 257.53 0.0 400 25
805738002.559 265.29 0.0 400 25
805738201.409 257.17 0.0 400 25
805738402.309 267.8 0.0 400 25
805738601.159 252.65 0.0 400 25
805738802.059 265.3 0.0 400 25
805739002.959 254.66 0.0 400 25
805739201.809 251.19 0.0 400 25
805739402.709 256.44 0.0 400 25
805739601.559 267.29 0.0 400 25
805739802.459 256.88 0.0 400 25
805740001.309 257.38 0.0 400 25
805740202.209 264.61 0.0 400 25
805740403.109 255.47 0.0 400 25
805740601.959 253.0 0.0 400 25
805740802.859 258.11 0.0 400 25
805741001.709 261.43 0.0 400 25
805741202.609 262.26 0.0 400 25
805741403.509 271.62 0.0 400 25
805741602.359 249.6 0.0 400 25
805741803.259 258.74 0.0 400 25
805742002.109 266.08 0.0 400 25
805742203.009 266.66 0.0 400 25
805742401.859 251.65 0.0 400 25
805742602.759 262.21 0.0 400 25
805742803.659 262.44 0.0 400 25
805743002.509 259.87 0.0 400 25
805743203.409 269.73 0.0 400 25
805743402.259 261.77 0.0 400 25
805743603.159 255.63 0.0 400 25
805743804.06 261.16 0.0 400 25
805744002.91 261.95 0.0 400 25
805744203.81 257.96 0.0 400 25
805744402.66 256.96 0.0 400 25
805744603.56 265.25 0.0 400 25
805744802.41 265.47 0.0 400 25
805745003.31 264.88 0.0 400 25
805745204.21 260.61 0.0 400 25
805745403.06 267.55 0.0 400 25
805745603.96 265.43 0.0 400 25
805745802.81 268.06 0.0 400 25
805746003.71 264.14 0.0 400 25
805746204.61 267.25 0.0 400 25
805746403.46 273.81 0.0 400 25
805748937.26 270.1 20.96 400 25
805749138.16 271.22 19.53 400 25
805749337.01 248.15 19.58 400 25
805749537.91 275.35 20.91 400 25
805749738.81 265.12 19.5 400 25
805749937.66 271.05 19.67 400 25
805750138.56 272.44 21.99 400 25
805750337.41 269.35 20.02 400 25
805750538.31 276.08 19.7 400 25
805750737.16 254.34 20.5 400 25
805750938.06 274.71 19.97 400 25
805751138.96 257.85 19.77 400 25
805751337.81 285.65 21.34 400 25
805751538.71 245.42 21.94 400 25
805751737.56 267.54 19.42 400 25
805751938.46 281.62 20.85 400 25
805752139.36 261.5 20.86 400 25
805752338.21 267.2 19.35 400 25
805752539.11 279.22 19.26 400 25
805752737.96 265.28 19.87 400 25
805752938.86 264.5 19.29 400 25
805753137.71 262.47 19.9 400 25
805753338.61 269.2 18.81 400 25
805753539.51 276.46 20.25 400 25
805755138.51 250.21 20.3 400 25
805755339.41 257.15 18.79 400 25
805755540.31 245.82 18.91 400 25
805755739.16 257.54 19.87 400 25
805755940.06 249.19 18.39 400 25
805756138.91 253.97 19.19 400 25
805756339.81 243.61 19.21 400 25
805756538.66 260.28 20.09 400 25
805756739.56 252.51 20.4 400 25
805756940.46 264.44 20.61 400 25
805757139.31 255.99 19.26 400 25
805757340.21 243.47 20.59 400 25
805757539.06 263.55 19.26 400 25
805757739.96 250.39 21.33 400 25
805757940.86 249.18 20.0 400 25
805758139.71 242.36 19.09 400 25
805758340.61 262.23 20.73 400 25
805758539.46 259.81 20.65 400 25
805758740.36 254.64 20.04 400 25
805758939.21 266.37 19.5 400 25
805759140.11 259.4 20.53 400 25
805759341.01 250.91 19.95 400 25
805759539.861 245.81 20.15 400 25
805759740.761 253.38 19.81 400 25
805759939.611 258.88 19.51 400 25
805760140.511 237.09 19.51 400 25
805760341.411 245.21 18.82 400 25
805760540.261 247.77 20.64 400 25
805760741.161 247.71 19.08 400 25
805760940.011 243.58 20.83 400 25
805761140.911 247.62 21.03 400 25
805761339.761 244.92 19.74 400 25
805761540.661 264.2 20.78 400 25
805761741.561 250.01 19.47 400 25
805761940.411 253.31 20.0 400 25
805762141.311 274.62 19.59 400 25
805762342.211 250.55 18.96 400 25
805762541.061 246.8 19.91 400 25
805762741.961 257.66 19.89 400 25
805762940.811 262.2 20.26 400 25
805763141.711 245.32 19.39 400 25
805763340.561 245.24 20.0 400 25
805763541.461 233.03 19.26 400 25
805763740.311 237.67 19.24 400 25
805763941.211 252.4 19.52 400 25
805764142.111 235.98 18.82 400 25
805764340.961 255.02 19.78 400 25
805764541.861 239.79 19.28 400 25
805764740.711 239.79 19.25 400 25
805764941.611 248.02 19.97 400 25
805765142.511 248.52 20.01 400 25
805765341.361 240.23 20.24 400 25
805765542.261 248.93 21.7 400 25
805765741.111 243.71 20.07 400 25
805765942.011 241.48 20.4 400 25
805766140.861 245.07 18.89 400 25
805766341.761 242.05 19.32 400 25
805766542.661 249.27 19.48 400 25
805766741.511 249.28 20.86 400 25
805766942.411 240.74 19.42 400 25
805767141.261 240.88 19.84 400 25
805767342.161 236.29 19.91 400 25
805767543.061 238.36 18.84 400 25
805767741.911 236.25 19.19 400 25
805767942.811 237.14 20.05 400 25
805768141.661 242.18 20.98 400 25
805768342.561 230.5 20.21 400 25
805768541.411 251.58 19.5 400 25
805768742.311 239.44 19.12 400 25
805768943.211 255.0 19.25 400 25
805769142.061 243.31 19.07 400 25
805769342.961 235.74 21.08 400 25
805769543.861 248.14 20.33 400 25
805769742.711 235.96 18.9 400 25
805769943.611 253.16 19.03 400 25
805770144.511 248.1 20.01 400 25
805770343.361 246.39 19.35 400 25
805770542.211 243.46 19.94 400 25
805770743.111 236.72 20.47 400 25
805770941.961 243.18 19.61 400 25
805771142.861 240.17 19.85 400 25
805771343.761 242.49 19.77 400 25
805771542.611 242.45 18.92 400 25
805771743.511 245.83 20.02 400 25
805771942.361 229.04 20.12 400 25
805772143.261 236.45 20.37 400 25
805772344.161 240.33 19.1 400 25
805772543.011 235.3 18.65 400 25
805772743.911 244.27 19.65 400 25
805772942.761 238.73 19.53 400 25
805773143.661 240.06 19.84 400 25
805773344.561 236.73 18.94 400 25
805773543.411 240.43 19.77 400 25
805773744.311 244.26 19.8 400 25
805773945.211 257.76 20.5 400 25
805774144.061 242.15 20.94 400 25
805774342.911 247.76 19.68 400 25
805774543.811 245.11 18.91 400 25
805774744.711 243.09 19.15 400 25
805774943.562 238.18 19.65 400 25
805775144.462 221.03 19.97 400 25
805775343.312 233.32 20.15 400 25
805775544.212 239.29 19.15 400 25
805775743.062 241.96 19.9 400 25
805775943.962 237.15 19.21 400 25
805776144.862 231.15 19.56 400 25
805776343.712 237.42 19.29 400 25
805776544.612 242.24 20.46 400 25
805776743.462 242.22 20.02 400 25
805776944.362 244.37 19.82 400 25
805777145.262 217.03 18.63 400 25
805777344.112 233.28 17.3 400 25
805777545.012 241.05 19.57 400 25
805777743.862 248.47 19.78 400 25
805777944.762 237.23 18.58 400 25
805778143.612 228.25 18.61 400 25
805778344.512 227.56 20.32 400 25
805778545.412 225.87 18.94 400 25
805778744.262 245.18 20.25 400 25
805778945.162 229.41 19.21 400 25
805779144.012 238.64 19.17 400 25
805779344.912 225.82 18.87 400 25
805779545.812 237.67 19.46 400 25
805779744.662 243.85 18.96 400 25
805779945.562 224.64 18.4 400 25
805780144.412 225.98 18.86 400 25
805780345.312 239.47 19.7 400 25
805780544.162 242.2 21.09 400 25
805780745.062 228.83 18.95 400 25
805780945.962 242.46 18.99 400 25
805781144.812 228.73 19.65 400 25
805781345.712 226.71 19.3 400 25
805781544.562 219.48 20.29 400 25
805781745.462 240.19 19.23 400 25
805781946.362 234.9 18.32 400 25
805782145.212 243.96 18.38 400 25
805782346.112 231.47 19.75 400 25
805782544.962 226.01 18.96 400 25
805782745.862 236.04 19.06 400 25
805782944.712 231.39 19.76 400 25
805783145.612 234.5 19.52 400 25
805783346.512 233.94 18.39 400 25
805783545.362 239.5 19.45 400 25
805783746.262 238.51 18.17 400 25
805783945.112 237.28 19.75 400 25
805784146.012 238.7 18.86 400 25
805784346.912 240.22 20.36 400 25
805784545.762 226.93 18.28 400 25
805784746.662 227.9 18.34 400 25
805784945.512 233.7 19.23 400 25
805785146.412 224.83 18.29 400 25
805785345.262 234.62 19.42 400 25
805785546.162 240.29 18.98 400 25
805785747.062 229.57 20.04 400 25
805785945.912 225.24 18.89 400 25
805786146.812 237.27 18.8 400 25
805786345.662 231.89 19.53 400 25
805786546.562 219.86 18.47 400 25
805786747.462 222.83 18.39 400 25
805786946.312 224.57 19.0 400 25
805787147.212 225.57 18.32 400 25
805787346.062 248.18 20.24 400 25
805787546.962 236.64 18.16 400 25
805787745.812 236.7 19.14 400 25
805787946.712 242.33 18.89 400 25
805788147.612 224.29 18.85 400 25
805788346.462 234.12 20.29 400 25
805788547.362 231.56 20.48 400 25
805788748.262 244.94 19.35 400 25
805788947.112 246.11 19.41 400 25
805791146.763 241.22 17.66 400 25
805791347.663 253.14 18.49 400 25
805791548.563 227.09 18.31 400 25
805791747.413 242.04 18.21 400 25
805791948.313 229.04 18.04 400 25
805792147.163 224.44 17.58 400 25
805792348.063 224.11 19.05 400 25
805792546.913 239.59 17.42 400 25
805792747.813 241.48 17.84 400 25
805792948.713 230.74 17.27 400 25
805793147.563 231.79 18.44 400 25
805793348.463 236.36 18.23 400 25
805793547.313 240.41 17.63 400 25
805793748.213 240.95 17.68 400 25
805793949.113 228.88 18.2 400 25
805794147.963 265.14 17.81 400 25
805794348.863 235.4 17.9 400 25
805794547.713 243.95 18.36 400 25
805794748.613 221.13 18.24 400 25
805794947.463 249.28 18.24 400 25
805795148.363 233.34 18.22 400 25
805795349.263 230.17 17.96 400 25
805795548.113 234.96 18.56 400 25
805795749.013 241.62 18.87 400 25
805795947.863 234.71 18.49 400 25
805796148.763 236.8 18.22 400 25
805796349.663 232.68 18.54 400 25
805796548.513 233.99 19.2 400 25
805796749.413 232.27 18.44 400 25
805796948.263 252.02 17.98 400 25
805797149.163 240.01 18.28 400 25
805797348.013 234.85 17.6 400 25
805797548.913 237.13 19.43 400 25
805797749.813 233.81 18.33 400 25
805797948.663 230.18 18.47 400 25
805798149.563 240.42 18.13 400 25
805798348.413 235.48 18.44 400 25
805798549.313 231.36 17.97 400 25
805798750.213 244.57 18.33 400 25
805798949.063 247.7 19.11 400 25
805799149.963 245.65 18.77 400 25
805799348.813 238.02 18.59 400 25
805799549.713 237.19 17.87 400 25
805799750.613 235.59 17.67 400 25
805799949.463 240.95 18.76 400 25
805800150.363 237.88 18.12 400 25
805800349.213 232.74 17.88 400 25
805800550.113 236.48 18.6 400 25
805800748.963 244.0 18.62 400 25
805800949.863 229.51 17.22 400 25
805801150.763 237.97 18.54 400 25
805801349.613 233.72 18.13 400 25
805801550.513 241.15 18.15 400 25
805801749.363 240.21 18.25 400 25
805801950.263 223.53 18.51 400 25
805802149.113 233.27 18.43 400 25
805802350.013 254.27 17.86 400 25
805802550.913 241.99 18.46 400 25
805802749.763 234.08 18.44 400 25
805802950.663 235.44 17.72 400 25
805803149.513 228.84 17.91 400 25
805803350.413 223.62 18.0 400 25
805803551.313 235.41 17.49 400 25
805803750.163 235.66 18.67 400 25
805803951.063 241.22 18.78 400 25
805804149.913 242.22 18.23 400 25
805804350.813 245.35 18.36 400 25
805804549.663 237.7 18.41 400 25
805804750.563 246.49 18.79 400 25
805804951.463 233.84 18.38 400 25
805805150.313 239.91 17.78 400 25
805805351.213 237.73 18.05 400 25
805805552.113 237.15 18.34 400 25
805805750.963 235.64 19.11 400 25
805805951.863 230.8 17.74 400 25
805806150.714 250.81 19.07 400 25
805806351.614 241.29 18.94 400 25
805806550.464 248.38 18.42 400 25
805806751.364 239.64 17.93 400 25
805806952.264 245.9 18.56 400 25
805807151.114 226.83 18.46 400 25
805807352.014 242.71 18.47 400 25
805807550.864 241.66 18.72 400 25
805807751.764 251.08 18.55 400 25
805807950.614 236.7 18.2 400 25
805808151.514 242.41 18.49 400 25
805808352.414 248.95 19.06 400 25
805808551.264 248.89 19.29 400 25
805808752.164 233.61 18.03 400 25
805808951.014 235.66 18.01 400 25
805824487.965 241.93 0.0 400 25
805824688.865 243.55 0.0 400 25
805824889.765 252.11 0.0 400 25
805825088.615 253.95 0.0 400 25
805825289.515 251.88 0.0 400 25
805825488.365 247.08 0.0 400 25
805825689.265 249.98 0.0 400 25
805825888.115 241.19 0.0 400 25
805826089.015 250.7 0.0 400 25
805826289.915 247.02 0.0 400 25
805826488.765 250.59 0.0 400 25
805826689.665 237.47 0.0 400 25
805826888.515 244.79 0.0 400 25
805827089.415 247.08 0.0 400 25
805827290.315 235.88 0.0 400 25
805827489.165 252.71 0.0 400 25
805827690.065 247.67 0.0 400 25
805827888.915 244.8 0.0 400 25
805828089.815 243.34 0.0 400 25
805828288.665 251.94 0.0 400 25
805828489.565 249.7 0.0 400 25
805828690.465 242.56 0.0 400 25
805828889.315 251.12 0.0 400 25
805829090.215 253.61 0.0 400 25
805829289.065 247.12 0.0 400 25
805829489.965 244.46 0.0 400 25
805829690.865 241.78 0.0 400 25
805829889.715 235.55 0.0 400 25
805830090.615 257.63 0.0 400 25
805830289.465 251.5 0.0 400 25
805830490.365 248.81 0.0 400 25
805830689.215 244.82 0.0 400 25
805830890.115 255.42 0.0 400 25
805831091.015 246.86 0.0 400 25
805831289.865 245.37 0.0 400 25
805831490.765 258.76 0.0 400 25
805831689.615 249.67 0.0 400 25
805831890.515 250.72 0.0 400 25
805832091.415 241.31 0.0 400 25
805832290.265 249.8 0.0 400 25
805832491.165 252.84 0.0 400 25
805832690.015 272.96 0.0 400 25
805832890.915 251.4 0.0 400 25
805833091.815 256.3 0.0 400 25
805833290.665 256.96 0.0 400 25
805833491.565 248.38 0.0 400 25
805833690.415 244.9 0.0 400 25
805833891.315 256.09 0.0 400 25
805834090.165 257.3 0.0 400 25
805834291.065 255.86 0.0 400 25
805834491.965 250.57 0.0 400 25
805834690.815 253.22 0.0 400 25
805834891.715 256.89 0.0 400 25
805835090.565 248.31 0.0 400 25
805835291.465 250.22 0.0 400 25
805835492.365 254.4 0.0 400 25
805835691.215 257.76 0.0 400 25
805835892.115 263.39 0.0 400 25
805836090.965 250.67 0.0 400 25
805836291.865 259.57 0.0 400 25
805836490.715 250.46 0.0 400 25
805836691.615 251.04 0.0 400 25
805836892.515 251.4 0.0 400 25
805837091.365 252.91 0.0 400 25
805837292.265 245.29 0.0 400 25
805837491.116 256.54 0.0 400 25
805837692.016 249.45 0.0 400 25
805837892.916 254.83 0.0 400 25
805838091.766 248.66 0.0 400 25
805838292.666 249.91 0.0 400 25
805838491.516 261.15 0.0 400 25
805838692.416 260.88 0.0 400 25
805838891.266 259.23 0.0 400 25
805839092.166 250.66 0.0 400 25
805839293.066 259.19 0.0 400 25
805839491.916 259.0 0.0 400 25
805839692.816 266.67 0.0 400 25
805839891.666 259.58 0.0 400 25
805840092.566 258.06 0.0 400 25
805840293.466 256.82 0.0 400 25
805840492.316 260.86 0.0 400 25
805840693.216 262.69 0.0 400 25
805877367.718 257.12 20.4 400 25
805877568.618 259.86 21.13 400 25
805877767.468 270.78 19.98 400 25
805877968.368 275.29 20.73 400 25
805878169.268 259.73 20.28 400 25
805878368.118 286.9 20.66 400 25
805878569.018 271.82 19.3 400 25
805878767.868 250.98 19.07 400 25
805878968.768 265.62 21.68 400 25
805879167.618 258.72 21.96 400 25
805879368.518 274.11 21.15 400 25
805879569.418 273.17 19.57 400 25
805879768.268 281.25 20.19 400 25
805879969.168 283.35 20.21 400 25
805880168.018 282.82 19.61 400 25
805880368.918 287.05 20.96 400 25
805880567.768 286.48 20.41 400 25
805880768.668 297.29 19.89 400 25
805880969.568 273.84 21.01 400 25
805881168.418 269.27 19.74 400 25
805881369.318 289.67 20.11 400 25
805881568.168 264.04 21.9 400 25
805881769.068 281.2 20.01 400 25
805881969.968 277.27 20.37 400 25
805882168.818 276.76 20.16 400 25
805882369.718 289.78 20.64 400 25
805882568.568 268.31 21.7 400 25
805882769.468 268.02 20.56 400 25
805882968.318 253.37 19.73 400 25
805883169.218 306.55 20.72 400 25
805883370.118 279.77 20.35 400 25
805883568.968 259.04 19.62 400 25
805883769.868 266.76 19.07 400 25
